firms,mom1,clusters
11157,0.0511182108626198,0
47730,0.0036978341257263,269
13777,0.0036764705882352,106
38746,-0.35,0
60871,-0.0013707721761326,253
14198,-0.0561250640697079,186
14702,-0.0506045678459471,420
15537,-0.0310817031070195,106
68830,-0.0222098833981122,0
85914,-0.1156976744186045,0
49373,0.0213502596653203,423
18570,-0.0270891898798876,246
18973,0.0505464480874318,82
19271,-0.0293296089385475,0
29938,-0.0211166213405855,0
10866,-0.0155957579538367,0
25320,0.0129236071223435,2
21742,-0.0978298914945747,133
11267,-0.0447660720296196,86
86474,0.0303738317757009,0
22825,-0.0395125553914327,480
26201,-0.0893632416787264,0
65541,0.016091467287741,109
27562,-0.0515571449858441,133
27909,0.0748299319727892,0
63546,-0.1127601226004193,0
49154,0.0044115330077201,110
19350,0.036013095671153,87
49429,0.064712389380531,0
61313,-0.0702967444540477,169
30737,-0.0764568764568764,0
80971,0.4598853868194841,0
12008,-0.0097357440890125,0
31500,-0.0283149171270717,466
33209,-0.0196078431372549,0
50788,0.0293908086925542,112
77462,0.0119617224880383,0
37058,-0.1027027027027027,353
62228,-0.0068307874158938,0
59010,-0.0016769144773617,0
83233,-0.0502489814395653,130
32678,-0.0015507883173945,27
23077,0.027882037533512,2
27828,-0.1881594372801875,0
66181,0.0167301639887362,0
32870,0.0099179206566348,127
42922,0.0043706293706293,170
12503,-0.1109530583214793,0
89757,0.1293926833663723,0
47571,-0.0088105726872246,0
16678,0.0713678844519964,410
48291,-0.0329565217391304,0
48347,0.1086807928913191,0
64282,-0.0278116118554607,0
27617,0.1910433539780849,0
60097,-0.0357142857142857,32
52813,0.0025856496444731,247
60548,0.0145251396648045,276
53197,0.0422245108135941,24
56777,0.0435211267605635,0
57809,0.008198121263877,27
57817,0.0288147879666547,86
79611,-0.0602016607354685,0
59185,-0.0319792566983578,106
34948,-0.01718334809566,0
60709,-0.0588235294117646,0
35051,-0.0083477713025673,82
18403,-0.0115273775216137,0
35238,-0.018664047151277,0
13936,0.1736022193768671,491
49971,-0.0187807881773397,250
64785,0.0194842406876791,0
62033,-0.072714916751614,0
91556,-0.056355472983434,0
50948,-0.0067621320604615,497
70923,0.0417302798982188,0
42585,-0.0079925865863547,331
76081,0.0470814977973568,101
60580,0.0613373554550025,10
37807,-0.0012477718360071,424
80179,0.0194672131147539,0
80857,-0.0024483133841131,0
59627,0.0168776371308017,0
55976,0.0165311653116531,0
82924,-0.055930359085963,2
83011,0.0513986809188082,73
15456,-0.0563380281690141,463
79672,0.0405797101449274,0
40539,-0.0705514623799954,0
10025,0.0551246080211256,0
10182,-0.0208037762367572,0
10259,-0.1013615733736762,0
10501,0.1517275913870805,0
77420,-0.0484550561797751,141
10514,-0.0633608815426997,0
10659,-0.0286913925822251,0
10645,0.0319327731092435,0
75527,-0.0361445783132529,0
89105,0.1139850160542277,172
71837,-0.0064620355411955,486
11154,-0.0893854748603353,0
11343,0.0210636643337729,0
11379,-0.1663066954643628,0
11174,-0.0760941279964811,0
75100,0.0216548157724627,487
11081,-0.0624048706240487,226
89609,0.0749999999999999,0
12266,-0.1553398058252427,0
75489,-0.0004340277777776,100
75905,0.0295264623955431,0
76052,-0.0248226950354609,0
76076,-0.1021209740769835,485
84184,0.0810810810810811,0
76671,-0.0679830373707923,0
76217,-0.092063492063492,0
90751,-0.0619004796163068,0
77007,-0.0425531914893617,0
76839,-0.0191292875989446,0
76847,0.2905263157894737,0
77045,-0.0744490768314473,0
77478,-0.111111111111111,0
77501,0.1176470588235296,0
77584,-0.0057230904688531,0
77699,0.0573863636363636,0
77830,-0.0531561461794019,0
77862,0.1366649668536461,237
78216,0.0555000000000001,0
78034,-0.0245327102803739,188
78050,-0.0406779661016949,0
78200,-0.1062618595825426,55
78881,-0.1177031667302556,0
78975,0.0093410326086955,0
79007,-0.0063748406289844,0
78963,0.0270568746548869,257
79195,-0.0639455782312925,500
79307,0.0142602495543671,0
79411,-0.0375471151058278,73
79667,0.3176838810641629,0
79881,-0.0481895633652822,309
79797,0.0459016393442623,0
80114,-0.2059620596205961,0
80274,0.0413793103448276,0
80233,-0.0778128286014722,0
80320,0.0384129846708745,169
80432,-0.0099620493358631,309
80544,-0.0348597359735972,0
81165,-0.1499372647427853,0
82598,-0.1815693430656935,0
88988,-0.0146056475170399,0
83399,-0.0568181818181817,0
83391,0.0269299820466786,0
83704,0.0157480314960629,0
83822,-0.0251770259638079,100
83896,0.0286693970854368,0
83976,-0.0984669811320755,0
84084,-0.0918418839360807,73
84275,-0.0908468776732249,0
84255,0.1528662420382167,44
84416,4.000000000000001,0
84588,-0.0150910667823069,287
84519,-0.086092715231788,0
85019,-0.0767567567567568,452
85390,-0.0261666666666666,0
85464,0.0718715626389572,0
89606,-0.1293690422151612,0
86580,-0.1023238380809595,115
86594,-0.126549249836921,89
91014,-0.0649571438690939,0
86881,-0.1039729501267963,471
89416,0.0500384911470361,0
90539,-0.2063492063492064,0
87255,-0.0268456375838925,0
87310,-0.1424999999999999,0
87390,-0.1955307262569833,0
87432,-0.0639791937581274,144
90640,0.0864745011086474,0
88172,-0.0630517023959646,0
88458,0.0243553008595989,0
89301,0.0871428571428569,0
89397,-0.006195335276968,0
89447,-0.0555999999999999,236
89540,-0.0356798457087753,0
89908,0.1460317460317459,0
90215,-0.0439452485427992,0
90387,-0.1013333333333332,0
90679,-0.0906515580736543,0
90657,0.0642728904847396,0
90715,-0.0869094843130183,0
90706,-0.0219036240541616,0
90807,-0.0159404888416578,0
91547,-0.0872093023255813,0
76020,-0.1133603238866397,0
91733,-0.0624600298443828,0
91888,-0.1923504558594618,0
92203,-0.0689545577495266,0
92322,-0.0427288302788018,0
92471,0.1637080867850098,0
92635,0.0493630573248407,287
77186,-0.2097222222222221,0
91964,-0.1643835616438356,0
11499,-0.0941658137154555,0
81912,0.0260688216892597,24
27991,0.0032196969696969,252
10517,0.108594030924128,0
20482,-0.0446324387397899,204
10656,0.0603174603174603,293
60038,-0.0413705583756346,105
10779,-0.0508474576271187,0
61487,-0.0026229508196721,0
61241,-0.3916913946587538,0
88845,0.1032828282828282,210
28222,-0.062515114873035,192
11368,0.045238095238095,0
28804,0.0907016543069023,134
11587,-0.0824378781038374,227
11691,0.0162601626016261,161
11790,0.0051232788984949,0
71271,0.0077115150460949,0
10145,0.0249372384937238,0
45911,-0.0072156196943972,0
24643,-0.0321852060982496,0
28484,-0.0271779597915116,139
90893,0.1644359464627149,0
81073,0.0863106430989093,0
10225,-0.0344108446298226,0
12758,0.0996292863762744,0
24109,0.0113791533909877,235
59176,-0.0156524797748857,0
66800,0.0652637999390057,0
13507,0.0171237644438257,347
58560,-0.0309404054260021,434
13769,3.344481605349614e-05,0
11144,0.0267241379310345,0
85257,0.0028208744710858,413
14008,0.0261003677779094,0
18075,-0.0428184281842818,299
14219,-0.0794871794871795,0
14227,-0.098049024512256,446
83112,0.0430164630908127,0
39490,-0.0433792066612698,268
14593,-0.1076067068184679,0
14761,-0.1276813074565883,0
10516,-0.0125091979396615,510
14868,0.0147392290249432,0
77595,0.0151324085750317,0
29209,0.0450904776030849,173
24272,-0.0062849162011171,0
15457,-0.2464285714285714,453
15553,-0.0019555120997311,0
15721,0.0517051705170514,468
44644,-0.0148312308216842,430
16030,-0.0094339622641509,0
44601,0.0175989943431804,130
27684,-0.015125472671021,39
40416,-0.0288401253918494,448
53110,0.1772464962901896,417
52484,-0.0523889354568315,508
75034,-0.0720760557152332,59
10318,-0.0517288320174244,256
57568,0.0122902387142518,169
16505,0.1079014638284214,0
16548,-0.0320035072336695,12
49656,0.092396109637489,314
46877,-0.0808408982322026,292
39693,-0.0851659336265494,38
47423,0.0339213025780189,419
27887,0.0391571262651402,387
29612,-0.0202751629254163,8
39642,-0.0366598778004072,387
17444,-0.1247139588100686,0
65875,-0.0204081632653061,197
65509,-0.0446998722860791,0
43772,0.050206545916746,130
17778,-0.0240768651092689,0
61508,-0.071448301261394,0
18033,-0.42,0
61946,0.0056227157717179,146
65154,0.0053191489361701,0
19561,0.0121416768446009,0
42024,-0.0588988476312419,0
18650,0.0013908205841446,0
52230,0.0097634247089748,438
60898,-0.001556420233463,0
17961,0.0578468130690947,104
19393,-0.0148148148148148,349
10874,0.0424215642951835,0
55597,-0.1197478991596638,0
19880,0.1451776649746192,0
10890,-0.1810758885686839,0
20117,-0.0010946907498631,112
45655,0.009395184967704,299
64186,0.081195675217299,411
67838,-0.021897810218978,182
20336,0.1227678571428569,0
62148,-0.0134939759036145,0
28564,-0.1777557100297915,24
86290,0.0557851239669422,0
46690,-0.0221493027071371,457
20504,-0.1222570532915361,0
20750,-0.012332439678284,48
21371,0.0554272517321017,142
27334,0.069915254237288,189
20618,-0.0709097859327216,0
30402,-0.0272217774219375,0
18542,-0.0142956764295676,140
89792,0.0533885378078013,0
22437,-0.0027603128354545,146
64557,0.0278704144830872,125
60599,-0.0499999999999999,0
90011,-0.0282890912613834,41
22921,-0.0193236714975845,0
64194,-0.0294414778467312,7
23182,-0.0082347972972972,52
14541,-0.0542149965682909,249
30509,0.0118854673149648,96
23297,-0.1274787535410764,76
23393,-0.0598258936840155,169
79026,0.0416135204081633,263
68320,-0.2499249924992499,0
47677,-0.0859649122807018,0
86685,-0.0614987080103359,0
23916,-0.0079596194913608,160
27422,-0.0730897009966777,0
46578,0.003469812630118,0
24193,-0.0952380952380953,0
11995,0.0093979441997062,0
11308,-0.0197732665436329,441
24441,0.0721470690253209,0
24476,-0.0045791539467946,338
30648,-0.0628328008519701,205
18729,-0.0210781570602499,65
61735,0.0317460317460318,437
89525,0.0497971744299903,0
25129,-0.0557897346888172,12
25452,-0.0815602836879432,276
25487,0.0747724317295188,0
25778,-0.126334174267417,123
40125,-0.054641415709407,0
26084,0.1526576019777501,344
79618,-0.0924657534246575,0
26463,-0.0398119122257053,234
11404,0.0081816663883786,235
41929,0.0635732553891121,124
26607,-0.0313647345641813,0
26650,-0.0021283064761326,0
23229,0.032696390658174,52
30840,-0.0394944707740916,0
91983,-0.0655396618985696,0
27430,0.0495307612095932,445
59248,-0.0423973362930076,280
22293,-0.1064638783269962,80
27474,-0.013911620294599,0
20204,0.0513398447282744,123
27618,0.0998003992015967,0
38420,-0.0749128919860626,0
53575,-0.0501504513540621,156
17726,0.0408163265306122,0
59256,-0.0484652665589662,0
31077,-0.0251697962445066,352
27888,-0.0370886296360787,12
41080,0.0148573907385316,176
18091,-0.0559633027522936,81
19828,-0.0585635359116023,0
92570,0.0699186991869917,0
28629,-0.1555555555555555,0
29050,-0.0542359461599366,0
29103,0.2415458937198067,0
91926,0.0513100436681224,0
29285,0.015495867768595,0
61743,0.031086387434555,31
11674,0.0360360360360361,146
76708,0.1537785588752196,0
29867,-0.0588235294117647,0
40440,-0.1174725600711955,104
44943,-0.1087595532039977,84
26403,-0.0604437643458302,147
10886,0.1527377521613833,0
64936,-0.0030222893842084,416
38682,-0.0547169811320754,0
30593,-0.0940325497287523,0
25953,-0.0213481257354177,91
20626,0.0119150405802106,80
30681,-0.0707913110938713,88
11703,-0.1143823353888999,140
63132,0.0029411764705882,0
27959,0.013891032566754,0
88590,0.0178347148957549,454
30940,0.0606701894473149,16
31051,-0.2152307692307692,0
31070,-0.0583941605839415,0
31078,-0.0433925049309665,0
42200,0.0495419070240923,0
63159,-0.0465753424657534,0
31480,-0.1462113127001066,0
11762,-0.001057753331923,0
70578,0.073908347477241,0
82855,-0.0075912408759123,234
32054,-0.1260229132569559,9
32062,-0.0436290795387923,0
22103,0.0033146882121399,32
81124,-0.1670341515997845,0
23042,0.0074245939675174,234
32540,-0.0346740638002773,1
32548,0.0270270270270269,0
26470,-0.1099026903262735,477
32791,-0.1088328075709778,139
32986,0.0050293378038557,146
52476,0.0742808072133962,95
24328,0.0276271186440677,37
33532,-0.0262664165103189,0
31691,0.0433130699088146,0
42550,0.1007383966244725,393
87696,0.07,390
87717,0.0071526822558458,253
33823,-0.1078295605858855,161
87725,-0.0110826939471441,0
11850,-0.0030617823947511,249
19166,-0.0335861321776814,91
24205,-0.0038390445044788,235
34367,0.0231335436382755,0
92640,-0.1759562841530054,0
47706,-0.0870253164556963,0
21135,-0.2332361516034986,0
34666,-0.0710144927536231,0
34818,-0.0544061302681992,118
35044,-0.0938151494093121,0
35167,-0.0571040108769546,35
35263,-0.0357436318816762,12
10777,0.035911665801821,40
36397,-0.0332294911734164,136
54244,-0.0291390728476821,0
36768,-0.0275362318840579,105
88924,-0.0242814667988106,0
88853,-0.007640369580668,432
37154,0.3520000000000001,0
25785,0.1318458417849899,0
45241,-0.053355798932884,292
37234,-0.1029585798816566,0
37402,0.0207173778602347,0
37568,-0.0421557282195405,62
37584,0.0218277764451906,87
58421,0.0488758553274681,414
37955,0.0287278225420581,0
12036,-0.0230914231856738,293
38093,-0.010608598548297,138
47941,-0.047887323943662,184
12052,0.0296430732002419,192
12060,-0.072655217965654,0
46834,-0.1230769230769232,0
55212,0.0486164195077205,244
38659,0.0123602118893466,0
46674,0.0253973455677534,188
39029,0.0588757396449703,0
57154,0.0,272
32299,0.0052910052910053,0
16432,-0.0639868744872845,0
53604,0.0,240
85908,0.0859851049424509,0
39571,-0.0441527446300715,0
60468,-0.0055340343110128,0
52695,-0.0334021212266641,304
39731,0.0301507537688441,0
84808,-0.0217917675544794,57
23819,-0.0415553576728999,59
54084,-0.1216216216216217,0
25582,-0.1062085122998828,217
25304,-0.0263029712615685,0
52978,-0.05698938818289,132
41188,-0.0199999999999999,0
10294,0.0741007194244602,0
41241,-0.0589651022864018,186
41292,0.0454943132108485,303
76927,-0.1082164328657314,0
32651,0.0045801526717557,0
32707,0.0039907582440663,172
16600,-0.0287769784172662,2
91575,-0.0335032774945375,0
61567,0.0641132389675269,8
52716,-0.0333792154163798,135
32803,-0.0639689847346741,0
42140,0.042483660130719,0
42439,0.0787926303410426,261
42455,-0.0625,0
91207,-0.1054175293305728,57
21792,0.0173708920187793,146
32934,0.050222762251924,62
42877,0.127978478093774,0
42906,-0.0725163161711385,329
88795,-0.2,0
78892,0.0648967551622419,0
12570,0.0322580645161292,0
80210,0.0,0
21928,0.0335105153686154,234
56573,0.0312762737514713,210
43634,-0.0725806451612903,0
43757,-0.0569800569800569,0
51633,0.0339160839160839,252
12431,0.0493083444890674,16
44274,-0.0360125260960334,58
46463,-0.0145631067961164,0
44506,-0.0732538330494037,442
59328,-0.0452438755241669,0
77855,0.0482758620689656,0
44768,0.0832702498107493,239
12490,-0.0622800674861412,204
40272,0.0845921450151059,91
45277,-0.0190985485103132,280
45306,0.0220016098738933,0
21573,-0.0134911894273128,60
27705,-0.0718993409227082,472
45437,-0.008891523414345,0
45560,-0.3034055727554179,0
53065,-0.0917266187050359,88
45728,-0.0346534653465346,0
46042,-0.1316810344827587,0
46077,0.0201879568395404,0
46181,-0.051082251082251,0
52329,-0.0455107593371257,269
82694,0.1268395234758232,0
22111,0.0277173124365113,349
42534,-0.0602189781021896,139
46886,-0.0241442196834713,253
46907,0.0447761194029852,0
46923,-0.0301927973808656,0
47002,0.0373675404350251,388
42067,-0.1109154929577465,447
47088,-0.056838826888139,0
24432,0.0080862533692722,252
12650,0.0617577197149643,288
24053,0.0013486176668913,250
47205,0.000895255147717,350
26825,0.0127758420441348,28
47379,0.0547619047619047,0
44134,-0.0447680690399135,241
47619,0.1441532258064515,0
47715,-0.0229132569558102,0
17750,-0.0271625087432967,131
59045,0.0397973950795946,0
48072,0.0300601202404808,0
48144,-0.0139356078808264,0
89456,0.0059347181008901,507
49488,-0.0820606336904489,22
48267,-0.0086830680173661,154
12781,-0.0316279069767442,146
48486,0.1139081183134045,0
48523,-0.0064163822525596,127
48531,0.0140056022408963,17
48961,0.027456647398844,0
50286,0.0,0
60943,0.0590818363273453,82
65330,0.032414910858995,286
50876,0.0257329677283275,65
81678,0.1106274007682459,116
49905,-0.1408450704225351,0
21178,0.0031055900621119,495
56223,0.2631999999999999,0
76489,-0.0707915273132664,0
59774,-0.0837473385379701,0
33849,-0.0285714285714285,0
66245,-0.0070111659309268,0
23835,-0.014065335753176,97
50623,-0.0586367880485527,104
50789,-0.0066050198150594,125
89790,-0.0951428571428572,0
51263,0.068215892053973,0
81311,0.0066162570888468,251
15069,0.0165708488332769,0
45751,0.0029472443265547,110
34032,0.00265780730897,184
51829,0.1469933184855234,0
39538,0.0369326191147449,28
51925,-0.043478260869565,0
51960,-0.1982758620689654,0
43449,-0.0539509536784741,65
89915,0.0065159064775777,181
17478,0.0126396775966293,292
81061,0.0846216436126932,142
52250,-0.0283783783783784,0
10507,-0.1547277936962751,0
17005,-0.0417182982238745,289
22752,0.0118638429981152,204
42796,-0.0437142857142857,130
53074,0.0080611823067382,0
87437,-0.031055900621118,0
89857,-0.1127819548872181,0
53373,0.0896551724137932,0
53480,-0.0764849471114726,180
53640,-0.0433482810164425,436
24010,0.0473304473304474,368
53859,0.0093945720250521,206
54253,0.0356855379661926,91
91109,0.0112359550561798,0
22592,-0.052153213590132,147
24248,-0.0028749401054145,125
54675,0.0256410256410255,227
54704,-0.078590785907859,408
54827,-0.0121765601217656,186
76591,-0.0739566825145271,17
42614,-0.0290499869144202,0
22779,0.0223541048466864,0
28345,0.1175265412553547,213
65365,-0.0505761843790012,272
69550,0.0397305071045515,0
59408,0.0554926387315968,0
84372,-0.087087087087087,148
13303,-0.1148825065274151,0
90377,-0.0036205648081101,0
55993,0.0059347181008901,0
56040,-0.0582761998041136,0
78900,-0.1189189189189189,0
25590,-0.0247964470762397,211
52337,2.763955342902712,0
58501,-0.0036231884057971,0
34497,0.0201701427003293,489
56945,0.0520195838433292,0
38658,0.0555247084952803,125
64450,-0.0275590551181101,458
47466,-0.1618852459016393,0
60986,0.0811943425877423,260
21207,-0.0256181379987503,0
34673,-0.0836707152496626,0
57534,-0.0216998191681736,0
61815,0.0248085427677706,108
64311,-0.0358321546440358,110
28118,-0.5962044494059484,0
44206,0.0279884907140988,146
38762,-0.0003924646781789,146
23931,0.0194875496210753,235
58246,0.0298394915436819,314
24766,0.034020773746801,16
58318,-0.0013286093888396,0
58334,-0.0550365556458164,252
90458,-0.0115926028153462,146
34817,0.0488761108207005,213
58836,0.0819672131147539,0
34833,-0.0825005809900071,490
72611,-0.0476190476190476,0
58975,-0.0528506787330317,0
67029,0.0463576158940397,14
59089,-0.0124629080118693,0
23026,0.036734693877551,178
24440,0.0382257482870536,250
13610,-0.0455591348366314,8
63714,0.0164851339417133,286
59871,-0.0973451327433628,0
60098,0.0100586756077116,206
60186,-0.0471887550200803,173
91531,0.0038852361028094,443
77157,0.0389125799573559,351
44230,0.0818505338078292,0
90531,0.0226044226044224,0
22509,0.0195053988157436,176
60506,0.0837081459270363,0
13688,-0.0035153503632527,235
86136,0.0815630330283765,235
61146,-0.0172546716105584,0
61269,0.0207660359944623,0
58675,0.023640661938534,0
41355,-0.0588657573582196,60
61496,0.1422107304460247,0
57509,-0.0245253164556962,0
61787,-0.1965389369592088,0
61955,-0.270967741935484,0
22517,0.0179001721170395,178
13856,-0.0216193302246714,0
50550,-0.1136363636363635,0
62341,-0.0429971546000632,0
62368,-0.076377300613497,0
21936,0.0008048289738429,204
21776,0.0056211354693649,368
52898,0.0254442649434571,125
13901,-0.0476190476190475,0
13928,0.0117173837005946,0
62958,-0.0686274509803922,0
63125,-0.0499999999999999,0
89968,0.0550098231827111,0
24459,0.0390738060781474,0
80185,-0.0818001698273421,0
23501,0.0513227513227514,146
63715,0.0287044220325833,352
63830,0.0595690584057793,192
18163,-0.0017301038062284,147
64486,0.0415871804654712,0
55511,0.0537327627199237,252
23712,-0.0043505282784338,235
64929,0.1354188986500963,0
64961,-0.0582838640043174,10
65008,-0.0332326283987914,0
87043,-0.3478260869565217,0
27756,-0.0044269552385637,181
65270,0.0090417548237762,119
69649,0.0406548431105049,488
66683,-0.0361648444070646,0
65700,-0.0912673719145404,293
24942,-0.0104968509447165,210
58771,-0.0751986379114642,187
76711,-0.0935799782372143,0
76282,0.0167162811999084,0
66617,-0.0116959064327485,0
80294,-0.0083102493074793,0
84381,0.0217109992810928,82
35991,-0.0696411709159585,0
36003,-0.0307823856348866,31
45495,-0.0610008883624519,0
67847,-0.1167985575478313,0
54818,-0.0357878475798146,8
66050,0.1830065359477124,0
27633,0.1551459293394776,134
68196,0.0191231343283582,123
54199,-0.0441640378548896,206
41320,-0.0597716588314305,0
76149,0.0136730888750775,0
68591,-0.0918585331117969,199
22840,-0.0287528005974607,0
23085,0.0167806090739588,252
36281,0.0093800804049368,0
85926,0.0491591203104784,0
41574,-0.0333333333333333,0
51625,0.0430906389301632,189
50243,-0.0880648899188877,0
88742,-0.1068181818181818,275
36468,-0.0425088979920756,109
49138,-0.0796703296703296,0
70536,-0.0248972168304574,91
70616,-0.1176470588235293,498
65402,0.0561348627042057,155
60206,0.0759705022958117,8
64995,-0.0366132723112128,329
71176,0.0045175863181672,331
26614,-0.0442093330814282,146
63335,-0.1527599486521181,0
15720,0.0269205515430073,0
71475,-0.0092279990997072,273
18411,0.0162725103059231,131
58683,0.0057012542759407,258
66093,-0.0824933687002652,197
63765,-0.0023001725129384,0
71942,0.0161097852028639,0
71985,-0.0599999999999999,0
17523,0.0671936758893281,0
72232,-0.0190530088662516,0
72304,-0.148148148148148,0
39220,0.019543973941368,0
72494,-0.1267605633802816,0
43481,0.0402699662542183,344
43350,-0.0911475409836065,88
18438,-0.1087801087801086,0
72726,0.0622020972354624,411
36898,-0.0033291718684977,8
27254,-0.0372983870967741,35
72980,0.1578947368421053,0
73139,-0.0549766439094501,387
73219,-0.0456657910689028,0
52396,0.0,0
47861,-0.0316666666666667,0
73681,0.0687919463087247,300
73817,0.013157894736842,0
66739,-0.1997126436781608,129
43334,-0.0028985507246377,0
52038,-0.0063959066197633,28
37161,0.0073280721533259,125
74406,-0.0412234042553191,0
15560,-0.0588235294117646,0
74836,-0.0484639738371082,0
44513,-0.3292682926829268,0
74908,-0.3092105263157895,0
74932,-0.0714285714285712,0
57007,-0.0033288948069239,0
43123,-0.1739811912225705,397
44329,-0.0129285299244625,38
63773,-0.0288949629051151,251
75257,-0.171659574468085,0
75460,-0.1261092947220924,338
84375,0.0910714285714286,0
51369,0.0281293952180026,0
37284,-0.0999713603818616,0
23579,-0.0366832250668704,66
62092,0.0379058303586605,494
76100,0.0317919075144508,238
50606,-0.0210179270554297,132
14795,0.0627018299246502,321
14816,-0.0122312824314307,331
62308,-0.0148003894839336,407
76639,-0.0510548523206751,95
76946,-0.0169172932330826,0
61209,0.0781671159029648,505
55001,0.0437103770437103,0
92583,0.2463910992183648,0
48389,0.0186335403726707,52
59600,-0.1530726256983239,156
45356,-0.5223960184856025,0
76185,0.0860972285324852,0
77730,0.0493133583021223,0
91103,-0.0148717948717947,0
17929,0.0170078740157479,211
50278,-0.0518266779949024,402
79244,0.2164009111617313,0
77973,0.0198022358195852,0
78044,0.0943837753510139,0
24985,0.0064279155188247,235
48725,0.0364785172704296,289
63781,-0.0277108433734939,0
89329,-0.0562827225130889,0
78749,-0.0671957671957671,0
92655,0.0106478974914276,32
53663,0.0086447295036253,146
78829,-0.0852506162695151,12
87447,0.0234735224255973,157
79039,-0.1488372093023254,0
79303,0.1131739650780985,0
17830,-0.0016604930387024,412
39087,0.0054347826086957,0
79338,-0.0048338368580062,482
67360,-0.0231447465099191,146
59619,-0.0103373231773665,91
16555,-0.0267085624509033,217
79573,-0.0113636363636365,0
79637,-0.0949048764487207,473
79776,0.000882612533098,0
43553,-0.0180722891566266,391
79864,-0.0342997141690485,0
80128,0.0273765019011407,8
27043,0.106763925729443,41
81116,0.0233333333333332,0
61700,-0.0166666666666666,0
57808,-0.1576805696846389,0
15202,-0.0281183932346722,37
81510,-0.0163934426229508,0
86008,0.0107692307692308,0
21231,-0.0119254658385092,252
53225,-0.0813155662066494,421
24969,-0.0124320124320123,146
46068,-0.0979778212654925,0
81702,-0.1069114470842332,493
42059,-0.0276399716513111,246
63829,-0.0881057268722468,0
79066,-0.0654205607476635,0
62498,0.0150744299981155,260
66384,-0.1161890007745933,0
59467,0.0352467270896272,0
38033,-0.0357289527720739,135
39917,0.0592960979342005,0
25419,0.1781449764805212,0
38156,0.0005719187875321,0
64135,0.003052503052503,450
23536,0.0212370586673744,48
58819,0.0301912883152801,252
25099,0.0352490421455937,252
42286,-0.0563443768311922,198
84403,-0.0141259564449675,26
27983,-0.1226158038147138,88
63079,-0.0657142857142857,0
59483,0.1432791728212703,0
88857,-0.0528898582333696,125
38295,0.0379596678529063,0
84129,0.0396902226524684,470
84161,0.0180426462547842,0
90756,0.0929639081297848,0
72996,-0.056547619047619,244
87426,0.0483283680900363,0
86191,0.0514285714285713,0
88664,0.0039630118890356,180
87856,-0.0410958904109589,0
15318,-0.0205167173252279,160
71563,-0.1269601930036187,329
80072,-0.027944111776447,305
85586,0.005347181008902,3
90916,-0.0557324840764331,0
35917,-0.0151671974522292,136
70332,-0.0158752860411899,0
10116,-0.132183908045977,0
10147,-0.1045104510451044,32
10100,-0.2951807228915662,0
38149,0.0107309171897145,53
69032,0.038231780167264,0
10138,0.0249605055292259,433
10107,-0.0409946236559141,0
10200,-0.1442953020134229,0
89954,-0.0247902364607169,0
10302,-0.0742643624474544,0
10299,-0.0175989943431803,422
12217,-0.0112189205579138,33
10363,-0.1273957158962795,0
10333,-0.2574525745257452,0
10382,-0.0888959190129705,240
10397,0.0842696629213484,97
10257,0.0083875223824334,0
76565,-0.129916567342074,0
10463,-0.0629213483146068,0
70033,0.1036110455510974,81
10421,0.0590513068731848,0
91204,0.0133136094674555,252
10530,0.029718456725756,346
79698,0.006942937730527,191
10606,0.063441712926249,23
10550,0.1744186046511628,0
79785,0.0701480047365306,0
75070,-0.0255546194889074,0
89849,0.0788461538461537,395
10547,-0.0215264187866928,0
68857,0.0990536277602525,365
76123,0.0153846153846153,0
79903,-0.1962481962481962,439
10667,-0.0535194880744619,0
10355,0.0079982936973446,0
10661,0.0169491525423728,0
45225,0.0250491803278689,0
10693,-0.0802161263507896,0
10649,-0.0155544405418965,0
79909,0.1504653567735263,0
75517,0.0535002845759817,97
10696,0.0112116709442118,279
10772,-0.025,0
89386,0.2074468085106382,0
10644,-0.0999999999999999,96
44813,0.0263768115942031,0
89891,0.0416666666666667,0
70500,0.005436520626799,264
75224,-0.091637781629116,321
89659,0.0,0
35124,-0.1029023746701847,0
71191,0.119047619047619,0
10853,0.0035440047253396,0
22323,-0.1180555555555554,0
10026,-0.0010465724751438,256
10812,0.0441616766467065,97
10909,-0.0154842527875661,79
88779,-0.0604651162790697,0
90441,-0.0234645990614159,98
75222,-0.0229155162893428,0
10860,-0.1845184518451844,0
10443,0.0043041606886657,0
10032,-0.1115879828326179,143
70308,0.081044957472661,221
85570,-0.1143151390319259,0
11701,-0.0091743119266056,0
10001,0.008148893360161,3
75215,0.0134819808141042,7
77453,-0.0747065101387406,479
10838,-0.3388429752066115,0
11292,-0.0410958904109588,0
87816,-0.1213872832369942,0
64390,0.0752169720347155,210
65294,0.0228022802280229,409
12173,-0.1081632653061225,47
11378,-0.1341719077568134,143
11403,-0.016712009327633,405
11478,-0.0521781934531135,0
85991,-0.107531562908141,0
11481,-0.0794366793731469,0
75470,0.0805084745762712,114
11552,-0.0399214659685864,98
75107,-0.0557408289661742,0
11547,-0.0284491228070176,0
87514,-0.0516631280962491,0
90196,-0.0161290322580646,0
89048,-0.0212765957446808,0
11600,-0.0340849501835343,114
75104,-0.1079077429983526,0
11043,-0.0522190832042285,467
11654,0.0221951219512195,0
11638,-0.0189982728842833,0
11641,-0.0815950406299741,0
11394,-0.1262135922330097,0
75526,-0.0258458646616541,396
11533,0.05286940804338,496
11707,0.0298380221653877,0
11775,-0.0878915381019167,0
11781,-0.0476190476190476,0
75233,-0.0078360458107292,0
75186,0.0621822448181461,171
11809,0.1944728761514842,474
11731,0.0,0
11825,0.0344827586206897,0
75261,0.2780269058295965,0
75272,-0.1262947368421052,0
88197,-0.0126903553299492,40
85789,-0.0400271370420624,136
11618,0.0397766922540125,0
11896,0.0339115475054654,82
84769,0.0212296195652172,155
10180,-0.0915279878971255,0
11884,-0.0021857923497267,0
75182,0.0448868554470136,0
75577,-0.1035294117647058,484
75241,0.0119731800766282,0
75320,-0.0546894965499616,251
75285,0.0309782608695652,0
10901,0.0055180870631514,483
75316,-0.0117460317460317,190
11891,-0.0409302325581394,0
11955,0.0205735660847881,235
84176,-0.0037558685446009,0
11752,-0.1324500525762354,205
81774,-0.0176856998484081,0
12149,-0.313131313131313,0
12248,0.0479041916167666,0
75573,-0.03125,0
11976,-0.0190407327066762,0
75326,0.2575039494470774,0
84387,-0.0446379967338051,0
17743,0.0373432915444118,295
87137,-0.0378512396694215,108
12062,-0.0837028225370389,315
12190,-0.0515386336363821,0
80926,-0.069918699186992,0
12209,-0.0147368421052632,449
75432,0.0292164674634793,13
11992,-0.028099173553719,358
36346,-0.0026942074539738,40
85269,-0.0814393939393939,0
92029,0.040232268768146,0
12169,0.0097799511002445,0
75591,0.0181948767057695,91
82540,0.0770178681454096,0
75447,-0.1136363636363637,0
76573,-0.0367275126457005,186
10375,-0.0418760469011725,136
75694,-0.0636641645815957,346
63467,-0.0199462984273111,138
75649,-0.0434047350620067,418
75646,-0.0181262284341559,231
75607,0.0119610570236439,247
75654,0.0543666859456333,122
12073,-0.0090609555189457,305
75603,0.062255795780151,0
10051,-0.1114616193480546,219
75825,0.0396251673360106,268
75853,0.0139860139860139,0
75854,0.0104166666666667,99
11131,0.0185185185185183,274
76148,-0.0480367585630744,369
15070,-0.024,302
75556,0.003157894736842,0
86124,0.0089126559714793,40
11628,0.0048951048951046,0
75831,-0.0728346456692913,182
11748,0.0250138966092274,0
75828,-0.0267927501970055,384
11348,0.0247493734335839,137
23799,-0.0285986653956149,164
11285,-0.0936686903729401,196
11442,-0.0200892857142859,358
86896,-0.0212841433132316,12
11018,-0.0407239819004524,0
11513,-0.1166666666666667,0
87952,-0.0686850545221295,160
35503,0.0854503464203233,0
10252,-0.0192755068128945,358
89440,-0.1198347107438017,0
11839,-0.0376811594202897,45
90086,-0.0091370558375634,325
12189,0.0546329349681824,103
11208,0.1197718631178708,245
52936,0.0486416558861579,347
91897,-0.0301724137931034,20
56710,0.0320591861898889,0
10297,0.0194630350194553,316
12068,-0.0984570168993387,12
75860,-0.2405825908156271,0
11786,-0.0640092623221965,298
75509,0.024556616643929,0
81577,0.0072028811524611,30
12106,0.0088495575221239,0
10932,-0.0717299578059071,298
11293,0.0622887493964268,40
11750,-0.1133928571428571,0
11593,0.2014388489208634,0
69586,0.0062893081761006,196
35685,-0.0715552927261975,12
89207,-0.1388400702987697,0
10308,-0.0009871668311945,302
77519,-0.0227670753064798,296
92807,0.0269360269360268,282
83469,-0.0094705122686181,273
86814,-0.0708277999114652,11
92716,-0.141999141999142,296
86384,-0.0188463735008567,195
10781,0.0318690783807062,21
84725,0.0669530470923787,0
83642,-0.044463087248322,168
87759,0.0075,0
86566,0.1260880378015418,328
90534,-0.0530341662417134,322
12166,-0.0056603773584905,34
10913,0.137142857142857,0
77643,-0.0709219858156028,243
77379,-0.0239310784939374,358
11006,-0.0266147354754949,302
86382,-0.0327868852459016,209
77889,0.1018872716306091,0
88976,-0.3133841131664853,0
11565,0.0146955913226032,51
75714,0.0716049382716048,0
76359,-0.0027472527472528,182
81620,0.0126829268292683,389
75912,-0.073036288470372,0
85299,-0.0329710144927536,168
89738,0.0836501901140684,0
77415,-0.0367014046216582,12
90561,-0.0780998389694042,0
47723,0.1764705882352941,0
83155,0.0220905172413792,294
79851,-0.0277777777777777,0
89211,-0.0857207308820211,195
11844,-0.0454481497115518,358
89141,-0.0081016387405634,499
76266,-0.0495572693516138,305
91855,0.0219667419421063,168
85726,-0.0495867768595041,0
75906,-0.0821740537043027,355
77236,-0.1170524942940985,382
11056,-0.0453524921418948,0
77528,-0.0022714366837024,209
79747,0.0089974293059125,209
89828,-0.0594444444444444,358
11397,0.0274076893795203,36
89903,-0.1102661596958175,0
20395,-0.093817523994573,12
84516,-0.0460526315789473,196
77300,-0.015182884748102,150
76215,0.0148193226862285,0
87652,-0.0197044334975369,203
76082,0.0463251670378619,0
76095,0.0197823936696341,0
76963,-0.0538351595998094,0
76127,-0.115702479338843,0
76128,-0.0434782608695651,330
76135,0.0518802228412256,261
78981,0.0702199661590523,141
76138,0.0707670387081453,60
76139,-0.0796703296703297,0
76415,0.3888888888888888,0
76868,0.0655154900964956,0
88965,0.1308411214953271,203
89655,-0.1248521709748268,0
76383,-0.1078125,0
76392,-0.031480241125251,0
88871,0.0004070004070002,0
85875,-0.0482433141059256,12
76544,0.1227272727272728,0
76195,-0.3352769679300292,0
83671,-0.1698473282442748,0
76202,-0.0336676217765044,195
76201,-0.0191559413349294,145
87053,-0.1870503597122302,0
76207,-0.1251808972503617,0
76355,-0.1742720556279878,0
76360,0.2203124999999999,0
89369,-0.0869565217391303,0
90069,-0.2156862745098039,0
81651,0.2884615384615385,0
90053,0.0214784946236559,0
77486,-0.2155172413793102,0
76330,0.073089430894309,0
76230,-0.0102811582039444,114
76461,-0.020979020979021,0
89948,-0.0237923576063446,0
11644,-0.0685527747551685,0
76261,-0.0369591872482046,117
76224,-0.0294695481335952,24
89100,0.1198701298701299,203
77256,-0.0249221183800623,209
76279,-0.0084972447754704,0
76477,0.1432847734983038,128
76478,-0.0362934362934364,112
90608,0.6301369863013699,0
79037,0.3416970802919707,0
78071,0.1,0
76529,0.118669314796425,168
76515,0.0594405594405593,128
76504,0.0243337195828503,30
76553,0.0985211267605634,0
76879,0.0682804674457429,0
88284,-0.0590253946465338,0
76582,-0.0304665185655347,0
76584,-0.1131178707224334,0
76613,-0.0691642651296831,0
76614,-0.0678632254683609,0
77004,-0.0724191063174115,0
76619,0.0467738066682659,120
76978,0.048780487804878,0
76624,-0.1632471008028545,0
76644,0.0692186680650235,0
76837,0.0187032418952617,117
76638,-0.0823620823620823,0
76661,-0.3859275053304903,0
76686,-0.0680100755667506,0
76695,-0.0131663643279302,212
76856,-0.0293414475114105,29
76709,-0.0317060895822847,117
76934,-0.0232558139534884,0
76721,-0.049608938547486,236
76684,0.0196901226597805,0
76732,0.1196428571428571,0
91403,0.0375064223325911,286
76736,-0.1074698795180723,0
76980,-0.1117696867061812,238
88031,-0.1740658527561969,0
76744,-0.1361603149042762,0
76750,-0.0360897982381357,0
76788,-0.1690862510674637,0
76795,-0.0416110962923447,198
76869,-0.0636363636363637,0
76798,-0.1426079372001744,0
76892,-0.0076142131979696,12
81564,0.087117903930131,245
76841,-0.0737069181886658,0
89213,-0.0071196754563894,0
77235,-0.032,0
77037,0.113949245314314,469
77202,-0.2764350453172205,0
77090,-0.0358306188925081,332
77117,-0.1150070126227209,0
77114,-0.0102297998517419,0
77217,-0.0403731343283582,0
77165,0.2918586789554531,0
77182,-0.0107402943961435,376
77191,-0.0125666412795126,112
77175,-0.1349397590361446,0
77178,-0.0617896590363374,216
77173,-0.0819672131147539,0
77259,0.0648473282442747,0
90464,-0.0690817186183655,0
77271,-0.0142372881355933,0
77274,0.012739333634856,0
77279,0.0239420935412026,429
77282,0.0311918063314711,0
77281,-0.0267967145790554,0
77327,-0.045964125560538,0
77340,0.0784641068447411,0
77338,-0.0065520065520064,279
77366,-0.1107491856677523,0
77393,-0.0928571428571428,0
77461,0.0538679627379505,0
77413,-0.0054054054054054,0
77418,-0.0411381934487703,202
77425,-0.2177206851119895,0
78147,-0.1710213776722089,0
77437,-0.0096116504854368,0
77447,-0.0213293650793651,50
77496,0.0431142214446389,239
77768,0.0224297266076241,92
77505,-0.0130935251798561,0
77507,0.0432653061224488,270
77515,0.0,0
77520,-0.0414911541701769,266
83738,0.0,168
77599,0.09375,0
77610,-0.0451500145645207,0
77605,-0.1045296167247388,415
77649,0.0039469974626444,303
77629,-0.0336590662323561,464
77630,-0.1381351751356685,0
77660,-0.0451409191907379,0
77661,0.0162424242424243,0
77668,-0.0173239661504072,0
89810,0.0189328743545611,162
77683,-0.0453124999999999,440
84776,-0.0289312457454049,481
77702,-0.0948530861762966,363
87505,-0.0512048192771085,195
77763,-0.0092592592592593,428
77780,-0.0681244743481918,502
77785,0.0546821599453177,0
77868,-0.1552,119
77892,2.0625402965828497,0
77900,0.0156826568265682,0
77902,-0.0749650349650349,212
77918,-0.0519985850725149,62
77917,-0.0421686746987953,0
77971,0.0445246690734053,337
78001,0.0318181818181817,0
78018,0.4366666666666665,0
78015,0.0102918370224163,122
78186,-0.0909090909090909,0
78051,0.3795181375203034,0
78062,-0.1092327698309494,0
78077,0.0474342388960757,353
78068,-0.0451745379876796,0
78066,0.018181818181818,0
78091,0.2142857142857142,0
78081,-0.100874635568513,0
78082,-0.182741116751269,0
91402,-0.0414353419092754,0
78189,-0.1538461538461538,0
78139,-0.1253791708796764,455
78172,-0.1410254400677146,0
78170,-0.0035113657364627,0
78211,0.0259740259740259,0
78137,0.0521833013435699,0
78156,-0.3075771188978736,0
78193,-0.0848259260437543,0
78213,-0.0128617363344051,0
78840,-0.071263926238955,0
78195,0.09478672985782,5
91128,0.0614203454894433,0
88944,-0.018348623853211,209
78841,-0.0444444444444445,0
86889,0.0725190839694656,0
78908,0.0337662337662336,0
79033,0.0468904244817374,0
78875,0.1880023524799059,0
78876,-0.0788690476190475,278
78915,-0.023890784982935,18
78916,0.0092766557069046,398
79019,-0.1267605633802816,509
79065,-0.0378787878787879,0
79006,-0.0642553191489361,0
48653,0.0587312900926584,0
78955,-0.3793340380549683,0
78990,0.013903743315508,0
78950,-0.0082889283599763,15
78987,-0.0427428222357972,145
78977,-0.0575321725965178,219
79072,0.0232774674115456,358
79089,0.0283353010625737,0
79108,0.0434782608695654,0
79131,-0.0426189005558987,195
79116,0.0163339382940108,358
79133,-0.0083156062657125,23
79103,0.0266276010523796,42
88597,0.1424260712130356,0
79150,-0.2536617842876164,0
79166,-0.0650912106135986,36
79198,0.187995469988675,0
79159,-0.1838504528810945,166
79237,0.0178213410559144,0
90783,-0.1231254932912392,0
79323,0.0093410754859883,77
79299,-0.001685077700805,76
79248,-0.0337620578778135,0
79249,0.1007380073800736,503
83659,-0.3515704697986577,0
79336,0.1375158428390368,0
79265,-0.0272841051314143,199
79444,-0.0609076433121019,166
18649,0.024133904242896,83
79382,0.0254924681344146,209
79399,-0.0981870771137853,0
79666,0.0,0
79507,0.04707233065442,0
79472,-0.319076497499734,0
79499,-0.1135802469135802,0
79545,-0.0476052669657068,66
79490,-0.1706666666666667,0
88568,-0.0633834095362507,427
82763,0.2006264137811031,0
79491,-0.0147928994082839,0
81103,-0.3044554455445545,0
80069,-0.0381679389312977,0
79564,0.0742767787333855,0
79588,0.0185255389592335,0
85913,-0.0670076726342712,0
79628,-0.0149776927979604,360
79668,-0.0292841648590023,361
79731,-0.0353805073431242,444
79724,0.0911542610571738,0
79758,-0.1260623229461756,0
79686,-0.218613537117904,0
79689,-0.1230769230769232,0
79734,0.3186813186813186,0
79824,0.0055509297807381,296
79857,0.02275600505689,129
79906,-0.1157894736842105,0
79790,-0.036376776680318,0
79862,-0.0280811232449297,353
79839,-0.0479944354277764,0
79795,0.0252808988764043,0
79791,0.1132075471698115,0
79878,-0.0731824747231584,101
79802,-0.0347222222222222,0
79915,-0.1340996168582375,475
79841,0.0959881617888851,141
80223,-0.0385818561001042,298
79879,-0.2168820678513732,0
79796,0.0151821862348175,243
79884,-0.0272812793979304,0
79859,-0.0211864406779661,305
79885,0.0143198090692122,0
80034,-0.0182982616651417,0
80049,-0.0674603174603174,99
80080,0.0391159445711279,116
80001,0.0764331210191082,0
80012,-0.0222222222222222,0
80007,-0.0055299539170506,267
80050,-0.0562819783968162,15
84723,0.0360592401802961,0
80079,0.0503663003663004,162
80054,-0.0240917782026768,0
80167,-0.0825396825396825,4
80113,0.0640945861854387,0
80112,-0.0568181818181817,0
80159,0.1176470588235294,0
80165,0.009090909090909,0
76697,-0.0439804531319414,435
80236,-0.0740740740740741,0
80204,-0.0067575721008809,71
80254,0.0430638053266909,0
80191,0.0461275626423689,176
80193,3.645070422535211,0
80237,0.0442105263157894,0
80266,-0.178633975481611,102
80361,0.0139927957883068,0
80306,-0.3136792452830188,0
80375,0.0663507109004739,0
80343,-0.0247349823321555,0
80316,-0.100864553314121,56
80362,-0.0865084322298563,228
80368,-0.1884170886897805,0
80341,-0.0247422680412369,0
80336,-0.02200488997555,294
80357,-0.0157480314960629,183
80303,0.05,0
82541,0.0132391879964695,0
80415,0.14504971897968,0
80478,0.0174418604651163,0
80446,0.1476576725707665,0
80539,-0.1569086651053864,0
46392,-0.0298850574712643,0
80587,-0.1161272776720152,0
80569,0.0375757575757575,426
80524,0.08766859344894,0
80592,-0.1212004617160446,0
80534,-0.1176470588235294,0
80498,-0.1525019857029388,322
80557,0.0153191489361701,0
80560,-0.001081081081081,0
80563,-0.0623840445269016,263
80575,0.0642907058001398,228
80621,0.1310847067842084,0
80625,0.0075757575757575,0
89099,-0.0553191489361701,0
80633,0.0603174603174603,0
80768,-0.0441361916771753,501
80759,-0.0352112676056338,23
80774,0.0018070112034693,148
80828,-0.0436137071651091,0
80791,-0.0225694444444445,0
80795,-0.2011519620257745,0
80804,0.0038722168441431,0
80808,0.0244672454617207,0
80837,0.0188136758547408,0
80858,-0.2242295430393198,0
80928,-0.0962274466921814,0
80924,0.0810810810810811,0
80955,-0.0933932630181066,0
80864,0.0380133715377268,173
80943,-0.074742268041237,0
80951,-0.0174775625885688,0
81010,0.2255514705882353,0
80960,-0.0909090909090909,0
80957,-0.0410216718266253,0
80969,0.0086956521739129,0
80990,0.0348837209302324,0
81084,0.1019283746556474,0
81095,-0.0269828291087489,305
81055,0.0554288721276969,0
91517,0.036697247706422,0
81182,-0.0148768472906404,0
81162,-0.0705374280230325,330
81184,-0.0740242261103634,0
81173,-0.1170483460559795,0
81128,-0.3332299100217188,0
88379,-0.0854700854700853,0
90359,-0.0555555555555554,63
81148,-0.0860215053763441,0
88865,-0.0312256049960968,0
86993,-0.0883161512027491,0
85205,0.2325581395348837,0
81220,-0.0744132799084142,179
81241,-0.1026757934038581,0
81256,-0.0766738660907127,0
81259,0.0702702702702702,0
81254,-0.0278069254984258,0
81292,0.0584415584415585,47
81282,-0.0747752011358258,55
81278,0.0687058823529411,0
91731,0.032258064516129,478
81298,0.0145569620253165,0
81501,-0.0624751293274969,359
87532,0.0254237288135592,0
81540,0.0188581761818651,142
81566,0.0850340136054421,0
81541,0.0258227848101266,160
81546,0.0576923076923077,61
81560,-0.0666666666666666,357
90470,-0.0508637236084452,195
81588,-0.0195097548774387,0
81533,-0.0103703703703703,67
81539,0.0503597122302159,0
81565,0.0454606060606059,465
81562,-0.0851851851851852,0
81584,-0.0830564784053156,307
87476,-0.121853681486709,195
81624,0.0580912863070537,0
81621,-0.0440528634361233,18
81705,0.0289719626168223,462
81736,-0.013096120583148,117
85332,-0.0078343592613319,51
81740,0.1239964317573594,0
81756,-0.0917431192660551,0
81761,0.0566037735849056,0
81857,-0.0968432316746923,185
81696,0.1639986932375041,0
81666,0.0608228980322003,0
81665,-0.0736663844199831,179
81691,-0.0278727120832383,0
81677,0.020052310374891,81
88719,-0.0289473684210526,342
81776,-0.0836363636363636,0
89611,-0.0525355709595039,0
81893,0.0040160642570281,0
82251,0.0350561797752808,277
81850,0.0428211586901761,0
81869,-0.1231527093596057,0
82171,-0.0310769230769231,0
81925,0.1690767519466072,0
91262,0.0650784427658337,0
82212,-0.0543681085665818,0
82179,-0.0693430656934307,285
82176,-0.0343949044585987,0
82234,-0.0335731414868104,0
82281,-0.2236024844720497,0
82272,-0.073472128945601,71
82266,-0.1222707423580786,0
82287,-0.045633359559402,0
82261,-0.127946127946128,0
82508,-0.0289424860853431,0
82298,0.0521197386415437,121
82518,-0.008454106280193,0
82515,0.0115488215488215,304
82521,-0.2111111111111111,0
82513,-0.0531782945736434,0
82307,0.0859955602741047,95
82575,0.067818835454974,0
82567,0.0239234449760767,0
82581,-0.0690482201464276,221
82618,-0.0379921713101542,266
82649,0.0618369202788724,459
82552,-0.0010649627263045,0
82643,-0.0444943820224718,0
82546,-0.1179690679690679,79
82547,-0.0405359373225843,89
82642,0.0008120838070488,0
82651,-0.0182407296291851,253
86042,0.0927051671732523,0
82634,-0.0392069304277932,0
82638,0.072110792741165,0
82573,-0.0176012658227848,302
82587,-0.1816693944353519,0
82635,-0.1827822832189645,0
82607,-0.0022756827048114,281
82599,-0.0677484787018254,0
82762,-0.0467289719626168,0
82779,-0.0277777777777777,0
82734,0.0334872979214779,0
82720,0.1316306483300588,0
82686,-0.1927222169954318,281
82759,-0.1052631578947368,0
89736,0.0524385771910524,355
82768,0.0377358490566037,0
82702,-0.1825115562403697,0
82699,-0.0012701100762066,0
82747,-0.0788126919140225,0
82800,0.1088474970896391,0
82812,-0.5532340425531914,0
82825,-0.0544554455445545,0
82839,-0.1499392813772412,0
83875,-0.0765027322404372,0
86122,-0.2370370370370371,0
83113,-0.0716049382716049,0
83131,-0.1809775429326288,0
86098,0.2105263157894736,0
87832,0.0890543148607665,0
83529,0.0114431023521932,0
88177,-0.0736196319018404,0
84825,-0.0234741784037558,0
90710,0.1721751412429377,0
83145,0.0756756756756755,0
87471,-0.0568654646324547,0
91910,0.1825396825396825,0
83149,-0.0205081114172023,0
83120,-0.0092653871608205,259
83123,-0.0723781388478581,0
84397,-0.0048939641109299,324
91187,-0.0075107296137338,0
37381,0.0341880341880342,0
83111,-0.209965034965035,0
83124,-0.0835927078701644,0
82859,-0.0025906735751294,0
83303,0.1927710843373493,0
83307,-0.0909090909090908,83
83152,-0.1277557942340306,200
83143,0.0143652887716212,271
83272,0.0448113207547169,0
83317,-0.2272727272727273,0
85406,0.0468571428571429,40
83304,-0.0864485981308411,0
83244,-0.0055587368538667,0
83390,0.0244625648628613,0
86080,-0.0675675675675675,0
83413,-0.0356472795497186,337
83411,0.0148514851485148,0
84215,0.0298507462686565,0
83414,-0.0067532467532467,209
83421,0.0299694189602446,0
83366,0.1753019707565162,0
83382,-0.1328124999999999,0
83405,0.0182741116751268,0
83422,0.0133928571428572,337
83520,-0.1139327385037748,0
83504,0.0286591606960082,0
83509,-0.0269865067466266,128
83541,-0.0728994082840236,0
83462,0.1028176898675126,23
83565,0.0592718035563082,0
83534,-0.0814536340852131,0
83503,-0.0633763320246774,150
83575,-0.0110526315789473,0
88811,-0.0765233821445442,0
86091,-0.0641907381934892,302
83616,-0.2695852534562212,0
83690,-0.0339285714285714,0
83651,-0.1032608695652175,0
89202,0.0557184750733137,0
83621,-0.0429155313351499,279
83633,-0.0260492040520983,0
83630,-0.1526147278548558,0
83661,0.0839066706551001,288
83602,-0.182468694096601,0
83683,0.0394088669950738,20
90082,0.0934809348093481,282
83774,-0.0497614178595774,137
83779,-0.193526170798898,377
91050,0.3831775700934579,0
83799,-0.1092463092463091,0
83756,-0.2222222222222222,0
83916,-0.012316715542522,112
83879,0.0592762916423774,0
83832,-0.009031198686371,163
83844,-0.0333333333333333,0
83862,-0.0500000000000001,0
83910,0.0389261744966442,183
83906,0.0472673902640383,92
83885,-0.0172413793103448,0
83903,-0.083086053412463,0
83831,-0.0550550550550551,45
83934,0.1388140161725066,0
83969,0.1523500810372773,0
83928,0.5607128867998432,19
92530,0.0173410404624276,163
88436,-0.0964691046658259,0
83950,-0.0461538461538461,0
83961,-0.0770197668525088,205
83965,-0.1183879093198992,0
88905,-0.1238532110091744,0
84026,0.0791366906474821,0
89758,-0.0697297297297296,270
84103,-0.0597285067873303,107
89425,-0.0946058091286307,322
84062,-0.2696802646085998,0
84636,-0.0165025286132551,40
85996,0.0242825607064016,0
84042,0.0169491525423728,0
84010,-0.0716591349257584,0
84060,-0.1004403438876074,194
84041,0.04672,0
84032,-0.0800149794033203,59
84168,-0.0019697964543664,0
84203,-0.1710388247639034,456
90666,0.1919191919191918,0
84234,-0.0879653238143802,0
84281,-0.1644584299436899,0
84172,0.2189029101210404,0
84262,0.1245551601423486,406
84210,0.0059089329162322,0
89801,0.1348322576069225,0
84348,0.0390583199571963,0
84325,0.047451669595782,0
84365,0.0398406374501991,0
84342,-0.1514324693042292,401
84364,0.0432640822445919,337
84302,-0.0962962962962963,0
84320,-0.1166758392955421,0
84373,-0.0900204950338956,315
84319,0.0267187030921645,0
84331,0.054367612293144,75
86440,0.0333333333333334,0
85176,0.0290977601004813,0
88984,0.1818181818181821,34
84438,0.0026345502446367,0
84385,0.0348791121680538,337
84413,-0.0882352941176469,0
84511,-0.1165644171779141,0
84531,-0.0901639344262293,0
84563,-0.0045966444495517,175
84555,-0.0625,0
84624,-0.067539627842867,0
84606,0.0798296966471527,128
84389,-0.0148957298907647,40
84597,0.0208197787898503,171
84737,-0.1485468245425188,0
84749,0.108829568788501,0
85211,-0.1710526315789473,0
84761,0.068007662835249,0
84607,-0.1769911504424778,0
84656,-0.0705179925770533,81
84734,11.545454545454543,0
92531,-0.3335042296846962,0
84780,0.0315412186379928,83
84827,-0.1264079422382672,0
84788,-0.0842517661115221,0
85079,0.0222902097902097,0
85204,0.0310309278350515,0
85035,0.1166032953105198,0
85002,0.3734707018673535,0
85072,0.0162666137671096,207
85067,-0.0760214333556597,303
85013,-0.0763358778625954,0
85077,-0.0491803278688524,0
85020,0.1761006289308178,404
85059,-0.0027447392497712,58
85168,-0.053639846743295,190
92245,-0.0147928994082841,0
85187,-0.0177383592017738,0
85177,-0.0015243902439023,0
85173,0.0442418852823478,0
87364,-0.0642857142857141,0
89022,-0.0417319408181027,277
85198,-0.050188569770815,48
85246,0.0182056319580876,265
89038,0.0254031746031744,229
90942,-0.0997375328083989,0
85280,0.0713314674130347,0
85291,-0.0269058295964126,152
85320,-0.1304347826086955,0
85319,-0.0448646050312449,256
89898,-0.0825396825396824,0
85401,-0.0937500000000001,0
85349,0.042452830188679,0
90012,0.0856573705179284,0
85333,-0.0934579439252337,0
85348,0.0568284594513113,375
85372,-0.0271055179090028,0
91908,-0.0047393364928909,0
89270,0.0011173184357544,362
89292,0.0425531914893617,209
85395,-0.0023255813953487,0
85453,0.6695035460992909,0
90875,-0.0220994475138123,0
85418,-0.0577753779697624,328
85502,0.348314606741573,0
85516,-0.2766338406445837,0
85482,0.0081559578277301,380
85440,0.0,0
85488,0.0181140801644399,0
88635,-0.0506756756756757,5
85517,-0.0218818380743982,0
85432,-0.0305741983594333,348
87139,-0.1036585365853658,84
85424,-0.036449638286032,122
85445,0.0917874396135265,0
89615,0.1933534743202416,0
87837,-0.0151515151515151,0
85427,0.029553378714926,0
85419,0.1112646855563233,0
85496,-0.1099597006332757,44
85540,0.0246406570841888,0
85621,-0.0080239540808273,233
85627,0.0221285563751316,0
85539,0.1052631578947369,0
85571,-0.0104166666666666,0
85798,0.1666666666666667,274
85593,0.0284552845528456,506
85567,-0.4712033330610243,0
85576,-0.0901442307692307,0
85522,0.1462450592885376,0
85526,-0.1076923076923077,0
85686,-0.0439932318104906,0
85725,-0.0025412960609911,451
85675,0.0049330514446794,0
85559,0.0605263157894737,0
85645,0.1142131979695433,264
91419,-0.1396396396396397,0
85710,-0.0281942232220562,370
85663,0.243044940385203,0
91911,0.0169150943396225,208
85728,0.2105263157894736,0
85883,0.0435099337748343,277
89938,0.0172570390554041,0
92557,-0.3017408123791102,0
92320,-0.1138461538461539,0
85731,-0.0798403193612774,195
85751,0.0333333333333334,282
85656,-0.0267175572519084,201
88183,0.0321987120515181,294
85763,0.1163265306122449,0
85744,-0.1212117503059975,0
85753,-0.2386527007599096,0
85768,0.1538461538461539,0
85724,-0.0957446808510638,0
85738,-0.2283427495291901,350
85792,0.0497975708502025,364
86497,-0.0567741935483872,46
85839,0.0063451776649745,150
85966,0.0815217391304348,0
85886,-0.105994787141616,0
85889,-0.1107814045499504,0
92560,0.1521739130434782,0
88384,-0.0230905861456482,0
85931,0.017088800732377,126
85903,-0.0757575757575758,399
85804,0.0261689470553243,0
85739,-0.1073298429319371,0
88203,-0.2452025586353945,0
85963,-0.0876482499276829,115
86102,0.1232479458675688,341
86111,0.0546294999299623,0
87014,-0.0823817292006525,195
85860,-0.0385487528344671,325
85863,0.0465763592503247,228
87488,0.0188827694728559,324
32687,-0.0604026845637583,0
85829,0.0738568190907877,316
87501,0.0,0
87508,0.0109546165884193,0
88820,-0.0520195838433292,137
89530,0.0911214953271026,0
88951,0.0154525386313464,220
80638,-0.0604651162790697,0
87538,-0.1275229357798164,0
85939,0.0544,0
85951,-0.0510204081632653,394
90603,0.0021156558533146,0
85953,-0.035625,0
86302,-0.0504322766570606,322
87614,-0.0405797101449275,209
89821,-0.0397232250300843,203
85992,0.0476689366160292,50
85972,-0.0312500000000001,0
86047,-0.0215175537938844,0
89681,-0.0543136280841198,460
90331,0.1142857142857141,0
90544,0.0,0
86073,0.0256410256410257,0
86062,0.1168831168831168,0
86034,-0.0037304153195721,0
86026,-0.0454009433962263,33
86021,0.0291451680379306,307
86083,-0.1405269761606022,0
86097,0.0852892561983471,92
86051,-0.0493491124260354,371
86113,0.0389610389610388,0
86048,-0.0693779904306218,64
86196,-0.0072477962781586,0
86128,-0.0072376357056693,0
88341,0.0180995475113121,357
86211,-0.2953681438526035,0
89279,0.0092307692307691,168
87404,-0.245344262295082,0
86150,-0.1583333333333333,0
87318,0.2476076555023925,36
86157,0.0185285714285714,209
86158,-0.0463585634568607,90
87067,-0.0609686609686609,328
86249,-0.0947368421052631,0
88836,-0.0875316455696203,0
86199,-0.0352858151023288,137
86155,-0.1021897810218979,0
86178,-0.0176125244618396,392
89578,0.0023787263754602,229
86288,0.0166789305862153,0
90221,0.0044642857142855,316
86228,0.0305343511450382,111
88257,0.0892641737032569,476
89643,0.0284697508896798,400
86240,0.0862773722627736,220
87131,-0.016822429906542,0
86299,0.0773638968481373,0
86236,-0.240398293029872,492
86250,0.1167832167832167,262
88516,0.1576923076923075,0
86233,-0.1225806451612903,0
86260,-0.1380208333333332,0
86728,-0.0620657711903659,0
86312,0.1388,277
89419,-0.100502512562814,0
87160,-0.0169082125603863,0
86322,-0.1392557022809123,0
86305,0.0727504786215698,0
86339,0.0413416536661468,271
88850,-0.1408450704225351,0
86362,-0.0432963709677418,330
90733,-0.2158935729703537,0
86356,-0.002274136861691,431
88940,0.0292682926829268,0
86868,0.076618578465869,0
87658,0.0606796116504855,0
89109,-0.0315789473684209,61
91431,-0.1933333333333333,0
86253,0.0549450549450549,225
90914,0.0620028510334997,0
86435,0.0473154362416108,0
86432,-0.0178320037541059,30
90163,-0.4834742505764796,0
86489,-0.117348556929908,0
86544,-0.01449747332959,0
86525,-0.1014512410145124,0
86531,-0.0424929178470254,372
86526,0.0407534246575342,0
86533,0.0387811634349031,277
87069,-0.0404464692482915,0
86573,0.051789478002677,45
86578,0.1220657276995307,0
90591,0.0294117647058824,11
87342,0.0736196319018405,0
86582,-0.0297555791710945,195
86547,-0.0354924578527063,0
89143,0.0042194092827005,158
91608,0.0613496932515338,201
86560,-0.0510204081632653,0
86719,0.0080492424242424,30
92094,0.1640465618624746,0
86709,0.0201729106628241,0
86715,0.1401673640167364,0
86595,-0.1387978142076503,0
86717,-0.0522478736330499,0
86720,-0.1616632481819877,191
90590,-0.0005854800936766,195
86725,0.001125780370484,0
86759,-0.0537897310513446,0
86763,0.0555555555555555,0
86778,-0.0737544134954883,0
86783,-0.0731742602100851,0
86810,0.0240328253223915,0
86820,-0.0050167224080267,305
86840,-0.2469565217391304,0
86822,-0.0239104477611941,14
86819,0.0295698924731182,0
86827,-0.0706436420722135,0
86799,0.1700499168053242,0
86830,-0.2215208034433285,0
87039,0.0109356014580801,0
86899,-0.1739130434782608,356
86916,0.1358024691358024,0
92318,0.0156555772994129,358
86924,0.0588235294117647,153
86926,-0.0241471828286699,113
86876,0.134265734265734,0
86946,-0.0392247346562067,0
86964,-0.2107224770642202,0
86988,-0.0170648464163823,0
86949,-0.1862745098039214,0
88368,0.0963302752293577,0
86996,0.0550302066772656,0
87006,-0.1827129563350036,285
86989,0.4842105263157896,0
87000,0.1892826274848746,0
86965,0.0214592274678111,328
86977,0.0262445414847161,0
86979,-0.0315604909409701,165
87016,-0.0885416666666666,0
87077,0.0261854210898795,0
87020,0.0118824265165728,317
87121,0.1374045801526717,0
87066,-0.0337837837837837,159
87075,-0.0847044485070079,0
87056,-0.0807252856433184,194
87034,0.0349462365591397,85
87086,-0.0579950289975146,0
89481,-0.0483516483516482,0
87162,-0.0268096514745308,425
87167,0.0295669291338582,0
87165,-0.0382830626450115,0
87179,-0.0305762446099568,19
87173,-0.0352941176470588,0
87172,-0.0994318181818182,0
89529,-0.0760869565217392,0
87227,-0.0044247787610618,0
87264,0.055467554076539,386
87242,-0.013121546961326,0
87261,-0.0289855072463767,461
87267,0.0638249579360628,0
87345,-0.037199124726477,0
87268,-0.0863576158940396,170
88475,0.0182432432432431,29
87361,-0.075177304964539,9
87269,-0.0519480519480519,294
87277,-0.0586319218241041,0
87356,0.0049689440993787,121
87302,-0.0353697749196141,0
90358,0.1049107142857141,274
87299,-0.0070569785676946,0
87321,-0.0573065902578796,0
87337,-0.103030303030303,0
87379,-0.1446899501069137,0
89597,0.0217391304347827,0
87439,-0.1197604790419161,0
87430,-0.0565068493150685,0
90808,0.0225916320885199,0
87394,-0.2102376599634368,0
87415,-0.0952380952380952,0
87414,-0.176470588235294,0
87424,0.0495495495495494,0
87373,0.0176991150442478,0
87510,0.0588235294117647,0
87445,0.0100962296892255,222
87496,-0.0359281437125746,366
87494,-0.0136986301369863,0
87498,-0.0609819121447028,0
87487,-0.0448979591836735,0
92582,-0.2801556420233462,0
91837,0.0729684908789385,0
87525,0.0096153846153848,46
88926,0.0338983050847458,0
87632,-0.1189801699716713,0
87541,-0.0283746556473827,212
87589,-0.0040983606557376,0
87601,-0.2369230769230769,0
87771,-0.1721444727169919,0
87612,-0.1933638443935926,367
87797,0.0372340425531916,0
87752,-0.1460290350128096,0
87825,-0.0388349514563106,0
87814,-0.009124087591241,0
92763,-0.0292028413575374,0
87785,-0.1127232142857143,0
87812,0.0995647442872689,154
87657,-0.1913011083170346,90
87659,-0.0219809676986999,199
87827,-0.1552715654952076,0
87789,-0.1728652263374486,152
88207,-0.0285547785547785,0
88152,-0.1519635742743312,0
88167,-0.1026001405481378,0
88468,0.0969267139479903,0
88173,-0.0862068965517239,0
88174,-0.1336278299282164,0
88195,-0.0857565789473684,0
88159,-0.0176165803108808,0
90354,-0.2676579925650557,0
88370,-0.0547945205479452,0
88246,0.0419161676646706,0
88646,-0.1303703703703703,0
88182,-0.0040485829959513,0
88260,-0.2271186440677967,0
91171,0.0413793103448276,229
23887,-0.0376398779247201,0
89572,0.0535465924895688,0
88534,0.0703517587939697,0
88264,-0.0159151193633952,0
90071,0.0079476390836839,120
88343,-0.0363885323063757,63
88319,-0.0080971659919028,0
88352,0.0940015132255915,320
88331,-0.1214492753623188,0
88335,-0.2099792099792099,0
91040,-0.0739750445632798,0
88281,-0.0575757575757576,128
88313,-0.0995762711864406,0
88280,0.0262237762237762,11
88332,0.0,0
88287,0.0994916485112564,0
88359,-0.3168681029952706,0
88439,0.0086100861008608,334
88417,-0.1271428571428572,0
19675,-0.0981230696127346,0
88466,-0.0996784565916398,0
88485,0.007462686567164,0
88421,-0.0488221153846154,0
88446,-0.0143183233035899,0
88511,-0.0797101449275361,0
88542,-0.0689655172413792,0
88504,-0.0763941940412529,174
88497,-0.1,0
88545,-0.150716776443239,0
88574,-0.0230414746543777,0
88564,-0.0287081339712919,43
89617,-0.1235622421742296,0
89395,0.0119047619047618,317
71862,-0.0949868073878628,0
90502,0.0,0
48506,0.0903328050713152,0
88648,-0.0445859872611464,0
88739,-0.1021765417170496,44
88620,-0.2603550295857988,0
88615,-0.0965885737772296,128
88746,-0.0192307692307692,0
88661,0.0005355230274901,336
91360,-0.0104347826086955,0
88740,-0.0965309200603318,0
88750,-0.1281891723708774,354
89685,0.0191570881226053,0
88817,0.066535239034007,0
89576,-0.0666666666666667,0
89925,-0.3014285714285715,0
88792,-0.0087912087912087,335
88807,-0.1666666666666667,0
88786,0.2013348164627364,0
88860,-0.2814444143900459,0
88949,-0.0660727542687453,0
88839,-0.0496453900709221,278
90029,-0.1302521008403361,0
88908,-0.0280269058295964,137
88892,-0.0775249999999999,0
88897,-0.0800402718348854,0
92601,-0.107710417892878,0
88945,-0.398,0
88991,0.2516823687752354,0
88895,-0.0050335570469799,0
89004,-0.1166306695464363,0
89290,-0.0358034970857618,0
89006,-0.3579201934703748,383
89110,0.0489208633093525,337
88970,-0.0614617940199334,0
90696,-0.0564102564102563,0
89046,-0.0809588421528719,113
88994,-0.0273043478260868,0
88987,-0.085992428339643,0
89642,-0.0329883570504528,36
89031,0.2941176470588234,0
89002,0.0077492074674183,0
89014,-0.0011185682326622,193
90176,0.2195121951219514,0
89167,-0.0697674418604651,6
89036,-0.1354246365723029,43
89044,-0.0307467057101025,0
89215,-0.0139165009940358,0
89070,-0.0504288671990537,199
90216,-0.0762711864406778,0
89327,0.1348837209302325,0
90175,0.1217320261437908,0
89413,-0.1068570971355417,0
89203,-0.0068994355007316,72
89179,0.0567143595931736,144
90223,0.038647342995169,0
89244,-0.0482954545454544,0
89269,0.0152365677626302,0
89168,0.0020512820512819,0
89217,0.0365283459964933,42
90643,-0.4270386266094421,0
90204,-0.249224405377456,0
89230,-0.0148794253463313,0
89252,0.029354207436399,0
89262,-0.0267022696929238,328
90081,-0.0067024128686327,0
91379,-0.2888098677630848,0
17279,-0.0037784456848433,0
89297,-0.0556763810352326,0
89353,0.1021897810218979,258
89321,-0.0518518518518519,0
91015,-0.0427756653992394,167
92174,-0.0236966824644548,0
89409,0.091684434968017,254
90192,0.0086393088552916,0
89332,-0.0441767068273093,0
90778,0.2989247311827956,0
89424,0.1356466876971609,0
89387,-0.1213321332133212,0
89394,0.4572683397683399,0
91975,0.014650283553875,0
90280,-0.2214912280701754,0
92213,-0.0577617328519856,0
89445,-0.1929746835443039,0
91665,0.0326233766233765,379
89920,-0.0691891891891892,0
91152,-0.061041728342849,4
91727,-0.0932835820895522,0
89753,-0.1842576028622541,0
89471,-0.0199556541019955,0
89453,0.0245599823256499,200
89407,0.2749999999999999,0
91269,1.6885245901639343,0
89406,0.0152735351291308,0
89626,-0.0237388724035608,0
89443,-0.0048705460138425,385
89916,0.0235404896421844,0
89636,-0.048305310915399,0
89533,0.0486832986832987,0
90601,0.021039072563332,0
89482,-0.0599520383693045,11
90313,0.2694300518134715,0
89941,-0.2435299109036912,0
90067,-0.0548431105047748,0
89876,0.0040861812778603,207
89653,-0.0500316656111462,243
89826,-0.0450613558640112,0
89574,0.0021066743273006,0
89546,0.0608695652173914,275
89509,-0.023398804440649,0
89549,-0.0153056768558952,0
89573,-0.0109090909090908,326
90436,-0.2984084880636605,0
90492,-0.0626315789473683,69
16852,-0.3406093678944975,0
89781,-0.0031809145129223,0
89699,0.5092187499999998,0
90874,0.2026160337552744,0
89698,-0.0941704035874438,0
89644,0.1133582596872875,0
89796,-0.1181818181818182,0
89793,-0.0995708154506438,0
89741,-0.2828102130427712,0
89800,-0.0689564761405349,340
89850,0.0857988165680474,0
89770,-0.014450867052023,0
89799,0.0420512820512821,0
89798,0.1800000000000001,225
90080,0.0054545454545456,215
90007,-0.0235874931431705,310
90716,-0.1268455310366725,0
89901,-0.1131279020683833,0
89866,0.1296238159675236,0
89889,0.0888888888888888,0
89964,0.0282224094355518,0
89922,0.0358187134502923,78
89913,0.065063649222065,0
90400,-0.1745023295213893,0
89905,-0.0588235294117647,0
91086,-0.0648184303006638,0
89973,-0.0642335766423356,0
89971,-0.1154232184677149,0
90038,0.0136729222520108,94
90020,-0.1447721179624664,0
89952,0.057112213433436,177
89904,-0.113599253557266,0
89960,-0.1064257028112449,0
90052,0.0640585678334477,0
90088,0.0651041666666667,0
90129,-0.1214421252371915,0
90333,0.0281531531531531,0
90006,-0.0498960498960497,0
90085,0.0225314777998675,103
90126,-0.1837935174069628,0
90490,0.1071080817916261,0
90454,-0.0117051565960139,0
91977,-0.0013196964698118,0
92282,-0.0361702127659575,0
90210,-0.0185832968954963,0
90248,0.0774535809018566,0
91901,0.1292929292929292,0
90232,-0.0625277161862527,378
90425,-0.0824742268041237,0
90110,-0.0648994515539305,0
90275,-0.1627146361406377,0
90700,-0.0942857142857143,0
90319,-0.0983464413518887,0
90533,-0.0974440894568691,0
90708,0.0054278416347381,303
90325,0.2167832167832168,0
90427,-0.048561403508772,13
90292,-0.0410335211427921,0
90447,0.0370912640312346,0
90614,-0.1679687500000001,0
90288,-0.1478688524590162,0
90466,-0.0638297872340424,0
90299,-0.1691815272062184,78
90227,-0.0118518518518517,291
90314,0.0326530612244897,0
92453,-0.0056818181818182,0
90353,0.1355137725812398,233
90515,-0.0738119312436805,312
92132,-0.0019801980198019,343
90421,-0.0614334470989761,103
90423,-0.1312234658433037,0
90312,0.0410621407062687,22
90536,-0.0062893081761006,153
90090,0.0620155038759688,0
91400,-0.0883590462833099,342
19721,0.0167785234899329,6
90901,0.0,0
90411,0.1658291457286431,0
90098,0.5,0
90538,0.7361111111111112,0
90455,-0.0162025316455696,78
90274,-0.034407027818448,374
90535,-0.0174927113702622,0
90249,-0.0229526778124115,0
90444,0.0149333333333334,49
92332,-0.1,0
90404,-0.0721649484536082,0
90416,0.0585714285714285,342
90833,-0.1767676767676768,333
90371,-0.0794871794871795,0
90488,0.1142857142857143,0
90487,-0.0111607142857143,21
90496,-0.0982905982905982,0
90489,0.0179104477611939,0
90568,-0.020746887966805,0
90505,0.0015095967220184,0
90600,-0.0297741273100616,215
90637,0.0762711864406777,0
90718,-0.08646188850967,267
90540,0.0058139534883721,164
90417,0.0227272727272727,0
90409,-0.1714531878230901,0
90548,-0.1030444964871193,0
90803,-0.1029668411867364,0
90964,4.145888594164456,0
92521,-0.0116279069767442,0
90520,0.0021102611448167,297
90440,-0.0956703910614525,162
90564,0.0253537735849056,0
90605,-0.0081402629931121,0
90550,-0.0354198473282443,102
90569,0.0582329317269076,25
90558,0.0073677160080374,511
90734,-0.0514398947488101,0
90547,0.3074581430745813,0
91500,0.0036745762711865,319
90482,0.0088339222614841,137
90494,-0.0750908356883326,0
90948,-0.094059405940594,0
92462,0.0472727272727271,0
90711,0.0831295843520782,11
90634,0.0794625719769674,0
90672,0.0820685778527263,0
91018,-0.0049885678653086,0
90664,-0.1284098469727211,0
90742,-0.1527472527472527,0
84553,0.006993006993007,69
90849,-0.0150214592274678,297
90720,0.0616570327552985,0
90636,0.0582010582010583,0
91114,0.0220440881763528,83
86165,-0.1025641025641026,0
92571,-0.2735042735042735,0
90993,-0.0180646128476126,504
90763,-0.0859355483387458,0
90665,0.0072655217965653,0
90735,-0.1166666666666667,0
90786,0.0534532945223604,218
90730,0.0182648401826484,167
90885,-0.1242236024844721,0
90752,-0.0778688524590164,0
90824,0.0621976503109882,305
90792,0.1459119496855345,0
91605,-0.1095265259555049,0
90789,-0.08642578125,237
90791,0.0637472283813749,0
90856,-0.1370967741935485,0
90871,0.0407863023132062,200
90867,-0.0155605549306337,0
90984,-0.1208913649025069,0
90776,0.0058823529411764,317
90722,-0.0274684484038605,67
90814,0.0210924824229312,0
90779,-0.0416058394160583,0
90829,-0.0767189040353265,25
90831,-0.0649609871166757,185
90775,0.02,0
90966,-0.2215447154471544,0
92619,-0.0174081237911024,0
90868,0.17813383600377,0
90795,-0.0178931790663259,0
91141,-0.092812777284827,0
90805,-0.009731543624161,54
90952,-0.0137061403508772,230
90961,0.0404624277456646,0
90862,0.2222222222222223,0
91033,-0.1151545363908275,0
92681,0.0648201438848921,0
92227,-0.0149006622516556,0
91286,-0.1555555555555555,0
90971,-0.2113268892794377,0
91032,-0.0186714542190306,0
90956,-0.1758720930232558,0
91594,-0.2962629446195407,0
90825,0.1155624036979969,0
90926,-0.1016949152542372,0
90870,0.0324324324324323,15
90963,-0.0327929255711127,295
90940,0.0047086521483226,0
91349,0.0185933710590138,0
90951,-0.0256410256410256,0
90900,-0.1011818968002306,0
90957,-0.1521574564723695,0
90958,0.0665333333333333,0
91356,0.0161337635670284,63
90988,0.0103359173126615,345
90989,0.1137123745819397,49
91020,-0.0007587253414264,0
92044,-0.0187583742742296,0
91090,-0.2227020357803825,0
90978,-0.0443458980044346,0
90979,-0.0639441160666308,0
90969,0.0241286863270777,0
91967,-0.0930735930735929,0
90925,0.0009350163627863,0
91075,0.036697247706422,0
91083,0.0650534656839771,0
91408,0.1419354838709676,75
91891,-0.0155601659751037,0
91073,-0.0500381970970206,0
91063,-0.0429184549356224,202
91192,0.000344827586207,0
91507,-0.0063588609344762,0
84185,0.007462686567164,0
91028,4.413793103448277,0
91041,0.0627177700348433,373
91515,0.0522875816993464,0
91099,-0.1220495106505469,0
91080,0.2557755775577559,0
91752,-0.0196078431372548,0
91068,-0.1984317188879599,0
91096,0.0046728971962617,0
91088,-0.1319444444444444,0
89003,0.0528507367072388,279
91603,-0.0554254488680718,0
91100,-0.0386301941950303,0
91176,0.0076923076923076,45
91095,-0.1788324802326277,0
91151,-0.045166250240246,177
91143,0.0044624746450305,94
91428,-0.2115384615384615,0
91234,0.0632653061224488,0
91627,-0.0226804123711339,0
91201,-0.0352941176470588,0
91348,0.0424242424242424,56
91237,-0.0043859649122806,0
91215,0.0102000784621421,0
91359,0.102409638554217,0
91395,-0.4029850746268657,0
91366,-0.1052401746724891,68
91350,-0.0734400883489784,0
91167,-0.0014925373134327,342
91299,-0.0148148148148147,0
91363,0.3170731707317074,0
91463,0.0632476359489191,0
91371,0.0017500875043752,0
91491,-0.0927438731379144,0
91406,0.1616161616161615,229
91283,-0.1173260572987722,0
91472,-0.2671874999999999,0
91579,-0.0657276995305164,306
91514,0.0865101721439747,262
91485,-0.2066151202749141,0
91503,-0.088785046728972,0
91446,0.0,0
91391,-0.0564915758176413,0
91432,0.1059907834101383,0
91614,-0.0173231594143122,222
91468,-0.0870646766169154,107
92506,-0.1368421052631578,381
91434,-0.0497737556561086,0
91392,-0.0396341463414633,0
91413,0.0333333333333332,0
85208,0.0052668539325841,301
91618,-0.0641711229946524,0
91659,0.1480429292929292,0
91355,-0.2224770642201835,0
91405,-0.0268336314847942,0
91493,-0.032748538011696,0
91407,-0.0101123595505617,49
91397,0.0380622837370243,248
92093,-0.035598705501618,0
91461,-0.3013776070252469,0
91416,0.0498745294855709,85
92682,-0.2258974358974359,0
91486,-0.0276349614395886,0
91611,0.097313163242267,0
91742,-0.1170212765957446,0
91615,-0.2083333333333332,0
92054,-0.1354679802955665,0
88434,-0.0484900042535091,0
91622,0.0175,51
91501,-0.0038412291933417,0
91625,-0.0941176470588235,0
90077,-0.0265486725663715,0
92773,0.0704980842911877,0
91516,0.1171015742937244,0
91683,-0.040255081705859,0
91623,-0.0605095541401273,0
91668,-0.0724258289703315,0
91613,0.1701030927835052,0
92456,-0.2876978417266187,0
91571,-0.0647431386347643,174
91616,-0.1538461538461538,0
91619,-0.1304347826086956,0
92589,0.0621890547263681,0
91630,-0.1764705882352941,0
91658,-0.0098901098901098,0
91678,0.1145833333333332,0
91754,-0.0241935483870967,0
91666,0.0817051509769093,0
91675,-0.0064464141821112,0
91650,-0.0166893732970027,218
91654,-0.027027027027027,0
92035,-0.1313591495823842,0
91741,0.1699819168173597,208
91743,0.0152823920265778,230
91661,-0.2584745762711864,0
92449,0.2382495948136143,0
91883,0.0430254576057227,202
91736,0.0197628458498024,21
91822,-0.0555894929749541,74
91899,-0.1272690189679788,0
91907,-0.3432585203657522,0
91836,-0.0420168067226891,0
91688,-0.0043644298963446,77
91692,-0.0651006711409396,0
91826,-0.1358381502890172,0
91824,-0.3243626062322946,0
92232,-0.0341511369464865,0
91814,-0.0169491525423729,0
91959,-0.0298363811357074,0
91854,0.0186486141269637,0
91956,0.0,0
91968,-0.0132304299889747,215
92091,0.2666666666666668,0
91900,-0.3189655172413792,0
91905,-0.1394422310756972,0
91909,-0.1584699453551913,0
92421,-0.1082437275985662,0
91849,-0.0162880411487355,151
92101,-0.1395348837209301,0
92210,-0.0179602309172546,0
91915,0.1007579135086937,254
91979,0.0799220272904484,0
92052,-0.1912013536379018,89
92207,0.0831295843520782,0
92034,-0.0039027319123386,0
92050,-0.0171455050973121,0
92345,0.090909090909091,0
92038,-0.0522573189522341,0
92095,-0.1021897810218979,0
92096,-0.0592817417849437,0
92195,-0.0083682008368201,215
92201,0.0467581047381546,0
92097,-0.0982905982905982,0
92021,0.0670161841805334,151
86812,-0.029535864978903,0
92150,0.0,0
92105,-0.0422374429223743,0
92143,0.0136339800734135,159
92102,-0.0721311475409836,68
92229,-0.0343275182892515,122
92450,-0.0216956521739128,0
92220,-0.0930521091811414,0
92177,-0.1246376811594203,0
92239,-0.0910817941952506,0
92758,-0.2029384756657484,0
92184,-0.0347551342812005,308
92188,0.0156060343332755,0
92296,-0.2994442628309904,0
92172,0.0486935866983373,0
92183,-0.0313725490196077,0
92243,-0.1394052044609665,0
92221,0.0172016959418535,0
92257,-0.1237337192474674,339
92223,-0.1700829917008299,0
92293,-0.0941519692348493,149
92268,-0.0867009551800146,94
92302,-0.2908045977011494,0
89756,-0.4303017860808867,0
92402,-0.2472757753562446,93
92303,-0.0186335403726708,0
92308,-0.2098185817398777,158
92319,0.0454545454545454,0
92326,0.0,0
92354,0.0825335892514393,0
92445,-0.0572289156626505,0
92454,-0.5069222577209798,0
92428,0.0,0
92429,-0.1822709163346614,0
92432,-0.0472145074334259,175
92400,0.101420678768745,0
92443,0.013732833957553,215
92395,-0.1666666666666667,0
92448,-0.092901878914405,0
92460,-0.1735395189003438,0
92493,0.0133663366336633,318
92464,-0.0039325842696629,0
92466,-0.1717171717171717,0
92478,-0.0390156062424968,0
92465,0.10062893081761,0
92497,-0.0045454545454545,0
91136,-0.3116883116883117,0
92467,-0.0995962314939433,0
92469,0.1081646894626657,0
92528,0.0351966873706004,0
92523,0.0236363636363636,103
92527,-0.2452954048140043,0
92555,-0.0534188034188034,137
92558,-0.1298104537622055,0
91365,0.0103806228373701,0
92687,-0.2714285714285713,0
92614,-0.0086346465191581,111
92587,-0.0357142857142857,0
92611,0.0333630473637174,283
92648,-0.0621761658031088,0
92588,-0.1083123425692695,0
10258,-0.1253968253968254,0
92602,-0.0153435623749165,0
92597,0.1253435953820778,26
92618,-0.0377273748035033,202
92753,0.0067796610169492,0
92670,-0.2125,0
92621,0.0116387337057728,284
92765,-0.0363141171130277,0
92685,0.0247855100095328,327
92688,-0.154092363968907,0
92709,-0.0083292503674669,54
92692,0.0476292286611141,0
92696,-0.0714285714285715,0
92697,-0.1355324489064181,74
92772,0.0083589038197013,265
92771,0.0601427115188584,0
79678,-0.034589800443459,93
92775,-0.0778557753669432,0
92729,-0.0557256582976116,85
92782,0.0607067669172933,242
82526,-0.1249117854622441,0
92777,0.1007220885021293,0
87078,0.0410628019323671,0
91161,0.3191126279863481,0
90183,-0.0467836257309941,0
91892,0.4925373134328357,0
92596,0.005655737704918,0
88244,-0.0774647887323942,0
88278,-0.0828402366863905,0
92185,0.0718954248366012,0
90542,-0.0429447852760734,0
91021,-0.163265306122449,0
90272,-0.1582670203359858,0
90276,-0.0062709030100335,72
90178,-0.1394358701436933,0
90188,-0.3701527717154081,0
90187,0.0183337826907521,0
90164,-0.0778743961352657,0
92457,-0.0453629032258064,0
90233,-0.1297185998627317,0
90097,-0.1891418563922942,0
90200,-0.18050475493782,0
90207,-0.2166666666666666,0
91609,-0.0576271186440678,0
90399,-0.0652173913043477,0
92155,-0.028067650233897,0
54594,-0.0809987819732035,0
13056,0.0220238095238096,403
14526,0.0367045315744472,0
11581,-0.013277428371768,112
15203,-0.0564885496183206,0
16126,0.0384412848867825,1
16249,0.3723629462004525,0
17137,-0.0787148594377509,0
20670,0.0816077953714982,0
64899,0.1163806552262092,0
23660,0.0091720975138789,95
23975,0.0136679363656733,91
82542,0.0032661948829613,0
30680,0.0424242424242424,39
56274,0.0090612540775643,224
31668,0.0154241645244215,0
32046,-0.1113623516110797,311
47511,-0.0676416819012797,118
53866,-0.0051282051282052,0
60628,0.0870952493500354,226
57330,-0.0992443324937029,0
37875,-0.0091264667535854,223
20765,-0.0706006322444678,0
17144,0.0057716436637389,28
39328,0.008882614194535,0
41452,-0.0505812126924285,187
89888,-0.0592592592592593,0
84226,-0.1011632005639761,143
86804,0.0401753104455808,0
64020,-0.0505200594353641,0
51423,-0.0180180180180179,0
67002,-0.0415754923413567,0
52090,-0.006769825918762,331
53613,-0.092809364548495,0
54114,-0.0025720164609054,290
55213,-0.0041379310344827,0
57665,-0.0371931303340006,313
91205,0.0229357798165137,0
35107,-0.0004027386226338,300
61621,-0.026142985881646,210
51692,0.0885805763073639,0
64742,0.0961177343988819,0
65307,-0.0658724597056762,223
66852,-0.0185341196293175,0
46922,-0.0085470085470085,0
67193,-0.0053691275167785,0
77354,0.0387035871617369,70
69199,0.0772316782489006,232
38850,-0.1604307355356817,0
44951,0.2904564315352695,0
74500,0.0897435897435898,0
74740,0.0249406175771973,0
65752,0.0291993720565149,70
40694,0.0610086100861009,124
65306,0.0416229974547086,198
92874,-0.0314769975786926,0
81294,-0.0908054711246201,323
19502,-0.033205268935236,214
81614,0.0252996005326231,0
51086,-0.0023752969121141,0
83601,-0.0018467220683286,241
62042,0.0294117647058822,0
21785,0.0139860139860139,0
10044,-0.1591627172195893,3
10104,-0.0120788302606484,216
75510,0.0490211191613996,231
70092,0.1135888501742161,0
75033,-0.1684491978609626,0
12211,0.0611365846880644,126
80297,0.01,0
75976,0.0021077283372363,41
77488,0.0461828463713478,0
76858,-0.0925925925925926,0
76568,-0.0292112950340797,53
76605,0.0144182374978159,0
76752,-0.0765030388031791,1
77637,0.0016666666666667,0
77669,-0.0846898372195337,257
79094,-0.0737179487179486,165
87055,-0.0172723642172523,0
79866,0.0127886323268207,0
80032,0.0038972948188904,0
80719,0.0786864931846345,0
81138,-0.3087779690189329,0
91364,0.1561181434599157,0
81655,-0.0561434977578475,255
82777,0.1058404980729321,207
83148,-0.0550218340611352,0
83597,-0.0608794855839037,0
20598,-0.0404494882064975,0
89508,0.1925795053003534,0
84746,-0.3543428132205994,0
85040,-0.0021691973969633,0
85982,-0.2306552030833085,0
85272,-0.1376146788990826,0
85394,0.0944057052297939,0
85796,0.016243654822335,259
87092,-0.1669148056244831,149
87184,-0.1364594309799788,281
87214,0.035667107001321,0
88668,-0.0543836519446275,157
88841,-0.0597784742719775,64
88873,0.0219937843652882,193
89216,0.0222784010112182,281
89900,-0.0058317986494781,0
90386,-0.0914771741017184,165
90992,-0.1331278890600924,0
92121,0.0319657689403474,0
92378,-0.0522486772486772,150
90179,-0.1204918032786884,0
