firms,mom1,clusters
21020,-0.0966292134831462,0
11499,0.206060606060606,0
81912,0.0700431034482758,24
27991,0.0904159132007234,20
20482,0.043941411451398,4
10656,0.0952380952380953,0
60038,0.0113780025284448,23
10779,-0.1708860759493671,0
61487,-0.0310734463276836,0
61241,-0.1475770925110132,0
88845,-0.0646004480955937,0
28222,-0.0029330040135844,4
11368,-0.0795964125560537,10
11456,0.3918505942275043,0
28804,0.1727681438664099,24
11587,0.2167876588021777,9
42083,0.0942340791738383,0
11691,-0.0529292929292928,0
11790,0.1749510763209392,0
71271,0.0423076923076923,0
10137,0.026,24
10145,-0.0530759951749094,4
90335,-0.150735294117647,0
45911,0.0272822665267575,0
24643,0.1203904555314532,0
28484,-0.1928217450067578,0
81073,0.0081411126187245,0
39482,0.0326241134751772,0
10225,-0.0077120822622106,12
12758,-0.0593175853018371,10
24109,0.0968109339407745,4
59176,-0.0647887323943663,4
57904,-0.124225352112676,0
66800,-0.3136094674556213,0
13470,-0.0140105078809107,10
13507,-0.0464294726217512,0
13603,0.0587960802613158,0
58560,0.1053894130817207,10
13769,0.0,0
11144,0.1067580803134182,0
85257,0.0995230524642289,10
14008,0.0600720865038044,0
64864,-0.0121457489878543,0
18075,-0.0966872110939908,24
14219,-0.0956687291765826,0
14227,0.099502487562189,0
83112,0.192828685258964,0
39490,-0.1437218134346071,0
14593,0.0487444959870406,0
14761,0.1753973544787903,0
10516,-0.0272529069767442,0
14868,-0.02265625,0
77595,-0.0626111704019921,24
29209,-0.1219512195121952,24
24272,0.046641791044776,0
15457,0.0936842105263158,24
15553,0.0995850622406637,20
15721,-0.0585789871504157,0
29787,0.0891304347826087,16
44644,-0.0676137858458301,4
16030,0.0282965478211658,0
44601,-0.0682148040638606,24
27684,-0.0860495436766622,24
40416,-0.0293674698795179,0
53110,0.0093549975381586,10
52484,0.0078515346181298,0
75034,-0.0670762928827446,24
10318,0.0174273858921161,0
58755,0.0258732212160412,24
57568,0.1346733668341708,10
24221,-0.0256598240469209,0
16505,-0.2542372881355932,0
16548,-0.0427464600587764,20
49656,0.0550755939524836,4
46877,0.0414043922226885,10
39693,-0.2208387942332895,24
47423,0.0743801652892561,0
27887,0.0345770658331705,4
29612,-0.0515166104959076,24
39642,0.0536347517730495,4
17444,0.0218340611353711,25
65875,0.0502392344497606,4
65509,-0.0055555555555555,0
43772,0.0043842168194498,10
11510,-0.003154574132492,0
17778,-0.0174672489082969,0
61508,0.018439904483948,0
18033,1.177952755905512,0
20220,-0.1063299033364515,24
61946,0.0742990654205606,0
62519,-0.1033684751864233,24
65154,0.0262216924910605,0
19561,-0.052396878483835,0
42024,-0.2387878787878787,0
18650,-0.009691629955947,0
52230,0.1042543244506779,0
87146,0.0678417026937145,20
60898,-0.0040816326530612,0
39757,-0.0587044534412956,0
47642,0.2122905027932959,0
17961,-0.1223684210526315,24
19393,0.0195783132530118,0
10874,-0.0649350649350648,0
55597,0.0912052117263844,24
50227,0.015184980673661,4
19880,-0.0949806949806948,0
10890,0.0863309352517986,0
20117,-0.1716697936210131,24
45655,-0.0071237756010685,24
64186,0.0866035182679294,0
67838,0.1197802197802198,24
47626,0.0661612680909717,0
20336,0.1093749999999997,0
62148,0.0903652392947103,24
28564,0.1351819757365684,0
86290,0.0096153846153845,0
87451,0.2484472049689439,0
46690,-0.2122730118973075,24
20504,-0.044334975369458,0
20512,0.113109199895752,0
56602,0.0765053467620391,0
20750,0.058012636415853,20
21371,-0.1454545454545454,0
27334,0.0511587232181895,24
23114,0.0653337088144185,20
20618,-0.074288256227758,24
30402,0.1504761904761904,0
18542,-0.0682459108855048,4
89792,0.1013043478260868,24
22437,0.1261152640462985,20
64557,0.0957966764418378,20
63503,0.120049504950495,20
60599,-0.0048622366288493,0
22374,-0.2185840707964602,24
90011,0.0991292699263228,10
22921,0.1175213675213675,24
64194,0.031617454925529,0
23182,-0.0100426049908702,20
14541,-0.0062996850157492,4
30509,0.0237885462555065,0
23297,-0.048603351955307,0
23393,0.0803660234732444,10
79026,-0.1353711790393014,0
68320,-0.0808823529411765,0
47677,0.0179211469534048,24
86685,-0.3771929824561403,0
23916,0.0071096527208094,20
27422,-0.1020183486238532,0
46578,0.0646453089244851,0
24193,-0.008230452674897,0
11995,0.1301763017630177,0
11308,-0.0237998372660698,4
24441,-0.1672308733920108,0
24476,0.0594262295081966,24
30648,-0.0291891891891891,0
18729,0.0726307808946169,0
61735,0.0519444444444443,4
89525,0.0501089324618737,0
25129,0.0146636914249282,20
25452,0.0010214504596528,10
25487,0.1770833333333334,0
25778,-0.0011461318051575,10
40125,0.0433349034385301,10
26084,0.336980306345733,10
79618,0.1949685534591194,0
26463,0.0284495021337127,20
11404,0.0552735476593344,0
41929,0.1,24
26607,0.0080738177623991,0
26650,0.112591183000317,0
23229,0.0652557319223985,0
30840,-0.1886524822695036,0
21979,-0.0539305301645337,24
27430,-0.0641509433962264,0
59248,-0.0377358490566038,0
22293,0.092517006802721,0
27474,-0.0249201277955272,0
20204,-0.0538592027141645,24
27618,0.0762331838565022,0
53575,-0.02200488997555,3
17726,0.0272340425531916,0
59256,0.3551401869158876,0
31077,-0.0618610747051113,0
27888,-0.0578140960163433,20
41080,0.085723095898859,0
18091,0.0153688524590163,24
83186,-0.0352480417754568,24
19828,-0.0476190476190476,0
28629,-0.0562913907284767,0
29050,0.1113179448994787,0
29058,-0.0593607305936071,0
22859,0.0647977941176469,20
29103,-0.0829493087557603,0
60273,-0.2660550458715596,0
29285,-0.0057395143487858,17
61743,-0.094059405940594,0
11674,0.0578512396694215,20
76708,0.1484966720220335,0
29867,-0.2016806722689075,0
40440,0.0663430420711974,24
79322,-0.0579710144927535,0
44943,0.0175666883539362,0
30147,0.0828601845280341,10
26403,-0.0367464905037159,4
10886,-0.0102040816326529,0
64936,0.051273985530041,0
38682,-0.1379821958456973,24
30593,0.0484210526315791,0
25953,0.0524809160305344,24
20626,-0.0871040723981899,24
30681,0.0354098360655736,24
30761,-0.0702247191011236,0
11703,-0.1001053740779767,4
63132,-0.011572856391373,0
27959,0.031095406360424,4
88590,-0.0070913314586136,0
30940,-0.0511077885007474,9
31051,-0.0303030303030302,0
31070,0.0525762355415351,0
31078,0.0901818181818181,0
42200,0.0694529809465271,24
63159,0.0733333333333334,0
31480,0.2222222222222223,24
11754,0.1340996168582375,0
11762,0.0255172413793103,24
70578,0.0439089692101739,10
82855,0.0543806646525679,20
32054,0.2522321428571428,25
32062,-0.0208333333333332,0
32110,0.0690537084398976,10
22103,0.0096603303209721,4
81124,-0.0645161290322581,0
23042,0.0542437779195914,20
32540,-0.1101000909918108,0
26470,0.0720042987641054,20
32636,-0.1778036025566531,0
32791,-0.0550724637681159,0
32986,0.0433333333333332,20
33137,-0.0050314465408805,0
52476,-0.041146216017634,24
24328,-0.0628187919463088,0
33532,-0.3928571428571428,0
31691,-0.0702604482132042,0
42550,-0.0722061457902714,0
87696,0.1130030959752321,25
33770,0.1200000000000001,0
87717,0.0161536117037488,0
33823,0.075292805354155,0
87725,-0.0440835266821344,0
11850,0.0080749819754866,4
19166,-0.1297148114075438,10
24205,0.0058376083495488,4
34367,0.0255490811295382,0
47706,-0.1083916083916083,0
21135,-0.2547425474254742,0
34818,0.0728571428571427,24
34981,-0.0132196162046908,10
35044,-0.0357995226730311,0
35167,-0.0235496840896036,20
35263,-0.0112589559877174,20
10777,0.0087552261487489,20
66157,-0.0666666666666665,4
36397,-0.0115321252059308,0
54244,-0.0998217468805704,0
36768,0.0729833546734957,0
88924,0.0316485592820028,0
88853,0.0917411664538101,0
37154,-0.1203703703703704,0
25785,0.0556521739130435,0
45241,0.0599409033347402,24
37234,-0.2151499210941611,0
37402,0.0312071330589849,9
37568,0.0899915895710681,24
37584,0.0771877337322364,4
58421,-0.0036697247706423,0
37955,-0.0135261194029852,24
12036,0.0214455917394758,0
38093,0.018615751789976,20
47941,-0.2515723270440251,0
12052,-0.0265377855887521,4
12060,-0.1305637982195845,0
46834,0.1063829787234043,0
55212,0.0666521455020692,24
38659,-0.0161153519932145,10
46674,0.002389486260454,10
39029,-0.2298136645962734,0
57154,-0.1317073170731707,24
32299,-0.0425531914893616,0
12140,0.0294602389781624,10
16432,-0.016593886462882,0
53604,-0.0395238095238094,24
85908,-0.0469953775038521,0
39571,-0.0121130551816958,24
60468,-0.0499999999999999,0
52695,0.0386908537358872,10
39731,-0.2,0
75897,0.588235294117647,0
90213,0.0787878787878788,0
62885,0.1594202898550727,0
84808,-0.0950819672131146,0
23819,-0.0972525076319232,4
54084,-0.1173857868020304,0
40970,-0.0229885057471264,0
25582,-0.0875160875160875,24
25304,-0.026152787336545,24
52978,-0.0460448642266825,10
41188,0.0934065934065933,0
10294,-0.1058252427184466,0
41241,0.0512104283054002,0
41292,0.0228832951945079,10
76927,-0.1076023391812865,0
32651,-0.2776280323450134,0
32707,-0.1172433514440949,0
16600,0.0221465076660989,0
61567,-0.108512628624883,24
52716,0.0037128712871286,0
32803,-0.2567176519222819,0
42140,-0.127699530516432,0
42439,0.0409221902017289,0
42455,-0.1020408163265306,0
21792,0.0948616600790515,24
32934,-0.0180921052631578,24
42877,-0.0065040650406503,0
42906,0.0663265306122449,0
88795,-0.0781990521327012,0
38973,0.0193916349809886,10
64258,-0.0555555555555554,24
43290,0.2394736842105262,0
12570,0.0806216610004857,24
80210,-0.0912499999999999,27
21928,0.1233347657928665,20
56573,0.156395168782905,4
43634,0.1386138613861385,0
57015,-0.084507042253521,0
43757,0.0200803212851405,0
51633,0.0298901098901098,20
12431,0.0331191300049431,0
44274,0.1631254283755996,0
65293,-0.128463476070529,0
46463,-0.1413828689370484,0
44506,0.0785714285714287,0
59328,0.0527989821882952,4
77855,-0.2733812949640288,0
44768,-0.0189274447949526,24
12490,-0.0175009409108016,4
40272,0.0257053291536051,10
45277,-0.0841013824884792,12
45306,-0.0460577673692427,0
21573,0.0528879610299235,0
27705,0.0234968901174843,25
45373,-0.0125523012552299,10
45437,0.2177055103884373,0
45560,0.0035842293906809,0
53065,-0.0362595419847329,24
45728,0.0394581861012954,10
45955,-0.0001923076923077,0
46042,1.6732747804265995,0
46077,-0.083617747440273,24
46181,0.3563579277864992,0
52329,-0.0188811188811187,24
82694,-0.1045838896306184,24
86804,-0.0138696255201109,0
22111,0.0297316896301667,4
42534,0.0898143502257902,0
46886,-0.0648148148148147,24
46923,-0.0573835219794682,0
46931,-0.0718180763429632,0
46950,0.7911111111111113,0
47002,0.0504731861198737,24
42067,0.1094527363184081,24
47088,0.1451063829787233,0
24432,0.0318513603185135,0
12650,-0.0230442692540933,24
24053,0.0515406162464984,20
47205,-0.0534883720930231,10
26825,0.0767630057803467,4
47379,0.0272045028142589,24
44134,0.0158898305084747,24
47619,-0.0303030303030301,0
47715,0.0415973377703826,0
17750,0.0104066294083637,4
33398,0.086021505376344,0
59045,-0.0544318857822724,0
48072,0.0833333333333332,0
48144,-0.2624728850325381,0
89456,0.1213991769547324,25
49488,-0.0346268656716416,0
48267,0.0201342281879193,24
47255,0.2197368421052632,24
12781,0.065958815958816,20
48486,-0.0072546773577701,24
48523,-0.0434121988278706,0
48531,0.0843881856540085,0
48697,0.1206896551724139,0
48961,0.2687500000000002,0
50286,-0.47,0
60943,0.0374659400544958,24
65330,0.2645228215767634,26
10092,0.1546961325966849,0
50876,0.0020248770610356,0
81678,-0.1166666666666665,24
49905,-0.36,0
21178,-0.035633146000239,4
68523,-0.0357142857142855,0
56223,-0.2119815668202764,0
43721,0.0591000671591672,10
76489,-0.0733803437637726,10
62906,-0.0666666666666665,25
59774,-0.078590785907859,25
33849,0.0670731707317073,0
66245,-0.0195376098990557,0
23835,0.0276273022751893,24
34067,-0.1091219096334187,0
50623,-0.0689810640216411,24
50789,0.0812117305833064,20
89790,-0.0512820512820511,0
33937,-0.0962288686605982,0
51263,-0.1932515337423312,0
81311,0.0666666666666666,10
15069,-0.0548933500627352,4
45751,0.0639534883720929,4
51706,-0.270516717325228,0
34032,-0.0752895752895752,26
51829,0.1924686192468618,0
35705,-0.1071428571428571,0
39538,0.0281870595771942,24
51925,-0.1137931034482757,0
51960,0.2174295774647887,0
43449,-0.0254280386506187,0
89915,0.0495594713656386,0
17478,0.0006646726487204,24
81061,0.0692588092345078,0
52250,-0.1337579617834394,0
89813,-0.0061015471780344,0
10507,0.1214495592556315,24
17005,0.0694630872483221,0
22752,0.0137781000725163,4
42796,-0.0522997032640949,0
53015,-0.2383093525179854,0
53074,-0.0195,0
87437,-0.0612244897959183,0
55546,-0.1569259088817303,0
89857,-0.2360248447204969,0
53373,0.0316455696202531,0
53480,-0.0306278713629403,24
53640,0.0252600297176819,24
24010,0.0388635754489412,4
53859,0.0493827160493827,20
54181,0.1163937032914612,10
54253,0.0290350128095644,24
22592,0.0525394045534151,4
24248,0.0881907645722936,20
54675,-0.0601092896174864,10
54704,0.0738255033557047,0
54827,0.0176701570680628,24
76591,0.1455546813532651,10
42614,0.071280563613759,0
22779,0.0940594059405941,24
28345,-0.0794780545670225,0
65365,-0.1762376237623761,24
69550,-0.012112036336109,0
59408,0.1712511091393078,0
84372,0.101489757914339,24
13303,-0.0302233902759527,24
90377,0.3482587064676619,0
55993,-0.1805555555555555,0
56040,-0.0767656090071647,0
80004,-0.0547945205479452,0
78900,0.051342812006319,0
25590,0.0760512973456604,20
52337,-0.2231404958677686,0
58501,0.0728597449908925,24
34497,-0.0660284732449681,9
56937,0.138922640745241,0
64450,0.1133152990682295,20
47466,-0.1651515151515151,24
60986,-0.0955690703735882,24
21207,-0.1636996112134233,0
34673,-0.0104166666666666,0
57534,-0.0085616438356164,25
61815,-0.0085743106926697,10
64311,0.0126344086021505,24
28118,-0.1803652968036529,0
44206,0.0731120731120731,20
38762,0.0907390084190833,20
23931,0.073469387755102,20
58246,-0.0688638334778837,4
24766,-0.0407391852162956,4
58318,-0.1005961251862891,0
58334,0.0442978322337417,20
90458,0.0620625291647225,20
34817,0.0118424049191527,4
11406,-0.110744891232696,0
58756,-0.287220026350461,0
58836,0.0212765957446807,0
34833,-0.01937118164208,0
72611,-0.0927835051546391,0
58975,-0.1209646052119797,10
67029,-0.0909090909090908,24
59089,-0.0632311097059753,24
23026,0.0254035459116168,4
24440,0.096824167312161,20
13610,-0.1100299401197604,24
63714,-0.0469848316685164,24
90705,-0.0586566908726374,0
59871,-0.1661613098847786,25
60098,0.1525065963060685,20
51457,0.0065050266114725,0
60186,0.2498573873359952,0
77157,-0.0216556060076841,0
44230,0.4705882352941175,0
90531,0.1805194805194805,0
22509,-0.0128176298628288,24
60506,0.0864321608040199,24
13688,0.0471261236720239,4
86136,0.0864711033274956,20
61138,0.1348314606741574,0
61146,0.0142857142857142,24
61269,0.0148367952522254,0
58675,-0.0726495726495726,0
41355,0.0165641268338856,24
61496,1.6433291659224865,0
57509,-0.0797155688622753,0
61787,0.4916666666666665,0
61955,-0.1438284518828452,0
22517,0.0150908530951647,4
62034,0.023571713943268,24
13856,0.0559077809798271,0
50550,-0.159322033898305,0
62341,-0.1336278299282164,0
62368,0.2618896639188333,24
21936,-0.0125082290980907,4
21776,0.0666527806706935,4
52898,0.0855063674954517,20
13901,-0.0409596255119952,0
13928,-0.0824607329842932,0
62958,0.2742988859008837,0
63125,-0.2755417956656347,0
89968,0.2107014139173828,0
24459,-0.0415209790209789,0
80185,0.0599775784753362,24
53815,-0.1386138613861386,0
49744,-0.072192513368984,0
23501,0.0354391371340523,24
63715,-0.0565029269534231,9
63811,0.0290368271954675,0
63830,-0.1155383311129949,10
18163,-0.0161725067385444,0
64486,-0.0744336569579288,0
55511,0.157837837837838,24
23712,0.0238468779416378,0
64929,-0.0362581580855692,24
64961,0.1407971159623473,0
65008,0.0659340659340659,0
87043,-0.2782608695652173,0
27756,-0.0835054588374152,0
65163,-0.0207612456747404,0
65270,0.3265306122448981,0
69649,0.0823899371069183,24
66683,-0.1932367149758453,0
65700,0.0612959719789842,0
24942,-0.0049272116461366,4
58771,0.0053151100987092,10
76711,-0.0068454078722191,0
76282,0.0925692695214106,0
66617,0.0170132325141776,0
80294,0.0398080383923216,20
84381,0.0465949820788529,24
35991,0.1858147713950764,0
36003,0.0359066427289047,0
89142,0.1967963386727689,0
45495,-0.0557184750733138,0
67847,-0.1047884904444922,0
54818,-0.0687599364069952,10
66050,0.2373417721518986,0
27633,-0.0092264017033356,0
68196,0.1691510045366169,24
54199,0.1209876543209875,20
41320,-0.1666666666666667,0
68340,0.1187472814267072,0
46340,0.2571428571428571,0
76149,0.0054294175715696,14
68591,0.0533059969246538,0
22840,0.0856507230255838,24
23085,0.081612258494337,20
36281,0.0446927374301675,0
85926,-0.077961019490255,24
41574,-0.1793313069908814,0
51625,0.0242990654205608,24
89651,-0.3157894736842105,0
50243,-0.0245901639344261,0
88742,0.0507509062661832,0
36468,0.0179924242424243,0
49138,0.1094736842105261,0
70536,0.0226991333058192,10
70616,0.122568093385214,0
65402,0.0860286762254085,24
45794,-0.1178485782802329,0
60206,-0.0773675762439807,24
64995,0.048,0
14461,-0.0579787234042553,0
71176,-0.016830870279146,24
26614,0.0452366686638705,20
63335,-0.2348242811501597,0
15720,0.075923392612859,24
71475,0.1049441786283891,20
18411,0.0967969024991199,4
76091,0.0581127733026467,17
58683,-0.0014836795252225,24
71782,0.0495238095238095,0
66093,0.0020169423154499,4
63765,-0.1062801932367148,0
71942,-0.0045998160073595,10
71985,0.2002118644067796,0
17523,0.183673469387755,0
72232,-0.1628614916286149,0
72304,1.4343434343434347,0
39220,0.5692599620493359,0
72494,-0.0210210210210211,0
43481,0.1394891944990177,0
43350,-0.0521008403361343,24
18438,-0.211136890951276,25
72726,0.016146393972013,4
36898,0.051178290883123,9
27254,-0.0904139433551198,20
72980,-0.0746753246753246,0
73139,0.0338189386056193,4
73219,0.0480202190395957,0
14656,-0.2375944791324351,0
37022,-0.0208333333333332,0
52396,0.1672185430463575,24
47861,0.0,17
73681,0.0253164556962026,24
73817,0.2315789473684208,0
66739,0.0133901399878271,0
43334,0.0246913580246914,17
52038,-0.0617696160267111,0
37161,0.0632798573975044,20
62420,0.1414141414141412,0
74406,0.0025062656641603,0
15560,0.0386904761904762,0
42219,0.1630252100840334,0
44513,0.8433048433048433,0
74908,-0.0136363636363637,0
92399,0.1705685618729098,0
74932,0.1911111111111112,0
57007,0.0311405216037368,0
43123,-0.0135554927986443,24
44329,-0.0004459308807135,24
63773,-0.0663147476080501,24
75257,0.0324324324324325,0
66114,0.0266040688575899,0
75460,0.0065681444991789,24
84375,0.7320261437908495,0
51369,-0.0405594405594406,0
37284,-0.2485242030696576,0
79641,-0.0493562231759657,0
15579,0.097938144329897,4
23579,-0.16,0
62092,0.0478026214340787,4
38578,-0.0593220338983051,24
76100,0.0677830940988837,0
50606,-0.1006922592825677,0
14795,0.0100532229450027,24
37399,0.1048440610484404,20
14816,0.0084444444444444,20
62308,-0.0776892430278883,0
76639,-0.0190476190476189,24
37460,0.9318181818181815,0
76946,-0.1596774193548387,0
61209,-0.0156250000000001,20
55001,-0.1062992125984252,0
92583,0.0936170212765956,0
48389,0.0432389937106918,0
59600,-0.0593922651933702,25
45356,-0.0590365809489314,4
76185,-0.0702380952380953,0
77730,-0.0533033033033033,24
17929,0.0572376607216922,20
50278,0.0299500831946757,0
79244,-0.1608333333333332,26
77973,0.0227272727272727,0
78044,-0.0838709677419355,0
24985,0.0700773860705072,20
48725,0.056626750558149,0
63781,-0.1772605192479855,0
89329,-0.0181818181818181,0
78749,0.0175824175824175,0
92655,-0.0609022556390977,0
53663,0.0829715388326097,20
78829,-0.0537714712471995,20
87447,-0.0224872897927258,4
79039,0.0309278350515465,0
79303,-0.0256983240223461,24
17830,-0.0123550655768864,4
39087,-0.0660194174757282,0
79338,-0.1160964666292764,3
67360,0.0268924302788846,0
59619,-0.0152705061082024,10
16555,-0.1058601134215501,0
79573,-0.0686992531510514,0
79637,-0.1106863280538867,0
79776,0.0840097402597401,10
43553,-0.025871172122492,24
79864,0.0418160095579451,0
80128,0.0505757178253898,9
27043,-0.0173378076062639,10
81116,0.100664767331434,0
61700,0.0357142857142858,0
57808,0.2278481012658226,0
15202,-0.0268683675773311,0
56063,-0.249570692615913,0
86008,-0.144345238095238,0
21231,0.0773889636608347,0
53225,-0.02172225,24
24969,0.1243686868686868,20
81700,-0.1111111111111111,0
46068,-0.0026666666666667,0
81702,-0.0718232044198895,24
42059,-0.0403664471800743,10
63829,0.240506329113924,0
38906,-0.0202020202020202,20
62498,0.078279702970297,10
66384,0.0663983903420522,9
59467,-0.0795454545454547,0
38033,-0.0391177694548481,0
39917,-0.0938058368076235,0
25419,0.0099667774086378,24
77053,-0.2612903225806452,7
38156,-0.0697258641239572,24
64135,-0.1116436425148011,0
83030,-0.0520471894517695,7
38172,0.0,0
66747,0.0292682926829268,0
58819,0.1011378002528444,20
25099,0.1070505721668511,0
42286,0.1135790005047956,10
84403,-0.0355577204091573,0
27983,-0.0470588235294117,24
63079,-0.1069767441860465,0
59483,-0.3294573643410853,0
84129,-0.1549707602339181,0
84161,-0.0772277227722771,0
90756,0.2249368155012636,0
72996,0.1045016077170419,0
87426,-0.1519163763066201,0
88664,0.1295590636908001,10
87856,0.273972602739726,0
15318,-0.1337491337491337,0
71563,-0.0196253345227476,20
80072,-0.0362438220757826,20
85586,-0.0279937791601865,23
90916,-0.0597014925373134,0
35917,-0.1597701149425286,0
70332,-0.0500209292591042,4
10116,-0.148148148148148,0
68742,-0.2857142857142857,0
10147,0.1148936170212766,4
38149,0.0685714285714287,0
87637,0.0607424071991,16
10028,0.1340206185567012,0
69032,-0.0596965699208442,0
10078,0.0244444444444444,0
10138,0.0271136307616466,24
10107,0.137865007180469,4
10143,-0.1647928994082839,0
10200,0.3513513513513513,0
10163,-0.1712707182320442,0
89954,0.0982222222222222,4
10272,0.0318822808093193,10
10302,0.069767441860465,0
10299,-0.0012831479897347,0
10324,-0.0586743320933378,4
12217,0.2818181818181817,25
10363,0.0393536121673003,0
10333,0.0123456790123455,0
10353,-0.0185185185185186,0
10382,-0.0303723056825604,10
10397,0.0072262367982214,10
10404,-0.0756097560975609,0
10257,-0.1953488372093023,0
76565,-0.1497418244406194,0
10463,0.1548387096774193,0
70033,-0.0447849145550971,0
10371,-0.0726363636363637,0
10421,-0.0029325513196482,24
10530,0.1815803244374672,10
79698,-0.0058631921824103,0
10606,0.0502194051682105,24
10550,0.0999999999999998,0
79785,0.015134411297927,0
75070,-0.0285108388312912,0
10597,1.141434262948207,0
89849,-0.304635761589404,0
68857,0.0199684708355227,24
76123,0.0371965544244321,0
79903,0.0972716488730724,24
10667,-0.0449385052034058,0
10355,0.0590163934426231,0
10661,-0.0333333333333333,0
45225,-0.3145756457564576,0
75596,0.0692307692307692,0
10693,0.2195945945945945,0
10649,0.0767716535433069,0
79909,-0.1531141868512111,0
75517,-0.0267229254571025,10
10696,0.0790840415486309,0
89386,-0.0891304347826085,0
10785,0.0123456790123455,0
10644,0.0750000000000001,0
89891,0.3,0
70500,-0.0006002400960385,0
75224,0.0085836909871244,26
89659,0.2620481927710845,25
35124,0.1354075372480281,24
71191,-0.1216814159292034,0
10853,0.6938144329896909,0
10026,-0.04317697228145,10
10812,-0.0624203821656049,10
10909,0.0686224052153028,10
62296,-0.027141645462256,0
88779,0.015625,0
90441,-0.0685071574642126,24
75222,-0.2808988764044944,0
10860,-0.3214285714285714,0
10443,-0.1569760721303895,10
10032,0.1204819277108433,10
70308,-0.0409370563180311,10
85570,0.2654402102496715,0
11701,0.0200803212851405,0
71538,0.0,0
11038,0.1210526315789473,0
75215,0.0160729800173762,24
77453,-0.1463878326996198,0
11137,-0.1287128712871287,0
11923,-0.0496760259179264,0
10838,1.0,0
11292,0.3405405405405404,0
11162,-0.3103448275862068,0
87816,-0.8220000000000001,0
64390,-0.0632362058276503,0
65294,-0.0439607341015791,0
12173,0.0484114977307108,0
11378,0.2046834345186472,0
11403,0.0442477876106195,0
11478,-0.0476434426229508,0
76310,-0.2363636363636364,0
85991,0.4112149532710278,0
11481,-0.0110514682664982,0
75101,-0.0771905424200278,24
75470,-0.0202989069819317,24
11552,0.1325757575757575,0
75107,0.4848484848484848,25
11547,-0.0146031746031746,24
87514,0.4285714285714284,0
90196,-0.3905228758169935,0
89048,0.0623188405797101,0
11600,0.044771018455229,10
75104,-0.0681818181818182,0
11043,0.0377073906485672,0
11654,0.1107438016528925,0
11638,-0.0369206598586018,24
11636,0.0561797752808987,0
11641,0.0367563471011747,9
11394,0.1886792452830188,0
75526,-0.0082831325301204,0
11533,-0.1205915813424344,0
11707,0.1444444444444443,25
11775,-0.1112903225806452,0
11781,-0.016,0
75233,-0.0245733788395905,0
75186,-0.003409090909091,0
89686,0.0253164556962024,9
11809,-0.0097212032281731,0
11731,-0.147565543071161,0
11825,0.0795454545454545,25
11910,0.0936454849498327,25
11873,-0.0485436893203884,0
75261,-0.4047619047619047,0
37217,0.0643761929550581,10
75272,0.0958333333333334,0
88197,-0.1067125645438896,0
11599,0.0079402148528724,27
89502,0.0089139103917428,10
10822,3.861111111111111,0
85789,-0.076888489208633,20
11618,-0.001505117399157,10
82107,-0.0433860393366756,20
11896,-0.033271719038817,0
84769,-0.0524109014675052,24
11898,0.2275711159737417,0
10180,0.1203703703703702,0
11884,-0.1251489868891538,0
75182,0.0110166824047843,24
75577,-0.0428907168037603,10
11908,0.0194174757281553,0
75241,-0.093172119487909,0
62084,-0.0140140845070422,0
75320,-0.0741632554779676,3
75285,-0.0039990590449304,24
86168,0.1080870917573872,24
10901,-0.1183606557377049,0
75316,0.3311320754716982,0
11903,0.0,0
11891,-0.1434316353887399,0
11955,0.0206596592968466,4
88283,0.1468624833110814,0
89715,0.1711798839458413,0
90044,0.0509062861550329,0
11752,-0.0737499999999999,10
81774,-0.0793679955906668,0
12149,-0.0952380952380953,0
12188,0.0714285714285714,3
12248,-0.042127659574468,20
12067,-0.0686001115448968,24
75573,-0.0214592274678112,0
11917,-0.028673835125448,0
11976,-0.0090909090909091,0
75326,-0.1705342687533729,0
28223,0.1200000000000001,0
17743,-0.0101429230059936,0
12226,0.2434782608695653,0
12074,0.0346820809248555,24
87137,-0.1382036685641998,0
12214,-0.1001799640071985,0
12062,0.1120406824146982,0
12190,-0.0260594893392999,0
80926,-0.25,0
12209,0.1497326203208555,10
75432,-0.0824774354186119,10
75383,0.0542435424354244,10
11992,0.0556733828207847,20
36346,-0.0351955307262569,20
75672,0.032258064516129,0
85269,-0.2449709432275368,0
75733,0.0200860832137734,0
12169,-0.291784702549575,0
75591,0.0522483940042826,24
82540,0.1102941176470588,0
75447,0.1541850220264318,25
75730,-0.1965317919075144,0
10375,-0.068941504178273,20
75694,0.0587356893977102,0
63467,0.0337136929460579,24
75649,-0.0499286733238231,10
75646,0.0781781101291636,0
75607,-0.0031989763275752,0
75654,0.0794499618029029,24
75603,0.1568123393316194,25
10051,-0.0755102040816326,0
75825,-0.072004372181992,0
75853,-0.0963855421686746,0
75854,-0.0505050505050505,0
11131,-0.0407239819004524,7
10304,-0.2336448598130842,0
76148,0.2348008385744235,0
15070,0.0756972111553784,20
16644,-0.14,0
75556,-0.1428571428571428,0
86124,0.0396694214876034,20
11628,-0.3729096989966556,0
75831,0.125866050808314,10
11748,-0.125,0
75828,-0.0552414093083949,0
11348,0.0840681951793063,20
11506,-0.1801007556675063,7
23799,-0.077389984825493,0
11285,0.1370558375634518,20
11442,-0.0434782608695651,20
10769,0.1049723756906078,0
86896,-0.0606451612903226,20
11018,-0.1922290388548057,0
11513,-0.0057110222729869,20
87952,-0.1086300543150271,20
35503,0.0526315789473685,20
11847,0.368421052631579,0
10563,-0.3470588235294116,0
88891,0.1229508196721311,0
10252,-0.0305118110236221,20
10205,0.0604166666666667,7
89440,-0.0758928571428573,0
90086,0.0294795025333947,20
10290,-0.0348837209302325,0
10638,-0.2503961965134705,0
11652,-0.0683333333333333,0
11208,-0.0211907164480323,0
75550,-0.1827272727272727,7
52936,0.008750754375377,0
56611,-0.2392739273927392,0
56710,-0.0088257575757575,0
10297,-0.014014014014014,20
12068,-0.1809841534612176,20
75860,0.0398069963811822,0
75856,-0.0493827160493827,7
11786,0.0092695587690025,0
75509,-0.0176245210727969,20
81577,-0.0061162079510703,20
12106,-0.1307692307692308,0
10932,0.0790884718498661,0
11293,-0.1150334753499695,20
93105,-0.2494714587737845,0
11750,-0.1422018348623853,0
11593,-0.1538461538461538,0
69586,-0.0544747081712061,7
35685,-0.1172332942555685,20
89207,-0.057882711348058,16
10308,-0.0082730093071354,20
77519,0.0443262411347518,20
92807,0.1212121212121213,0
12281,-0.0063291139240507,7
83469,0.0031486146095718,20
86814,0.032171581769437,20
86384,0.0419117647058824,20
10781,-0.1632653061224489,20
84725,-0.0454545454545454,7
83642,-0.016887816646562,20
76037,-0.3358395989974938,0
76331,-0.2714285714285713,7
83641,-0.0327225130890052,0
75773,-0.1020408163265306,0
87759,0.0002727272727272,0
86566,0.1344,20
88797,0.0039215686274509,0
90534,-0.0148467432950191,20
12166,0.0025706940874035,20
10913,0.1519450800915331,20
77643,-0.1432432432432433,20
77379,-0.0615156017830609,20
11006,-0.0744,20
86382,-0.0516129032258064,7
77889,-0.0702479338842975,20
88976,0.0389926888708365,0
39766,-0.2742857142857142,0
11565,-0.1447368421052631,20
75714,-0.0236486486486485,0
76359,-0.1571428571428571,10
81620,-0.0860215053763441,0
75912,0.0094991364421415,10
85299,0.0171306209850106,20
77181,-0.2281879194630872,0
10002,-0.2853717026378897,0
89738,0.0222222222222221,7
77415,-0.0104831358249771,20
90561,-0.0090090090090089,20
83155,0.2756521739130435,20
79851,-0.0795631825273011,7
77798,0.0659186535764375,20
89211,-0.023785594639866,20
11844,-0.0283327279331638,20
89141,-0.0042937853107344,10
76266,-0.1034920634920635,20
91855,-0.022319795096963,20
90136,0.0398373983739837,20
85726,-0.1468253968253968,24
75906,-0.062072113190324,0
77236,-0.0470873786407768,0
76060,-0.0091743119266055,7
11056,-0.3071428571428571,0
77528,-0.1860776439089692,20
79747,0.0338397790055249,20
75755,-0.0192307692307693,0
89828,0.019627579265224,20
11397,0.0556542332741265,20
90058,0.4185303514376997,20
76013,0.0508972267536704,0
89903,-0.1986455981941309,0
20395,-0.0598425196850394,20
76023,-0.0169023801310796,0
84516,0.1899717514124295,20
77300,0.021865889212828,0
75930,0.2802907915993538,0
76215,-0.0500308832612723,0
87652,0.2828282828282826,7
76082,-0.1278109877597495,0
76095,0.1247040252565114,0
76391,0.0381679389312976,0
76963,0.2805555555555556,0
76127,-0.0850574712643676,0
76128,0.3272058823529411,24
76435,-0.0499999999999999,7
76135,-0.0894664842681257,0
78981,-0.0531578947368421,10
76138,-0.0336473755047106,0
76139,0.030570652173913,10
76415,0.3294117647058823,0
76868,-0.0423076923076922,0
88965,-0.2034976152623211,7
79584,-0.1174899866488651,7
89655,0.215,0
76392,0.1906501095690285,10
89885,-0.0467289719626168,0
88871,-0.14798476037698,0
76372,0.0947368421052632,0
76544,0.2173913043478261,0
76195,-0.0285714285714285,0
83671,-0.0152403282532237,0
89485,0.2325203252032519,16
76202,-0.0352941176470588,20
76367,0.1073825503355703,0
76201,-0.013500482160077,0
87053,-0.05,0
79259,-0.035,0
76207,0.0074812967581048,25
84911,0.1162790697674418,0
85685,-0.2708333333333333,0
76360,-0.3249999999999999,0
89369,0.170940170940171,0
90069,-0.1629213483146068,0
81651,0.1499999999999999,0
90053,-0.0122202081508789,0
77486,0.2285714285714286,0
76240,-0.1285166240409206,24
76330,0.0952380952380953,0
76230,0.0234619395203337,24
76461,0.2244897959183673,0
76223,0.1462205700123915,0
89948,-0.060820895522388,0
11644,-0.1702234496610595,0
76261,-0.0659298780487803,10
76224,0.1803278688524592,24
89100,0.0763358778625953,7
77256,-0.0690087829360099,7
76477,-0.0455440954919458,10
76478,0.1029049729197439,0
90608,0.0807999999999999,0
79037,-0.1549755301794454,0
89148,-0.2346938775510204,0
78071,0.1418918918918918,0
76529,-0.0793650793650793,20
76515,0.1224354731965586,10
76504,-0.082046332046332,7
83551,-0.5728542914171657,0
76553,-0.1574725274725275,0
76879,-0.0735294117647059,25
90099,0.1226415094339621,0
88284,-0.0431981811292155,16
76582,-0.0260563380281689,0
76584,-0.0209973753280839,10
76613,-0.0918727915194347,0
76614,0.1735428945645056,0
77004,0.2216748768472907,0
76619,0.0365650969529085,24
76978,0.0754716981132073,0
76622,0.0999999999999998,0
76624,0.0487483530961792,0
76625,-0.0284685302692506,0
76644,0.0487089201877934,0
76888,-0.1949152542372881,0
76837,0.07082472290062,10
76638,0.1791208791208791,0
76661,0.1956521739130434,0
76686,0.2149253731343283,0
76695,-0.0634861006761833,10
76856,0.1594970218398412,24
76709,0.1,24
76710,0.0501193317422434,16
76934,-0.0206896551724138,0
76712,0.162162162162162,24
76714,0.0967002749770851,0
76721,0.0620335820895521,10
76684,-0.0698539937016889,20
76960,-0.2330935251798561,7
76732,0.1247746123332131,0
76736,0.3325123152709361,0
76980,0.0534591194968552,10
88031,-0.158669574700109,0
76744,0.2082633523681558,0
76750,-0.0377994011976047,0
90277,-0.0041841004184101,0
76945,0.1849710982658958,0
76788,0.1236424394319128,16
76795,0.0838295923041687,24
76792,-0.0365816169689517,0
76869,-0.1538461538461538,0
76798,-0.1127572016460906,10
76999,0.1135303265940903,0
76892,-0.0712524654832347,20
81564,-0.0944393382352942,20
76841,-0.1282100791658621,0
89213,0.1001236093943138,0
77235,0.3025581395348837,0
77037,0.1398981324278438,10
85426,-0.1049295774647885,0
77202,-0.0059880239520958,0
77087,0.022915340547422,0
77090,0.7255160298638559,10
77117,-0.44,0
77114,-0.0059910134797803,0
77165,0.0687593423019432,17
77182,0.0342516753536858,0
77191,0.1160888196338136,9
77175,-0.0567732662594322,0
77178,0.0369350768524889,0
77259,0.0591133004926109,0
77262,-0.1797520661157025,0
77264,0.1925795053003534,0
90464,0.1413237924865831,0
77271,0.1103603603603602,25
77274,0.0867749419953596,0
77292,0.1366906474820144,0
77279,0.1743853630646084,0
77282,-0.1385281385281385,0
77281,0.0058293587705351,0
77289,-0.1911764705882352,0
77327,0.102661596958175,0
77340,-0.0657894736842105,0
77338,0.054211261051652,10
77347,0.0196428571428572,24
77366,-0.2879213483146067,24
77461,-0.0527131782945736,0
77413,0.0711297071129706,0
77418,0.0755764304013664,0
77421,0.0798898071625344,0
77425,-0.0417847025495751,0
78147,0.4880952380952381,0
77443,0.4545454545454543,0
77437,0.0429447852760735,0
77447,0.1379977876106195,10
77496,-0.0676770316174549,0
77768,-0.0290983606557377,0
77507,-0.046774193548387,20
77515,-0.0634517766497462,0
77520,0.0072765072765073,10
77521,0.4372754257147322,0
83738,0.0500320718409237,20
77575,0.5392405063291139,0
77582,0.0056179775280897,0
77585,-0.0161725067385445,20
77599,0.1009174311926603,0
77610,0.1126279863481229,0
77605,0.0787234042553191,24
77649,0.1036817604739737,10
77629,0.0917838638045891,16
77630,0.0406976744186047,0
77660,0.024859287054409,10
77668,0.0733801717408275,0
77673,-0.2173737373737373,0
89810,-0.026595744680851,0
77683,-0.1049999999999999,0
84776,-0.0172594142259415,0
77702,-0.0347463516330784,24
87505,0.0020850708924102,20
90352,0.1293532338308458,24
77763,-0.2510841283607978,0
77780,0.0300469483568075,0
77783,0.0077519379844961,0
77785,0.009933774834437,0
77787,0.1505056513979774,24
85759,0.0692307692307692,0
77868,0.0207715133531156,25
77865,0.2800666666666667,0
77892,0.0960149502500125,0
77898,-0.3793103448275862,7
77900,-0.0281690140845068,0
77902,0.0140679953106683,24
77918,0.1379703534777652,24
77917,0.0952380952380953,24
77971,0.0481809242871189,0
77976,0.0754524598521539,9
77982,-0.0081967213114755,16
84315,-0.1999999999999999,0
78018,-0.3938775510204082,0
78008,0.0311284046692608,0
78009,-0.0031496062992125,20
78015,-0.079243353783231,27
78186,-0.3339350180505415,0
78051,0.1737089201877935,0
78062,-0.0181818181818181,0
78077,-0.1912607449856734,25
78068,0.0779220779220779,0
78073,-0.2405063291139241,0
78081,-0.0402684563758389,0
78082,1.0393939393939395,0
78210,0.2055555555555555,16
78189,0.066079295154185,0
78197,0.0106007067137809,16
78139,-0.1009174311926605,10
78172,0.016707168894289,24
78170,-0.0364727608494921,0
78208,0.0116279069767442,0
78211,-0.0214424951267057,0
78137,-0.0153121319199057,0
78804,-0.1631046119235095,0
78156,0.1584637268847795,0
78193,0.448377581120944,0
78213,0.0331412103746397,0
78840,-0.0092592592592591,0
78195,0.0189573459715639,0
88944,-0.2637614678899083,20
78841,-0.0723684210526314,0
86889,-0.1870503597122302,0
78908,0.0426666666666666,0
78877,-0.1248896734333628,0
79033,-0.2536231884057971,0
78875,-0.0316205533596838,9
78889,-0.1914285714285714,0
78876,0.1812366737739872,0
78915,0.028032619775739,10
78916,0.1137190082644628,10
78869,-0.1850746268656716,13
82640,-0.1483050847457627,0
79019,-0.0124999999999999,20
79065,0.0058823529411764,0
79006,-0.0131926121372031,0
48653,0.0296840089371208,0
78955,-0.0582865168539326,1
78990,0.2086956521739129,0
78950,-0.1232638888888888,24
78987,0.0454334724153917,0
78977,0.0545556805399325,24
79072,-0.1036806635562467,20
79089,0.0778871978513875,10
79080,0.0625,0
79108,-0.3650724637681158,0
79131,0.1162790697674418,20
79116,0.0900140646976088,20
79133,0.089003547242825,24
79103,0.0563106796116505,0
88597,-0.0996677740863787,0
78910,0.096153846153846,0
79150,-0.0594059405940593,25
79212,-0.1082534486789806,0
79166,0.0875471698113208,20
79198,-0.1736725663716813,0
79159,-0.2304241435562805,0
79237,-0.0652994464016104,0
79323,-0.0516906335017489,0
79247,-0.2746113989637305,0
79299,-0.085239852398524,10
79248,0.3738738738738736,0
79249,0.0273972602739724,25
83659,0.0700280112044817,0
79265,0.0044523597506678,10
79313,0.0689655172413792,0
90092,-0.0895361380798274,16
79390,-0.2035928143712574,0
79444,-0.1218934911242602,0
18649,0.0917638209853328,24
79417,-0.1639344262295081,0
79382,-0.0812720848056537,0
79399,-0.0370009737098343,0
79666,0.0347826086956521,0
79467,-0.0487588652482268,0
79507,-0.1020910209102091,0
79472,0.0903225806451613,0
79499,-0.0135135135135135,0
79545,0.0589147286821705,24
79490,-0.0784313725490195,0
88568,0.0,0
79502,-0.1459781529294935,0
79529,0.0343529411764707,0
82763,0.0135135135135133,0
79491,0.3451191391237509,0
81103,0.0041841004184099,0
80069,-0.1537425437752549,0
79564,0.0049545829892652,0
79588,-0.2897645362806342,0
85913,-0.055222602739726,24
79628,-0.0191235059760955,10
79668,-0.0884279475982533,26
79731,-0.0566037735849056,7
79712,-0.4120689655172413,0
79724,0.0950943396226415,0
79758,-0.1533864541832669,0
79686,0.2123878536922014,0
79689,-0.1830985915492957,0
79740,0.1147540983606558,0
79734,0.0066666666666665,7
79702,0.0869565217391303,0
79824,0.0313331968052426,20
79857,-0.103207810320781,0
79828,0.2062499999999998,0
79906,0.0,0
79790,0.0523255813953489,0
79862,-0.1062176165803108,0
79839,-0.0560507370586219,10
79795,-0.0503992015968063,0
79791,0.1640625,0
79878,0.0863427445830598,3
79802,0.1134751773049647,0
79846,0.0533880903490757,25
79915,-0.0955149501661128,0
79841,0.0,24
80223,-0.1128712871287127,0
79879,0.0612244897959184,0
79796,0.11284046692607,7
79884,-0.0299295774647887,0
79799,-0.0431300061614294,24
79859,-0.0334538878842677,20
79885,0.0006316447779861,0
79977,0.1619433198380566,0
80023,-0.0904255319148935,0
80034,-0.0701689933872152,10
80049,0.193258426966292,0
80080,-0.0854247104247104,24
80001,0.793478260869565,0
80012,-0.0620155038759689,0
80007,0.0505920344456405,7
80050,0.002403846153846,10
84723,-0.2915662650602411,0
80000,-0.1759493670886076,0
79965,0.3055555555555556,0
80079,-0.1331471135940409,24
80054,0.1937500000000001,0
80167,-0.0908561444379733,24
80113,0.1054018445322795,0
80112,-0.2694300518134715,0
80159,-0.208433734939759,0
80165,0.0287081339712917,0
80135,0.1976744186046513,0
80279,0.6742857142857144,0
76697,0.0380507343124165,0
80236,-0.0675862068965517,1
80258,-0.1119589527693724,0
80204,-0.0317908432551859,27
80254,0.1633624107850912,0
80191,-0.0939050318922749,24
80193,-0.2823529411764705,0
80237,0.5999999999999999,0
80266,-0.0710622710622711,10
80353,0.2173913043478261,0
80361,-0.0057321521625848,0
80306,0.0024875621890549,0
80375,0.3298913043478262,0
88681,-0.0108065366367948,10
80343,0.0909090909090908,0
80316,-0.0342679127725856,24
80362,-0.0088924818108325,10
80368,-0.0580847723704867,0
80341,-0.1245791245791245,0
80310,0.2918918918918918,0
84584,0.0637331936441416,0
80336,0.0361290322580645,20
80357,-0.1774193548387097,0
80303,0.3419580419580419,0
80439,0.0591216216216214,0
80485,0.1760154738878143,0
80434,-0.0053191489361702,23
82541,0.1155555555555554,1
80415,0.0260162601626015,24
80478,0.1055555555555554,0
80446,-0.1118560338743824,24
80539,-0.0399999999999999,0
46392,-0.0197115384615385,24
80568,0.1518357187305539,10
80587,-0.1420210801443222,0
80585,-0.2655502392344497,0
80569,0.0153846153846153,7
80534,0.4938271604938269,0
80498,0.0079744816586921,7
80557,-0.1209439528023599,0
80577,0.1851851851851851,0
80560,0.4036144578313254,0
80563,-0.1197459933474448,0
80575,0.0374280230326296,10
80679,0.0100574712643679,25
80621,0.0733210104744301,26
80625,-0.0780669144981413,0
89099,0.2942779291553135,0
80670,0.2209072978303747,0
80633,-0.415,0
80768,-0.1297297297297297,0
80759,0.090017513134851,10
80828,0.1473272490221644,25
80791,0.0332050048123193,10
80820,-0.2401960784313725,0
80797,0.0065876152832673,0
80795,0.0851133749589221,0
80812,0.0597014925373133,0
80804,0.5540201005025125,0
80808,0.0605726872246696,20
80816,-0.1198501872659175,0
80837,-0.109375,7
80858,-0.0267857142857143,0
80928,-0.1281373844121532,9
80924,0.2303290414878398,0
80955,0.0224095913050785,0
80864,0.0105290866017373,0
80918,0.0666666666666666,0
80913,-0.0115709835336003,10
80940,0.5506329113924051,0
80943,-0.0923076923076924,0
80951,0.0364683301343571,0
80915,0.8689956331877731,0
81010,0.0430210325047799,0
80960,-0.0075614366729678,0
80969,0.7799352750809063,0
80990,-0.0793650793650794,7
81084,-0.0364963503649635,0
81095,0.0222222222222221,20
81109,0.3445378151260505,0
81085,0.4797136038186156,0
81055,-0.104746317512275,0
81182,-0.0130624092888244,0
81162,-0.0040816326530611,10
81184,0.1713462922966162,24
82248,0.2307692307692308,0
81173,-0.2273342354533152,0
81128,0.0966336202200675,0
88379,0.0583941605839417,0
90359,-0.0310077519379845,7
81148,-0.1607142857142856,0
88865,0.2152777777777779,0
86993,-0.1666666666666666,0
85205,-0.1325581395348837,0
81220,0.2794701986754968,0
81226,-0.0591397849462365,11
81206,0.1490683229813663,7
81241,0.157622739018088,25
81275,-0.0571428571428571,0
81256,-0.050179211469534,25
81259,0.1195020746887967,7
81254,0.0191912268677176,0
81293,0.0726341169379145,0
81292,-0.1006535947712419,24
81282,-0.0637156270959087,24
81278,0.0222222222222223,25
81298,-0.0958408679927668,0
81501,0.0636492220650635,10
87532,0.1374999999999999,0
81540,-0.5218328840970351,0
81566,-0.1507537688442211,0
81541,-0.0019588638589619,7
81546,-0.1542792792792794,7
81560,0.0,7
81530,0.1379310344827586,0
90470,0.1924767953102102,20
81588,0.0365853658536585,0
81533,-0.0652358090934762,20
81539,0.0743589743589745,0
81565,0.1251461988304092,0
81562,-0.0178571428571429,25
81584,-0.0152143845089903,10
87476,-0.0018518518518518,20
81624,-0.0148305084745761,0
81647,-0.0175438596491226,0
81621,0.0225694444444444,0
81705,0.0523897058823528,10
81736,0.0987321284057187,10
85332,0.1017857142857143,20
81740,0.1022727272727272,0
81741,0.0398098633392751,0
81756,0.414689911403258,0
81670,0.1940298507462685,0
81857,-0.0938200448286903,24
81696,-0.0115853658536584,0
81666,0.144486692015209,9
81665,-0.0293398533007334,10
81691,-0.1268382352941176,0
81677,-0.0983744394618834,10
88719,-0.1150959132610509,7
81776,-0.0767236910316225,24
89611,0.4231464737793851,0
81870,-0.1085714285714285,0
81893,0.0128571428571429,25
82251,0.1875,20
82231,0.1256038647342996,10
81850,-0.1887550200803213,0
81869,0.2476894639556377,0
81889,-0.052863436123348,0
82155,-0.14,0
82171,0.0242499999999998,0
81925,0.112094395280236,0
82212,-0.1117078410311493,0
82179,0.021186440677966,24
82176,0.02,0
83631,0.094990418833835,20
85832,-0.3852459016393442,0
82234,0.0507080858839652,0
82281,0.0092687950566425,0
82272,0.040246913580247,16
82266,-0.1419878296146043,0
82287,0.8325581395348838,0
82504,-0.0786240786240787,0
82508,-0.0141039823008849,0
82471,-0.0920353982300885,0
82298,-0.014594209776934,0
82518,-0.0976331360946746,0
82515,-0.0499139414802065,24
82521,0.043879907621247,1
82307,0.0964309465750388,16
82575,-0.3788617886178862,7
85032,-0.0481651376146788,0
82567,0.4750000000000001,0
82581,0.0529205094422486,10
82618,-0.0613026819923372,0
82649,0.2109479305740988,0
82544,-0.04,0
82552,0.1717391304347826,0
82643,-0.0299877600979192,0
82546,0.0684261974584554,10
82547,-0.0486772486772485,25
82642,-0.0123941958887544,0
82651,0.1881348107109879,10
86042,-0.1536523929471033,26
82634,0.0375175315568021,0
82638,-0.0807237299930409,0
82587,0.158244680851064,0
82635,-0.1143984220907298,0
82607,0.3773946360153257,25
82554,-0.2952459016393443,0
82599,-0.1082606464853771,0
82762,0.209205020920502,0
82734,0.2601279317697227,0
82720,0.0807974816369361,10
82686,0.0152817574021013,10
82759,-0.0241935483870968,0
89736,-0.0555555555555555,20
82717,0.0467252396166135,10
82768,-0.0915032679738563,0
82755,-0.0676156583629893,0
82766,-0.0135746606334842,0
82775,-0.1722454672245468,0
82699,0.2382978723404256,0
82747,0.1386138613861385,0
82800,-0.023411371237458,0
82812,-0.1883116883116883,0
82837,0.1569506726457399,24
84578,-0.1029411764705883,7
82824,0.0791896869244936,0
82825,-0.320450885668277,0
82839,-0.0166666666666666,0
83875,0.2742857142857144,0
86122,-0.1005484460694697,0
83131,-0.0748230535894843,5
86098,0.3404255319148936,0
87832,0.361290322580645,0
85838,0.0909090909090908,0
83529,0.3854748603351954,0
84825,-0.2405063291139241,0
90710,0.0363447559709242,0
83145,0.0785340314136127,0
87471,-0.146153846153846,0
83149,1.3214285714285712,0
83120,-0.0892728581713463,24
88979,0.0080645161290322,7
83123,0.0662460567823344,0
84397,-0.0897435897435897,7
87005,0.2043795620437953,0
37381,-0.0119760479041916,0
83111,0.1263013698630137,0
83124,-0.0384894698620188,0
83374,0.1314814814814815,0
90049,0.0303030303030302,0
82859,0.0858283433133733,0
83303,-0.0243902439024389,0
84157,0.1491053677932405,0
83307,-0.0944026733500418,10
83152,0.0963244613434728,15
83143,0.0550458715596329,27
83272,0.0445344129554654,0
83317,0.01,0
88163,0.0818713450292396,0
83291,-0.0548469387755101,0
83283,0.0040268456375838,0
85406,-0.0688259109311741,0
83304,-0.0592334494773518,0
83244,0.0399334442595673,0
83390,-0.0618131868131868,10
83373,0.2795348837209304,0
83413,0.1867924528301887,10
83411,0.0,0
84215,-0.176470588235294,0
83414,0.0769230769230768,7
83421,0.0207446808510638,0
83366,-0.0957165520888417,10
83362,0.1949685534591196,0
83377,-0.6996238581407845,0
83386,0.0219869706840392,0
83382,0.0499999999999998,0
83405,0.170999422299249,10
83422,0.111179361179361,10
83520,0.0062745098039216,0
83504,-0.1691331923890063,7
88596,-0.0001999600079983,0
86744,-0.1999999999999999,0
83509,0.0099561927518916,0
83462,0.0699013157894736,10
83565,0.0351826792963465,0
83534,0.0521172638436482,0
83452,0.4493062966915691,14
83503,-0.09375,0
83575,0.1809523809523809,0
83558,-0.3153526970954358,0
88811,0.0858085808580857,0
86091,-0.0021815008726003,20
83616,0.2328482328482328,0
83690,0.0258799171842649,0
83592,0.161290322580645,0
83651,-0.378014724549378,0
83664,-0.0113250283125707,1
89202,-0.0583232077764277,20
83621,0.0449362843729039,0
83630,-0.0452830188679245,0
83661,-0.0833333333333333,10
83602,-0.212215320910973,0
89524,-0.1974522292993631,0
83683,-0.1316614420062696,0
83774,-0.0462151394422311,20
83720,0.139310344827586,0
83779,-0.0060286360211002,0
83800,0.1212121212121211,0
83799,0.183643566505671,0
90687,-0.1428571428571429,0
83756,0.1763803680981595,0
83916,0.3139635732870773,24
83879,-0.1763754045307443,0
83832,-0.0246125797629901,0
83844,0.0658914728682169,0
83908,0.07085346215781,0
83893,0.3944562899786781,0
83862,-0.1041666666666666,0
86300,0.0819672131147541,18
83910,0.0,0
83906,0.0310124049619848,10
83885,0.4413145539906102,0
83903,-0.2325925925925926,7
83831,-0.1098901098901099,0
83934,-0.0423529411764704,0
83929,0.4021226415094339,22
83969,-0.0303030303030302,0
83928,0.070965417867435,10
88436,0.1249215317011929,0
83950,0.5676229508196722,0
83961,-0.1126385809312637,0
83965,-0.0947368421052631,0
83953,0.2154696132596685,0
84140,-0.1140000000000001,7
88905,0.5478260869565219,0
84023,-0.0453474676089517,10
84026,-0.0955414012738854,0
89758,-0.0833822548365577,20
84103,0.0848026868178002,24
89425,-0.2093750000000001,7
84062,0.1764295676429568,0
84120,0.0101449275362317,0
84636,-0.1066666666666668,0
90101,0.0364285714285714,0
84058,0.0875576036866361,7
84020,0.0548172757475082,0
85996,0.0665236051502145,7
84042,0.3594771241830066,0
84010,0.1210407239819004,0
84060,0.0744431418522859,0
84041,0.0149708195889368,10
84032,-0.154324184360435,0
84057,0.1206896551724139,0
84056,-0.0117647058823529,0
84168,0.0593220338983051,0
84146,0.6751724137931037,0
84203,-0.0064724919093851,3
90666,0.2338194054963545,0
84280,-0.1072664359861591,0
84234,0.0188811188811188,0
84281,-0.1467625899280575,0
84172,0.0544452101998622,0
84262,-0.0093708165997321,0
84210,0.0595597755718602,10
89801,-0.0504201680672268,0
84348,0.0223285486443383,10
84325,0.0250000000000001,10
84330,0.1925925925925926,0
84311,0.15625,0
84365,0.0562835020845742,24
89268,-0.2307179487179487,0
84342,0.0111301369863014,24
84291,-0.0054869684499314,0
84364,0.170871013802951,10
84302,0.5138888888888891,0
84320,0.2397003745318353,10
84373,0.0806204519341249,16
84319,0.6769509981851181,0
84309,0.0992366412213738,0
84331,-0.0135999999999999,0
86440,0.1929460580912863,7
85176,-0.2249999999999999,0
88984,-0.1737704918032786,7
84438,0.0169811320754718,24
84441,-0.0999999999999999,0
84385,0.0823255813953487,10
84413,-0.1693548387096773,0
84511,0.2596899224806202,0
84559,0.0350584307178631,10
84531,0.0098489822718319,10
84562,0.026246719160105,0
84561,0.0993377483443709,0
84563,0.1077722548576594,10
88424,-0.0028571428571427,0
84546,0.0100502512562812,0
84555,-0.2305173542894565,0
84571,0.1200000000000001,0
84624,-0.0336730172795747,0
84604,0.2027972027972029,21
84606,0.2156739811912227,24
84389,0.0477664750110571,20
84738,0.1807971014492755,0
84737,-0.0044025157232704,24
84749,0.1717171717171717,7
85211,-0.0176211453744493,0
84607,-0.0381679389312977,0
84656,0.0356371490280778,24
84734,-0.2842105263157893,0
84792,0.0263929618768328,0
84780,0.0937950937950937,0
84827,0.1973684210526316,0
88653,-0.0265866209262436,0
86075,0.0543840177580465,0
85204,0.0,0
85035,0.3192982456140349,0
85002,0.2950819672131148,0
85075,0.0158267716535434,0
85072,-0.0052025269416573,10
85034,0.0997506234413965,0
85067,0.0338345864661655,10
85013,0.238390092879257,0
85047,-0.0635451505016724,0
85077,0.4769797421731123,0
85020,0.0511129431162404,7
85059,0.0986066452304395,10
85168,-0.0337777777777777,26
85187,-0.0512820512820513,0
85177,-0.1176470588235295,0
85173,-0.0985820391627279,0
87364,0.0441176470588233,0
85175,0.3527272727272728,0
85158,0.2026726057906458,25
89022,-0.1323692992213571,0
85245,0.0610687022900762,0
85198,-0.1447212336892052,0
85246,-0.066191155492154,24
85680,-0.1502683363148479,7
85231,0.0007621951219514,0
85216,0.4235294117647059,0
89038,-0.0023455824863173,20
85223,0.0388611004232397,0
85280,-0.1967213114754099,0
85291,0.1112828438948996,0
85320,-0.0222222222222222,0
85319,0.094707520891365,10
85298,0.1769230769230769,0
89825,-0.0649999999999999,0
89898,-0.581151832460733,0
85401,0.157750342935528,0
85349,0.7215686274509805,0
90012,0.0280437756497948,0
85333,0.1285714285714287,0
85348,-0.0372509384926363,0
85372,0.0064808813998704,10
90638,0.0854545454545454,0
89270,0.2555205979232211,7
85353,-0.0611620795107032,0
89292,0.0511363636363635,0
85395,0.0445969125214407,0
85453,0.0270270270270269,0
85486,0.0317073170731709,0
85611,0.1111111111111109,0
85418,0.0416284052647688,20
85502,-0.0476190476190476,0
85516,0.0567375886524823,26
85482,-0.0902311707680836,0
85440,0.4860681114551084,0
85488,0.1331521739130436,0
88635,-0.0977049180327869,0
85517,-0.0249175522169292,0
85432,0.471111111111111,0
87139,-0.0099150141643058,0
85500,-0.0336538461538462,0
85424,-0.0779283639883833,10
85445,0.1236933797909407,24
89615,-0.0845628386046809,7
87837,-0.2987012987012987,0
85427,0.2153199439514246,0
85419,0.0270880361173815,0
85496,-0.1089947089947089,10
85540,0.1371428571428572,0
85590,0.2287323943661972,24
85621,0.0837196235426325,10
85627,0.0683491062039958,0
85539,-0.0892857142857143,0
85571,-0.0038684719535782,0
85798,0.2468827930174564,7
85593,0.0370700409909106,0
85549,0.0754716981132073,0
85567,0.655483870967742,0
85576,0.16796875,0
85522,0.0396419437340154,0
85526,-0.3236866939289085,0
85564,-0.2777777777777777,0
85565,-0.1679999999999999,25
85686,0.5116279069767442,0
85725,0.0153846153846153,7
85675,0.1477516059957173,16
85559,-0.2027334851936217,0
85707,-0.0789473684210525,0
85645,0.014388489208633,20
85710,0.0784224841341796,0
86017,0.0374531835205993,10
85716,0.1437037037037036,0
85647,0.6183294663573087,0
85663,0.3663157894736841,0
85653,0.0,0
85728,0.0575275397796819,7
85883,0.0659415363698163,20
89938,-0.0559999999999999,0
86419,-0.2119999999999999,0
85731,-0.0366666666666666,20
85751,-0.1458333333333333,7
85656,-0.2968402314196706,20
85880,0.1000848176420696,0
88183,-0.0931372549019606,20
89498,0.1666666666666667,0
85763,-0.0407066052227341,27
85744,0.2438220757825369,0
85753,-0.2088850918410936,0
85768,-0.2079107505070994,0
85724,0.2395418326693228,10
85738,0.226790450928382,0
85770,0.048,0
85792,0.0140289346777728,0
85839,0.0959915611814345,10
87024,-0.2133333333333333,0
85966,-0.0494652406417112,7
85886,-0.0186915887850466,25
85889,0.1446636317653009,0
88384,0.5744069015097051,0
85931,0.0807377049180329,10
85903,0.0281627179257935,23
85804,-0.0532544378698225,16
85739,0.3694267515923566,0
85865,-0.3885869565217391,0
88203,-0.0134952766531714,0
85963,-0.0270800627943486,10
86003,0.0821177741761209,10
86102,-0.0375549340791051,0
86111,-0.0106683401317854,0
87014,-0.1277624309392264,20
85860,-0.0528455284552845,20
85863,-0.0249132765689056,10
86570,-0.3111111111111111,0
87488,0.176326530612245,7
87501,-0.1919770773638969,7
87508,0.4088636363636364,0
88820,0.1414201183431953,20
88482,-0.3525712171661117,0
89278,-0.153125,7
89530,0.1084142394822007,0
88951,0.261057173678533,20
80638,-0.1719298245614036,0
87538,0.3501350135013501,0
85939,-0.0204081632653062,3
85951,-0.1306209850107067,0
90603,-0.1555555555555555,7
85953,-0.1232876712328766,25
85976,-0.1044776119402983,0
85980,0.03,7
85959,0.0823389021479712,0
85978,-0.2133333333333333,0
86302,-0.385502471169687,7
87614,-0.1510859301227572,20
89821,0.1315417256011315,7
85992,0.0358158044343377,10
86047,0.0419426048565121,0
90331,-0.110764430577223,7
90544,-0.0730897009966776,7
86073,0.14375,0
86062,0.3333333333333335,0
86034,0.1926070038910505,0
86026,0.2065095398428731,0
86021,-0.0561828322677188,10
86083,0.3398692810457515,0
86097,0.0200787401574804,0
86051,0.1794871794871795,0
86113,0.0154440154440154,0
86048,-0.0042735042735041,10
86196,0.1935007385524372,10
86128,0.162162162162162,0
89815,-0.0612244897959184,0
88341,-0.0712945590994371,7
86211,0.073076923076923,0
89279,-0.0798722044728434,0
87404,-0.1764705882352941,0
86150,-0.1464019851116625,14
87318,0.1073232323232322,0
86157,-0.0138461538461538,7
86158,0.0599444223898371,24
87067,0.1507092198581558,20
86249,0.055621771950735,0
88836,0.1496062992125983,0
87564,0.9230769230769228,0
86199,0.0765714285714285,20
89527,-0.2042628774422734,0
86155,-0.1913043478260868,0
86176,0.017970401691332,0
86178,0.0743099787685774,0
86180,-0.2287917737789203,0
89578,-0.032258064516129,0
86288,0.1183730715287516,10
90221,-0.0086956521739129,0
86228,0.071083808688021,0
88257,0.0555555555555555,20
89643,-0.0885072655217965,7
86240,0.0124999999999999,0
87131,-0.009296920395119,9
86299,-0.2043795620437956,0
86236,-0.0082644628099173,10
86250,-0.034525277435265,0
88516,0.07,0
86233,-0.0056074766355138,0
86260,0.1568894952251023,25
86728,0.0749185667752443,0
86312,0.0823686553873552,7
89419,-0.1389961389961389,0
87160,0.0191846522781775,0
86323,0.2046070460704607,10
86322,-0.047469184369263,0
87089,-0.0501704822211397,0
86305,0.0032432432432432,24
86339,-0.0098928276999176,27
88850,0.1851851851851851,0
86333,0.1924686192468618,0
86362,0.068637803590285,0
86356,-0.0278093076049944,0
88940,-0.0301724137931034,0
86868,0.0198519042780727,0
89109,0.0588235294117647,7
88409,-0.0624999999999998,0
86253,0.0601503759398496,7
86945,0.0,0
86435,-0.0152905198776758,0
86432,0.0630791161796151,20
86534,0.0037570444583594,10
86489,-0.125,0
86496,0.2413793103448276,0
89740,-0.0434782608695651,0
86512,-0.218562874251497,0
86544,-0.0528571428571428,0
86525,0.0535593220338983,0
86531,-0.1388888888888888,7
90588,-0.3167,0
90659,0.0172413793103447,0
86526,0.0245614035087717,18
86533,-0.031413612565445,23
87069,-0.0268456375838926,0
86573,-0.0350389321468297,20
86574,-0.2630331753554502,0
86578,-0.0612903225806451,0
87845,0.1481481481481481,0
90591,0.1535532994923858,7
88581,0.3935309973045822,0
87342,-0.0526315789473684,0
86582,-0.0169491525423729,20
86547,0.6862745098039216,0
86548,-0.1249110320284697,10
89143,-0.0551181102362203,7
86560,-0.0377358490566037,0
86583,0.0185185185185183,0
86719,-0.1957868649318463,0
86709,-0.0389461626575028,10
86715,0.100780234070221,0
89934,0.042622950819672,0
86595,0.5598290598290598,0
86717,-0.0711340206185566,0
86720,0.1937895342150661,0
90590,-0.0108968985750208,20
86725,0.075812274368231,0
86759,-0.1742222222222222,0
86763,-0.0466666666666667,0
86789,0.1323951751866743,0
86791,0.0208510638297871,24
86778,-0.0252225519287834,25
86783,0.0130778312596493,0
86810,0.2034203420342033,0
86820,-0.0893323829888336,20
86756,0.0298234936092514,10
86840,0.170807453416149,0
86822,0.2121212121212121,25
86819,-0.2307692307692308,0
86827,-0.005449591280654,24
86799,-0.1749271137026238,10
86830,0.0526638089406004,10
87039,0.0655737704918031,0
86899,-0.036697247706422,16
86916,-0.1764705882352941,0
86924,0.094240837696335,0
86926,-0.1310228233305157,0
86876,-0.0632248410026188,24
86887,0.0117647058823529,0
86935,0.0213114754098362,0
86890,0.0,0
86915,-0.1465517241379309,26
86946,-0.0337753314986239,0
83554,0.0206489675516223,10
86964,0.0897355163727959,10
86988,0.197696737044146,3
86949,0.0284210526315789,0
87843,-0.2591362126245846,7
86990,0.2727272727272729,0
88368,0.0674999999999999,0
86996,-0.040281579976535,0
87006,0.0425372200675591,0
87013,0.0401691331923887,10
86958,0.1778290993071594,0
87000,-0.045045045045045,0
86965,0.1826839826839825,20
86977,0.167872340425532,0
86979,-0.0456934896886372,10
87016,-0.0995024875621889,25
87077,0.0375880971025841,0
87020,0.1103344982526208,0
87121,-0.0204081632653061,0
87054,-0.115079365079365,0
90471,0.0,0
87066,0.122719734660033,10
87099,0.0555555555555555,9
87075,0.0116591928251119,10
87056,0.1197991391678623,0
87074,0.2769230769230768,0
87105,0.0764705882352942,0
87034,0.0354724282489518,10
87086,0.0990566037735849,0
87134,-0.057142857142857,0
87162,-0.1759656652360515,0
87183,-0.1291866028708133,0
87167,0.1583476764199658,0
87165,0.0285714285714286,25
87179,0.0,10
87173,-0.0499999999999999,0
87182,0.0789473684210526,10
87172,0.1151515151515152,1
87178,0.0286458333333334,16
87140,-0.0023201856148491,0
89820,-0.1393442622950819,18
89529,0.0769230769230768,0
87264,-0.0583717357910905,0
87257,0.0738095238095237,0
87242,0.0523415977961432,0
87261,0.0171874999999999,0
87301,0.1801344041960335,0
87236,0.2419928825622777,0
87267,0.0998119122257052,0
87345,-0.0337552742616034,25
87340,-0.1340206185567009,20
87268,-0.0323770491803278,24
88475,0.1171428571428572,0
87361,-0.0377697841726618,0
84108,-0.0652818991097923,0
87269,0.1999999999999999,0
87277,-0.0584615384615384,25
87356,0.0064102564102563,10
87302,0.6408839779005526,0
87292,-0.03125,10
90358,0.0130581602631922,7
87299,-0.1387516838796587,0
87321,-0.0126353790613719,25
87337,-0.0512903225806452,0
87379,0.0820399113082039,0
89597,-0.027972027972028,0
87439,0.0294117647058824,0
90670,-0.3497267759562842,0
87430,0.2191780821917808,0
87394,0.1101123595505617,0
87419,0.0724070450097846,25
87415,0.263157894736842,0
87414,0.1999999999999999,0
87424,0.3214285714285714,0
87373,0.0812407680945348,0
87418,0.2086776859504131,1
87510,-0.0145985401459853,0
87445,-0.003650745360511,10
87496,-0.0366748166259168,25
87494,-0.2115384615384615,0
87498,0.2626262626262625,25
87487,0.1246290801186944,0
87492,0.1659654043945768,10
87478,0.1879194630872482,8
87499,-0.0481586402266288,0
87525,0.0135746606334843,0
88926,0.7249999999999999,0
87632,0.1920731707317073,0
87541,0.0049627791563273,24
87618,-0.1454849498327759,0
87589,-0.1576923076923077,0
87602,0.1209103840682788,0
87649,-0.0970149253731342,0
87601,0.2666666666666668,0
87771,0.0345694531741043,16
87833,-0.0952941176470589,0
87633,-0.0263381478334748,0
87612,0.0261224489795919,0
87797,0.1898989898989898,0
87752,-0.1781279847182426,0
87825,-0.2125603864734299,0
87814,0.1666666666666667,0
89701,0.0997067448680351,0
87785,0.2859560067681894,0
87812,0.1296847114812611,10
87777,0.0089743589743589,0
87657,0.0656328320802004,0
87659,-0.0003827018752391,10
87827,-0.0159955874241588,0
87789,0.1697160883280757,0
88207,-0.0479638009049774,1
88784,-0.1414634146341462,0
88152,0.01216457960644,10
88167,0.024390243902439,10
88468,-0.018018018018018,0
88173,-0.1079136690647482,0
88174,0.238390092879257,1
88195,0.2443324937027708,0
88159,-0.1225225225225224,0
90354,0.0274193548387096,0
90083,0.1325,0
88370,0.0428571428571427,0
88246,-0.2953586497890296,0
88646,0.4148871262965223,0
88182,0.0058651026392961,0
88255,0.3675213675213677,0
88260,-0.0571428571428571,0
88263,0.0540540540540541,0
23887,-0.0192307692307692,24
89572,0.1406044678055189,27
88575,0.0218340611353711,25
88534,-0.0218818380743983,0
88264,-0.2844444444444444,25
90071,0.1537777777777778,0
88343,-0.0686482661004954,7
88352,0.0933993247861655,0
88331,-0.0673267326732672,10
90560,-0.1575221238938053,0
88321,0.4039215686274511,0
88281,0.073814826598791,0
88313,0.1242603550295857,24
88280,-0.0294255021018214,20
88332,0.296875,0
88287,-0.1064935064935065,0
88359,0.0001428775539362,0
88439,-0.0555555555555554,0
88417,0.0697674418604652,0
19675,-0.0030149158997144,0
88457,0.0249999999999999,0
88432,0.4110810810810812,0
88466,0.3636363636363635,0
88485,0.0666666666666666,0
88446,0.0607463906292562,0
88510,-0.0473118279569892,14
88511,0.0958904109589042,0
88580,0.1306532663316582,25
88550,-0.0984251968503937,10
88532,0.3560975609756098,0
88542,0.0222222222222221,25
88504,0.4180704441041347,0
90317,-0.1037414965986395,0
88497,0.7551020408163265,0
88545,0.0981675392670158,0
88574,-0.0469168900804288,0
88535,0.6666666666666667,0
88564,0.1085271317829457,0
88499,0.044166117336849,0
89617,-0.0223118279569893,0
88554,0.1320754716981131,0
89395,-0.0813793103448276,0
90502,-0.3488372093023255,0
48506,-0.0379700620664475,0
88648,-0.1056179775280898,0
88739,-0.0086956521739129,0
90635,-0.0943855101681626,18
88626,0.017094017094017,0
89366,-0.0923076923076924,0
88615,0.0943852855759921,10
88661,0.0232204035020935,0
88740,0.0039215686274509,0
88727,0.024,0
90674,0.0526315789473683,0
88750,0.1049180327868852,25
88868,-0.0341126868532004,10
89685,-0.0679374389051808,0
88799,0.1666666666666665,0
89576,0.0681818181818181,0
89925,0.2303846153846154,0
88792,-0.0385887541345093,20
88801,0.4753688422105526,0
88807,-0.2277397260273972,0
88791,0.0,0
88786,0.08,25
89029,0.0312499999999997,0
88860,-0.1039729501267963,0
90478,0.1060606060606061,0
26382,-0.1463521188291831,0
88949,0.0576713819368881,0
88839,0.1549707602339183,10
90029,-0.0979020979020978,0
89174,0.0489795918367346,0
88906,-0.2275249722530521,0
88908,-0.1792035398230087,20
88892,-0.1447491889862999,0
88897,-0.0734787600459241,0
88945,-0.3978494623655914,0
88922,-0.1307410538179768,0
88991,-0.1124190700412006,0
88895,0.0775862068965518,0
88943,0.0120481927710842,0
89497,-0.2019085886489201,0
89004,-0.0970687169629985,24
89290,0.1005125284738042,0
89727,-0.1108319374651032,0
89006,-0.0294906166219839,4
89110,0.1697497279651796,25
88970,-0.0302702702702701,20
90696,0.1371103682751919,0
89046,0.0423076923076923,10
88994,-0.0425531914893616,0
89040,0.1031894934333959,16
89642,0.0250000000000001,7
89031,0.0458715596330272,0
89002,0.0170370370370369,24
89030,0.1559829059829061,0
89014,-0.0162659123055163,10
90176,-0.111111111111111,0
89367,0.1039999999999998,0
89167,-0.111254851228978,1
89036,0.1291585127201564,0
89044,0.3563829787234043,0
89215,-0.1138888888888889,24
89070,-0.0437710437710436,10
90216,0.09,0
89327,0.0778947368421052,0
90175,0.0235294117647058,0
89413,0.0193548387096775,0
89203,0.1077586206896552,24
89179,0.0927635817049603,0
90223,0.0666666666666666,0
89313,0.0952380952380951,0
89244,0.0998719590268886,0
89204,-0.0696465696465695,0
89312,0.1399999999999999,0
89269,0.0990099009900991,0
89217,-0.0258276590749002,0
89225,-0.0755007704160246,0
90204,-0.2093023255813952,0
89230,0.0937596065170611,0
89252,-0.0947867298578198,0
89262,-0.0152173913043477,20
90081,0.1079691516709511,25
89761,0.233103448275862,0
89297,0.0435339308578746,0
89353,-0.0573951434878589,0
89321,0.116788321167883,0
89919,0.1708333333333334,0
89409,0.0415360501567396,0
90192,0.1143344709897611,0
89332,-0.2158516020236086,12
89431,0.0268965517241379,10
89410,-0.0101465614430664,10
89424,-0.03125,7
89387,0.1201754385964912,0
89394,0.0509666080843584,0
89531,-0.004830917874396,0
90280,0.0823529411764707,0
89445,0.2167577413479051,0
89567,-0.37,0
89753,-0.0479338842975205,0
89471,-0.1964912280701755,0
89453,0.083815028901734,14
89932,0.0787500000000001,0
89407,-0.1557788944723618,0
89406,0.0227143668370244,0
89626,-0.0327074047784042,0
89443,0.0282833251352683,0
89916,-0.2105263157894736,0
89636,-0.0325318246110325,0
89533,-0.0474905558553697,0
90601,0.009474182851729,0
89482,-0.2023255813953487,7
90313,0.0110294117647058,0
89941,0.0766208251473479,0
90656,-0.1814814814814815,0
89484,0.2448775510204079,0
90067,-0.2289113193943762,0
89876,0.0405919661733615,10
89653,-0.0752032520325203,20
89826,0.0078175895765473,0
89568,0.175796178343949,0
89574,0.0767306088407004,0
89546,-0.104979811574697,0
89509,-0.1312078479460453,0
89956,0.0542035398230087,0
89612,-0.0999999999999999,0
89549,-0.0294659300184162,0
89573,0.0177777777777778,7
89620,0.6666666666666665,0
90436,-0.0014306151645206,0
90492,0.1036036036036036,0
89781,-0.0008354218880534,0
89699,0.5222222222222224,0
90171,-0.300142857142857,0
89698,0.0,0
89644,0.0747126436781608,0
89796,0.0,1
89793,0.0226671703815641,0
89741,0.125,18
89800,0.0270848182466143,10
89850,0.2099173553719009,0
89770,0.1868131868131868,0
90218,0.0,0
89799,0.0545023696682465,0
89798,0.05,0
90080,0.076,20
89824,0.0045871559633026,0
89873,0.0972222222222223,0
90007,-0.1304347826086955,20
90716,0.2634408602150537,0
89832,-0.0829268292682926,7
89901,-0.2496798975672215,0
89866,0.0815253122945429,10
89860,-0.1346153846153845,0
89889,-0.1596638655462184,0
89964,0.6063829787234041,0
89924,0.1164383561643835,25
89922,0.0770868824531516,0
89877,0.1477272727272727,0
89913,0.4736842105263157,0
89905,0.0070671378091873,25
90132,-0.1112828438948995,20
89973,0.0733285406182602,10
90031,0.0770128354725787,0
89971,0.1849501359927472,0
90503,0.0247191011235954,24
90038,0.0194667795175624,0
90020,-0.1058139534883719,0
90078,-0.0053050397877985,0
89952,0.0238672384859219,0
90013,0.0102564102564102,10
89904,-0.0839436619718309,0
89960,-0.032023289665211,0
90052,0.2668161434977578,0
90034,0.2142857142857142,0
90022,0.1479713603818613,10
90088,0.018018018018018,0
90129,0.521311475409836,0
90333,0.3960396039603959,0
90006,0.1612903225806452,0
90085,-0.0661241098677518,20
90565,0.0722408026755854,10
90126,0.040441176470588,0
90490,-0.0275526742301458,7
90180,-0.0298588490770901,0
90454,-0.0966824644549764,0
90273,-0.0247252747252748,0
90210,0.0827922077922078,0
90248,-0.173289183222958,0
90425,0.0827586206896553,0
90287,0.1143031784841075,0
90110,0.1165217391304349,10
90275,0.3393085787451984,0
90700,0.5277777777777779,0
90319,0.0104498475553087,0
90286,0.1028985507246376,0
90285,0.2629179331306992,0
90533,-0.0450980392156862,0
90363,0.1432748538011696,25
90708,-0.0009692270414346,10
90325,0.1181556195965416,0
90427,-0.0619088564058469,14
90323,0.342434584755404,0
90426,0.0372540812055253,0
90381,0.1056241426611797,0
90614,0.8492063492063493,0
90288,0.1933701657458564,0
90466,-0.1066666666666665,0
90299,-0.0380673499267935,0
90227,0.1497829232995657,0
90314,0.1428571428571428,0
90353,-0.0027586206896551,10
90515,0.211963589076723,24
90467,-0.0184956843403205,20
90421,-0.2356115107913668,7
90423,-0.0108108108108108,0
90312,-0.0029339853300732,0
90536,0.1214642262895175,0
90090,0.0092524056254625,0
19721,0.172226004084411,24
90411,-0.0201729106628243,0
90098,0.1781250000000001,0
90538,-0.3251561106155218,0
90469,-0.09375,0
90327,0.3793103448275861,0
90455,0.0820859488169964,9
90274,0.0307516110835712,0
90535,0.3694141012909631,0
90249,0.1228395061728395,0
90444,0.0105289546252194,10
90404,0.1360708534621577,0
90416,-0.1413843888070691,0
90371,-0.002232142857143,25
90491,-0.2472324723247232,0
90493,-0.0155555555555556,0
90488,-0.2457916666666666,2
90439,-0.0299539170506911,10
90487,-0.005,0
90496,-0.0536277602523659,0
90489,0.022099447513812,0
90568,0.0,0
90505,-0.20686175580222,0
90600,0.0196078431372548,20
90486,0.0675675675675675,0
90543,0.2521631644004944,0
90637,-0.0514056224899597,20
90540,-0.0506566604127579,0
86786,-0.0072393822393821,10
82238,0.1561264822134387,0
90409,0.0087279074841806,0
90548,-0.044776119402985,24
90541,-0.0912814511410181,10
90520,0.1579717211116527,0
90440,0.0889987639060569,0
90564,-0.0128410914927769,0
90438,0.0565878378378379,24
90605,0.1515820456217806,24
90550,0.0338325013865778,0
90569,0.0241254523522316,0
90558,-0.2041139240506329,0
90547,-0.0464609800362977,0
90482,0.077167019027484,20
90494,-0.1930649426976197,0
90474,0.2547660311958406,0
90711,0.0138888888888888,20
90662,-0.048223350253807,0
90672,0.0047818290496113,0
90664,0.1133093525179858,0
84553,-0.3160839160839161,19
90636,0.0175879396984925,0
90699,-0.1397058823529412,0
86165,0.0317460317460318,0
90665,-0.1158854166666666,7
84185,-0.026315789473684,0
89003,0.0363447559709242,0
89863,0.2028985507246379,0
85208,0.0162684290798167,0
88434,-0.0266666666666667,0
89678,0.0905172413793102,1
90199,0.2821917808219178,26
90272,-0.026842105263158,0
90276,0.1211247296323001,10
90178,0.093811394891945,0
90243,0.0833333333333334,0
90188,0.2351149266131267,0
90220,0.0013879250520472,0
90241,0.1524390243902438,0
90187,-0.0633986928104574,0
90164,-0.0175510204081633,0
90233,0.371721778791334,0
90097,-0.1843003412969283,0
90290,0.0792857142857141,10
90200,-0.0744920993227989,24
90207,1.52,0
90681,-0.0666666666666665,0
90399,-0.1519999999999999,7
90599,0.2307692307692306,0
54594,0.0918367346938775,0
13056,0.7051094890510949,0
50091,0.2090171325518486,24
14526,-0.0032467532467532,24
11581,-0.006514657980456,0
15203,-0.1335583674795575,0
16126,-0.0097841726618705,0
17137,0.2971698113207546,0
85914,-0.0458689458689458,0
20670,-0.2380952380952381,0
64899,0.097391304347826,0
22905,0.1401305876443996,0
23660,-0.0193215972520395,24
23975,0.0184926727145848,10
82542,0.0170940170940172,24
30680,-0.0553918680023569,0
56274,0.0252824098977944,10
31668,-0.0727272727272727,0
32046,-0.016580310880829,0
47511,0.1537037037037036,24
53866,-0.0650809382226627,0
60628,0.0034277467075589,0
57330,0.0364912280701754,0
37875,0.1028202115158636,24
20765,-0.0497512437810944,0
17144,0.0945681906994919,4
39328,-0.0356394129979035,0
26657,0.0732323232323233,0
41452,-0.131401965856182,10
89888,-0.1076148521082441,0
84226,0.0334812424364663,24
64020,-0.0601851851851853,0
51423,-0.0375114364135407,24
52090,0.0658584534731323,10
53613,0.0,26
54114,0.0780042164441321,0
55213,0.0776699029126213,0
51377,-0.0958213256484149,0
57665,-0.0923751095530236,4
67010,-0.1021505376344087,0
35107,0.1161223431829965,0
61621,-0.0782735918068764,4
51692,-0.005,0
64742,0.3333333333333332,0
65307,-0.0835509138381201,10
66852,-0.1700507614213198,0
46922,0.3017241379310345,0
67193,0.0057471264367816,0
77354,0.0096938775510202,0
69199,0.0120562625586069,24
38850,0.0946149974836436,0
72128,0.0705596107055961,0
72486,0.1090021691973968,24
44951,-0.2198795180722892,0
65429,0.1044117647058824,0
74500,0.1142857142857143,0
74740,-0.0193857406388556,23
65752,0.1074204946996466,24
40694,-0.0784601821921834,24
76129,0.0949074074074074,0
65306,0.0884333821376281,10
92874,-0.0746268656716417,25
81294,0.1162432640492685,10
19502,-0.013091641490433,4
81614,0.0966183574879226,0
51086,-0.03129074315515,0
83601,-0.0857755539671194,0
62042,-0.0508196721311474,0
88867,-0.0857142857142857,10
21785,0.036065573770492,0
10044,-0.0723003337309189,24
10104,0.0934150076569679,0
75510,0.0042583392476933,10
11161,0.06,0
75033,0.0068728522336769,0
75110,-0.1941391941391942,0
12211,0.0389202762084117,0
75434,0.0379746835443037,0
80297,-0.1666666666666666,0
75976,0.3148820326678767,10
77488,0.4629900553713959,0
76355,-0.0869565217391303,0
76858,0.1,0
76279,0.0141342756183746,0
76568,0.0636267232237539,24
76990,-0.0178465199286137,0
76605,-0.0068352945668941,0
76752,-0.0557537912578055,10
77163,-0.0035671819262781,0
77478,0.2953667953667953,0
79580,-0.1440217391304348,0
77637,0.1026548672566372,0
77669,0.0738060781476122,0
79094,-0.0523627075351214,24
87055,-0.0564715581203627,0
79866,-0.0308030803080308,0
80032,0.0077205882352942,10
80393,0.1581920903954801,0
80553,0.4705882352941175,0
80719,-0.0438829787234041,0
80763,0.6004001000250063,0
81655,-0.088194636439038,14
82777,-0.0247388675096208,10
83148,0.0014749262536872,10
83597,-0.0572778827977316,10
20598,0.0242100943783341,0
89508,0.3113291703835859,0
84746,0.0526315789473683,0
84785,0.0494845360824742,0
85040,0.3693693693693693,0
85982,0.0838530838530839,27
85272,-0.0860215053763441,0
85394,0.0047990401919615,0
85796,0.2049689440993789,0
85972,0.0535104364326375,0
87092,0.0814479638009049,10
87184,0.0090225563909773,10
87214,0.298804780876494,0
87800,0.3601312551271534,0
88193,0.0784313725490197,0
88668,-0.0950699939135727,0
88841,-0.073394495412844,0
88873,0.0417130144605117,10
89271,0.0665399239543726,0
89216,0.0320088300220751,24
89900,-0.0343894899536322,0
90386,-0.190127970749543,0
90179,0.0788617886178861,10
50906,0.1322901849217639,0
10568,0.0373831775700934,0
47730,0.1168108776266996,0
13777,0.1428571428571428,25
38746,-0.2340277777777778,0
60871,0.0151577222449816,10
14198,0.0126061934776651,10
14702,-0.0222024866785079,4
15537,-0.1586538461538461,0
68830,-0.0098425196850393,0
18570,0.1139534883720929,0
18973,0.0137207425343017,24
19271,0.2883720930232558,0
29938,-0.0151353655936898,12
10866,-0.108374384236453,26
20248,0.2755255255255253,0
25320,0.0613275613275614,0
21726,-0.455143747835123,0
21742,0.0182322631787554,14
11267,-0.0935550935550934,10
86474,0.1095505617977528,0
22753,-0.0106382978723402,0
22825,0.192505510653931,10
24951,-0.0736842105263158,0
26201,0.0940288263555249,10
82165,-0.0940205355345278,0
65541,-0.0671444737834779,17
27562,-0.1120305537873966,0
27677,0.1697699890470974,0
27909,0.3089005235602096,0
63546,0.0352112676056337,0
49154,0.0043256997455471,4
19350,-0.0809753853232113,0
49429,-0.0264550264550265,0
61313,0.0281982784208965,10
80971,0.0136363636363636,0
12008,-0.0530367835757056,0
31500,-0.0129151291512915,24
33209,0.0497630331753553,0
50788,-0.0098756400877834,24
33690,-0.2962962962962963,0
77462,0.0068493150684931,0
37058,0.087962962962963,0
62228,-0.1339491916859122,0
21055,-0.2721985265606824,0
47888,-0.2260061919504643,0
83233,-0.0848509933774834,24
32678,0.039564220183486,10
23077,-0.0240568616730452,4
41663,0.028116213683224,0
27828,0.1251819505094613,0
66181,0.020293609671848,0
32870,-0.0057570523891767,10
42922,0.0884401114206128,24
12503,0.0952022104998744,0
89757,0.1700967458223394,0
47133,0.0316301703163017,24
47571,0.1458333333333334,23
16678,-0.0328947368421053,14
48291,-0.142857142857143,0
48347,1.5240641711229943,0
64282,-0.0431654676258992,24
60097,0.0157205240174671,4
52813,-0.0266903914590748,0
60548,0.2523148148148146,24
53197,0.2020547945205479,0
56777,-0.04375,0
57745,-0.0777777777777777,0
57809,0.0109375,24
57817,0.0101574403250379,24
79611,0.3905013192612137,0
59185,-0.0945121951219511,10
60709,0.3106796116504855,0
35051,0.0342679127725855,10
18403,0.1004216174779608,14
35238,0.4382978723404256,0
13936,-0.026467594163556,24
49971,0.0639894086496029,20
64785,-0.0028228652081861,6
62033,-0.0677348871085214,10
91556,-0.0143003064351378,0
50948,-0.0099564405724953,10
70923,0.1238938053097344,24
42585,0.2086438152011922,0
72005,1.1725768321512997,0
76081,-0.0865241173545499,24
60580,-0.0292207792207792,24
66368,-0.2293577981651376,0
37807,-0.0140043763676148,10
80179,0.1008037508372403,25
80857,0.0276338514680483,0
59627,0.0606060606060605,23
81190,-0.0585585585585586,0
55976,-0.0261359067149176,0
82924,0.0518823157228724,10
83011,-0.0826893353941268,14
15456,-0.0576057605760574,14
40539,0.066079295154185,0
10025,0.0645421540943929,0
90609,0.0889423076923077,24
10182,0.021868166198063,0
10259,0.0375161707632598,0
10501,0.2467464862051014,3
77420,-0.0148090413094309,14
10514,0.4624999999999999,0
10659,0.1617052554208011,16
10645,-0.0024390243902439,0
75527,-0.3934426229508195,0
89105,0.0362634174644618,0
11132,0.0695159629248196,0
71837,0.0,9
11154,0.2816455696202531,0
11343,0.0318734235267139,0
71685,0.1173184357541898,0
11379,0.2514285714285713,0
11426,0.0173160173160173,0
11174,0.2538226299694188,0
75100,-0.1060979908353895,24
11081,0.1866897147796025,4
89609,0.056375224479735,25
12266,0.024390243902439,0
75489,-0.0136852394916912,0
11839,-0.1526520051746442,0
75905,0.717488789237668,0
76052,0.03,0
76076,0.008108108108108,4
76671,0.0901639344262295,0
76217,-0.0253968253968254,0
79315,-0.0452793834296725,0
76673,-0.164750957854406,0
77007,1.6,0
86590,0.1466992665036677,10
76839,-0.003720930232558,0
76847,-0.1329923273657288,0
77045,0.1670702179176757,3
77501,-0.4133333333333333,0
77505,0.4444444444444446,0
77516,0.1222937390286718,24
77530,0.2784992784992786,0
77584,-0.1120737842370039,0
77699,0.2366863905325442,0
77830,0.1772486772486774,0
77862,-0.0434985968194574,24
78216,-0.35744,0
78034,0.0539096648858667,24
78050,0.0113798008534851,0
78200,0.5056947608200457,0
78209,0.2903225806451612,0
78881,0.1476880607315389,0
78975,0.035635562086701,10
79007,0.1222953904045154,0
78963,-0.0030737704918032,0
78953,0.2188246536072624,0
78972,-0.0371777476255089,0
79195,-0.1089351285189718,0
79307,0.5439330543933054,0
79411,0.0576638738294728,14
79667,-0.1651153379198705,14
79881,0.023016650342801,10
79922,0.6119402985074627,0
79847,-0.001887682869278,10
79797,0.0029600252895365,0
80114,0.6141176470588237,0
80274,-0.2085106382978723,0
80233,-0.1015169194865811,24
80320,0.129683936135549,10
80432,-0.0432140445644835,14
80544,-0.0888418826017979,0
80592,-0.012646793134598,0
81165,0.019646365422397,24
81212,-0.1947368421052631,0
82598,0.0112820512820512,0
83399,0.1576923076923075,0
83391,-0.0656249999999999,0
83333,-0.0128726287262872,24
83704,0.1166666666666667,0
83808,-0.0046388336646786,0
83822,-0.0015491866769945,24
83896,-0.1689497716894976,0
83861,-0.0083762886597937,10
83956,0.056701030927835,0
83976,-0.1567585519760876,0
84084,0.0,14
84275,0.1548614166300044,0
84255,0.079301075268817,10
84416,0.6052631578947367,26
84588,-0.0243724990905783,24
84519,-0.059090909090909,0
84761,0.097334878331402,0
84730,0.9375,0
85019,0.0414285714285713,0
85232,-0.0854143019296255,0
85314,0.0906040268456376,0
85390,-0.2639933166248955,0
85402,0.3101045296167246,0
85464,-0.2039999999999999,0
85550,0.1216216216216214,0
88250,0.562702702702703,0
86189,0.0625657202944269,17
89606,0.0757575757575756,0
86580,0.0824544582933843,0
86594,-0.0405770964833182,24
86878,0.0076190476190476,24
86881,0.0681198910081744,0
86959,0.1401869158878503,0
89416,-0.0741935483870968,24
87149,0.2675521821631879,0
90539,0.4181818181818182,0
87255,0.4971428571428571,0
87333,1.209677419354839,0
87343,0.0503355704697985,0
87390,-0.1230769230769232,0
87432,0.1140976412506855,24
87377,0.1672547635850387,0
90640,0.079734219269103,0
88172,-0.1354466858789625,0
88458,-0.0877963125548727,0
89208,-0.027027027027027,0
89301,-0.1178356713426852,0
89447,0.2332089552238805,0
90024,-0.0555555555555555,0
89452,0.0578954589106872,0
89540,-0.0337078651685394,14
89908,0.2537612838515546,0
90215,0.0057971014492752,0
90127,0.0186757215619695,0
90387,-0.1416666666666667,0
90679,-0.1891252955082742,0
90657,-0.0157273918741809,0
90715,-0.1020179372197309,0
76020,0.2299999999999999,0
90209,0.5768261964735515,0
