firms,mom1,clusters
54594,0.0133269871489765,0
14526,0.0037707390648566,0
11581,0.0055841924398625,0
15203,0.1032028469750889,0
16126,-0.0190365190365189,140
17137,0.0357739886325643,0
20670,0.0752941176470589,0
64899,-0.0529805052715337,0
23660,-0.0224627560521416,0
23975,0.0273154075970978,176
82542,0.0232861806311208,0
30680,0.0553160919540229,0
56274,0.0100864553314121,213
31668,0.0769230769230768,0
32046,0.0846681922196797,0
47511,-0.0115172759138708,0
60628,0.0301023479831425,0
37875,0.0341214400859752,0
17144,0.0414086002477438,142
39328,0.0,0
41452,0.0670247286561485,0
84226,0.0102519039250146,63
64020,0.1458333333333332,0
52090,0.0601341366374901,68
53613,-0.0362647325475973,0
54114,0.0183450429352067,0
55213,-0.0293577981651376,0
57665,-0.0067731011127236,0
35107,-0.1259213759213759,0
61621,0.0737567906393648,68
51692,0.2288557213930351,0
64742,0.1658291457286431,0
65307,0.040764331210191,0
66852,-0.0485436893203883,0
46922,0.0205391527599487,0
77354,0.0203903291581708,0
69199,-0.0248815165876776,0
38850,-0.1044444444444443,0
44951,0.123076923076923,0
74500,-0.0048467966573815,0
74740,-0.032258064516129,0
65306,0.0010446343779677,253
81294,0.0454985479186835,0
19502,-0.0097842448569994,0
81614,-0.0965346534653465,0
51086,0.0636002271436684,0
83601,0.0169990192873488,0
21785,0.0324483775811208,0
10044,-0.01434034416826,0
10104,0.0129440925364912,9
75510,-0.0446538763603723,0
70092,0.1233885819521178,0
75033,-0.0699300699300699,0
12211,0.0292863235712255,0
80297,0.0321324245374878,0
75976,-0.0561517822920659,18
77488,0.1971153846153845,0
76568,-0.0003403675970047,0
76605,0.0093563897189645,0
76752,-0.0258787176516029,0
77637,-0.0248447204968944,7
77669,-0.0380147835269272,0
79094,0.0472124560522351,0
87055,-0.007212811011117,130
79866,0.0884758364312268,0
80719,-0.0158546017014694,0
81138,0.0314861460957178,0
81655,0.0130034887408816,0
82777,0.0735997531245178,0
83148,-0.1612635078969243,0
83597,-0.0013934306569342,0
20598,0.0576580146621756,0
89508,0.0470801267541873,0
85040,-0.1386138613861385,0
85982,-0.0640599001663893,0
85272,-0.1967600404994938,0
85394,0.0091431556948797,0
85796,-0.0211598746081503,0
87184,-0.0670949321912919,97
87214,-0.0019047619047618,0
88668,-0.0067328918322295,0
88841,-0.0820648577101257,90
88873,0.0339270568278202,0
89216,0.0345798564728476,0
89900,0.1200714711137582,0
93065,-0.0500221336874723,0
93399,-0.2535885167464113,0
12488,-0.2432432432432432,0
90179,-0.0397526501766785,0
47730,0.0456210456210455,254
13777,-0.0339157245632065,0
38746,-0.0105867346938776,0
60871,-0.0161529892313404,0
14198,0.0122856757121643,0
14702,0.0691218130311617,240
15537,-0.1453154875717016,0
68830,-0.0548381059329964,0
85914,0.1596849266022197,0
49373,-0.034361233480176,0
18570,0.0481191988275524,0
18973,0.1644385026737966,0
19271,0.0068886337543052,0
29938,0.0028224668360146,0
10866,0.0543154761904762,0
25320,0.0946640666548483,250
21742,-0.1256418751035283,0
11267,-0.1024051574510288,0
86474,-0.0556900726392252,0
22825,0.0717534108135422,0
26201,0.052766393442623,0
65541,0.0900497209340238,0
27562,0.1281719119103865,0
27909,0.0063191153238546,0
49154,0.0832642916321457,130
19350,0.0411634852616542,0
49429,0.1886095725039056,0
61313,0.0021291696238465,3
30737,0.1449864498644986,0
12008,-0.1402052520374284,0
31500,0.0087229588276342,0
33209,-0.1054852320675105,0
77462,0.0692897797574858,0
62228,0.0506756756756756,0
59010,0.1185275080906149,0
21055,-0.0024191109767159,0
83233,0.0030268634127885,0
32678,0.0324955116696588,0
27828,0.1009268795056641,0
66181,-0.0130407124681933,0
32870,-0.4713344111428926,0
42922,-0.0388888888888888,0
12503,0.156808803301238,0
89757,0.0306784660766961,0
47571,-0.0314726840855107,0
16678,0.0283432105127543,0
48291,0.0419708029197078,0
48347,0.1357276119402986,0
64282,-0.1181487259490379,0
27617,-0.0543821205480946,0
60097,0.0193624868282402,0
52813,0.0989643268124282,233
53197,0.0963161933998466,0
57809,0.186000330961443,246
57817,0.0452138492871689,0
79611,0.1365758754863812,0
59185,-0.0175999999999999,0
34948,0.0396507300314914,0
13936,0.0786317797765059,0
49971,0.0028696826468601,0
64785,0.0713811420982737,0
62033,0.0179880079946701,0
91556,-0.0227515108425169,0
50948,-0.0467661691542289,0
42585,-0.0058448405669544,0
76081,0.0562654968529467,0
60580,0.0695115405260333,11
37807,-0.0011489850631942,260
80179,-0.1036948748510132,0
80857,0.0095201827875095,0
59627,0.0483870967741935,0
81190,-0.0391134289439374,0
55976,-0.0003013863773356,0
82924,0.0413875598086126,176
83011,0.0087108013937282,0
15456,-0.0748963883955002,0
40539,0.0401459854014598,0
10025,-0.0700614366729679,0
10182,0.1283653846153845,0
10259,0.0377073906485672,0
10501,-0.0102898550724637,0
77420,-0.133939393939394,0
10514,0.0823170731707316,0
10645,-0.0781129156999226,0
89105,0.2958876629889668,0
71837,0.0553877139979859,0
11154,-0.1482412060301506,0
11343,0.1236148731839448,0
11379,0.0348837209302326,0
11174,0.0716112531969308,0
75100,0.0178571428571427,241
89609,0.0029154518950436,0
12266,-0.591734693877551,0
75489,0.0594170403587444,0
75905,0.068679092382496,0
76052,0.1140624999999999,0
76076,0.1004623791509038,9
79315,0.0390720390720391,0
90751,0.0912119950020824,0
77007,-0.5827049180327869,0
76839,-0.0803096274794388,0
76847,0.1176470588235294,0
77082,0.1010638297872339,0
77357,0.043123543123543,83
77478,-0.1849710982658959,0
77501,0.0539499036608861,0
77516,0.1261852662290297,0
77584,0.1189303307529907,0
77897,-0.1034755134281201,0
77699,0.0712945590994371,0
77862,0.240234375,0
78216,-0.1363636363636363,0
78034,0.0230805463966083,83
78975,0.011831221861585,0
78990,0.2077727952167414,0
79007,0.0163863734368261,0
78963,0.2281039461020211,0
79195,-0.0284061020515519,0
79307,0.104325699745547,0
79881,0.1577797202797202,0
80114,-0.1209302325581395,0
80274,0.0151515151515151,0
80233,-0.1195516811955167,0
80320,0.1265293942106835,0
93397,0.1096979332273451,0
80432,0.0423497267759562,0
81165,0.205128205128205,0
82598,0.1326949384404925,0
88988,0.0259842519685038,0
83399,-0.0583333333333333,0
83391,-0.1626506024096385,0
83822,0.1515641855447682,0
83976,0.1070884146341464,0
84084,0.1038557213930349,0
84275,-0.1187892632781268,0
84255,-0.072347266881029,0
84588,0.0192799999999999,0
84519,0.1536297129994372,0
85019,-0.0698178664353859,55
12493,0.0572663425175579,0
85390,0.0466973886328725,0
89606,0.176252319109462,0
86580,0.0706725844998292,0
86594,-0.077572216812723,0
86881,0.244360902255639,19
89416,0.1118077324973876,0
87255,0.0513784461152881,0
87310,-0.4934684084244201,0
87390,0.1480314960629922,0
87432,-0.0079681274900397,0
90640,-0.0461538461538462,0
88172,-0.0013642564802182,0
89301,0.1758870660053415,0
89397,-0.0295001365747062,0
89447,0.0349758454106281,0
89540,0.0867451381780961,0
89908,0.3774350649350648,0
90215,-0.0045548045841904,0
90387,-0.0909090909090909,0
90679,-0.029673590504451,0
13110,0.2336986301369863,0
90657,0.0213766566908935,0
90715,0.1408061844284927,0
90706,-0.1050338818973863,0
91733,-0.0246961975695806,0
92203,0.0106331561140646,0
92322,-0.0882044488601865,0
92471,0.1213191990577149,0
92635,-0.0696920583468396,0
77186,0.0714285714285714,0
93373,0.0159198113207545,0
12080,-0.0517928286852589,0
12363,0.125169147496617,0
12915,-0.0082281952825015,0
13181,-0.1055595930232559,0
91964,-0.1786666666666666,0
21020,0.0515516799179276,0
11499,-0.2038461538461538,0
81912,0.0226480836236933,105
27991,0.0380033177499621,70
10517,0.0048076923076922,0
20482,0.0235138705416115,0
10656,-0.0612691466083151,0
60038,0.1032490974729241,0
10779,-0.0228426395939086,0
61487,-0.0282150282150283,0
61241,-0.0272727272727273,0
88845,0.0666732128829534,66
28222,0.0454581327440613,0
11368,0.2101694915254237,0
28804,0.0497159090909091,0
11587,0.0006125106682071,0
11790,-0.2117220941718801,0
10145,-0.0179263565891473,0
45911,-0.0358386535113174,0
24643,0.2249657064471879,0
28484,0.0258823529411764,0
81073,-0.0650211118238405,0
12758,0.0891963497203414,0
24109,0.0127931769722815,162
59176,0.0388785046728972,0
13507,0.0462029224120188,0
58560,-0.3393702981331847,0
13769,0.196078431372549,0
11144,0.1198934280639432,0
85257,-0.0136025504782146,168
14008,-0.068421397236954,0
18075,0.1525911708253358,0
83112,-0.0839303991811667,0
39490,-0.1001410437235542,0
14593,-0.0066776248202178,0
14761,-0.0817490494296577,0
10516,-0.011032531824611,0
77595,-0.0467608377983439,0
29209,0.107751937984496,0
24272,0.0055930772477839,6
15457,-0.0133374689826303,0
15553,0.0171491504090623,0
15721,0.1223491027732464,0
44644,0.019256228186304,149
16030,-0.0234833659491193,0
44601,0.0694695352274594,53
27684,0.030811623246493,0
40416,0.1238938053097344,0
53110,0.1766075586602185,111
75034,-0.0147092622385658,0
10318,0.1270039187744924,108
57568,-0.0089780038904683,72
16505,0.0540970564836913,0
16548,0.0595694977473719,124
49656,-0.0229155162893428,48
46877,0.0497080809734271,251
39693,0.0553675792063981,109
27887,0.0795081967213113,0
29612,0.0015608740894901,123
39642,0.0143083167090869,0
17444,-0.0712661106899166,0
65875,0.015209125475285,0
43772,0.0250678922080636,8
17778,0.0421635228296446,0
61508,0.0777091254752853,0
61946,0.1365665584415583,0
19561,-0.0162324148838757,0
52230,-0.1000685400959562,0
12437,-0.0904255319148935,0
60898,-0.020979020979021,0
17961,0.0818921668362155,259
19393,-0.0037001287001287,30
10874,0.0675031367628606,28
19880,0.0997409326424871,0
10890,0.0967413441955191,0
20117,0.1090909090909091,0
45655,-0.0505836575875485,0
64186,0.0449849517226834,66
67838,-0.0335594430560514,105
20336,0.0,0
62148,0.048653344917463,0
28564,-0.0819047619047618,0
86290,-0.0210035005834305,0
46690,0.103867129400099,0
20750,-0.0147469111199681,141
21371,0.0040555487280324,0
27334,0.0774378585086041,0
20618,0.0706051873198845,0
30402,0.1684782608695652,0
18542,0.0877249357326477,256
89792,-0.0324350107321727,244
60599,0.2033831628638867,0
90011,0.1049999999999999,0
64194,-0.0842360971895597,0
23182,-0.0106399872955376,78
88208,-0.0681818181818182,0
14541,-0.0350410547010524,0
30509,0.0399957788096241,0
23297,0.0012062726176114,0
23393,0.0804761904761905,225
79026,-0.018242362820327,0
47677,0.067901234567901,0
27422,0.3416149068322982,0
46578,-0.0203796977915536,0
11995,-0.0067083005519216,0
11308,0.0048928238583412,0
24441,0.746606334841629,0
24476,0.0948621716060567,0
30648,-0.0578034682080924,0
18729,-0.0279875610839627,0
61735,0.0849368097461005,36
89525,0.0362591994255967,172
25081,-0.0151603498542273,51
25129,0.0328227571115973,124
25452,-0.0637119113573406,0
25487,-0.0239817282070803,0
25778,0.0194918203967977,235
40125,-0.1016526348612411,0
26084,-0.1996615905245345,0
79618,-0.1390728476821191,0
26463,-0.0288842301420918,215
11404,0.0089350050439545,128
26607,-0.0250145175581604,0
26650,0.032508073196986,0
23229,0.0174897119341563,49
30840,0.0717358490566038,0
91983,0.0980577925153955,0
27430,0.0778935820076796,61
59248,-0.057581786030062,0
22293,-0.0166577109081138,0
20204,0.0270100502512562,58
27618,0.0813186813186812,0
38420,-0.0384908536585365,0
17726,0.0211421098517872,0
59256,-0.0070588235294117,0
31077,-0.1206206206206206,242
27888,0.0014625992478061,138
41080,0.0854377572588718,3
18091,0.0230434782608697,220
19828,-0.0840664711632455,0
92570,0.0462573591253152,0
28629,0.0412844036697246,0
80912,0.0723270440251573,0
91926,0.0891849175886205,0
29285,0.033012379642366,0
61743,0.0270125223613595,0
11674,-0.0104693565462886,73
76708,-0.0824120603015073,39
29867,0.070841889117043,0
40440,-0.1046176046176046,0
79322,0.0175879396984923,0
44943,0.0005227391531625,0
26403,-0.0031308703819661,0
10886,0.0321839080459771,0
64936,-0.0311763890813356,159
38682,0.0866141732283463,0
25953,0.0398631308810948,24
20626,0.1573809523809524,0
30681,0.0608043626448535,168
11703,0.1537149355572402,0
63132,-0.0283783783783784,0
27959,-0.0135458167330676,214
88590,-0.0267222109327371,0
30940,0.0874741200828157,24
31051,0.0518518518518518,0
12486,-0.0107502287282708,0
42200,-0.0219370860927152,0
63159,0.3900343642611683,0
31480,-0.0463576158940397,0
11762,0.1227479706988716,50
70578,-0.0493186242699545,0
82855,-0.0019545565599804,70
32054,0.1804635761589403,0
32062,-0.0202017291066282,0
22103,0.0619834710743802,65
81124,-0.0612244897959183,0
23042,0.1152010906612133,236
32548,-0.0804597701149424,0
26470,-0.2492203005387014,0
32986,0.0027448714244437,78
52476,-0.0086956521739131,187
24328,-0.097181729834791,0
33532,0.0413223140495868,0
31691,0.0357723577235771,0
50788,-0.2884004573751746,0
42550,-0.0372557290915634,0
87696,-0.0290909090909091,0
87717,0.0146276595744681,0
33823,-0.0949263502454992,0
87725,0.0681354549163606,0
11850,0.029543994861914,0
19166,0.0537513997760359,0
24205,0.0099364425745234,159
34367,-0.0541801219949766,0
92640,0.5220125786163523,0
47706,-0.1981068289384719,0
21135,0.0688912809472552,0
34666,0.0525359025631702,0
34746,-0.0341772151898734,14
35167,0.0128998968008255,0
35263,0.0110905730129389,107
10777,-0.0484841095667724,122
35554,-0.0692503176620077,106
36397,-0.0557737627651218,124
54244,-0.1163306258958432,0
36768,-0.0639614855570839,0
88924,-0.1660175267770204,0
88853,0.025618177767877,42
37154,0.1818835370237239,0
25785,0.0477386934673367,0
31974,-0.0532994923857867,0
37402,0.1916738941890721,0
37568,0.094208211143695,0
37584,0.034333525678015,0
58421,0.0874999999999999,0
37955,0.0298229263746505,0
12036,0.0495363591996096,0
38093,0.0587141339001062,0
47941,0.0262390670553935,0
12052,0.0186887941989983,0
12060,0.0013745704467353,0
46834,-0.076086956521739,0
12369,-0.0067476383265856,0
55212,0.2677419354838708,0
38659,0.0635500365230095,0
46674,0.0461877683648601,123
39029,0.0923076923076922,0
57154,0.2445799457994582,58
32299,-0.0703125000000001,0
16432,0.0601900739176346,0
53604,-0.006294256490952,0
85908,-0.1549053356282272,6
39571,0.0776004402861858,11
60468,0.061849710982659,0
52695,0.1027504702831867,74
39731,-0.0731046931407942,0
84808,-0.0527704485488127,0
23819,0.0154136520918528,0
25582,-0.1029090490973899,0
25304,-0.4114906832298137,0
52978,0.02140549273021,0
41188,-0.0552712384851585,0
10294,0.0314875135722041,0
41241,-0.1465172137710167,26
41292,0.0031099802092169,258
76927,0.0037174721189592,0
32651,0.3924731182795697,0
32707,0.0427165354330709,0
16600,0.0315514697537169,0
91575,-0.0638766519823789,0
61567,-0.0012083131947802,0
52716,-0.051759410801964,0
32803,-0.0328853302830998,0
42439,-0.0061728395061728,0
42455,-0.2287719298245614,0
91207,0.1103791773778919,237
21792,0.0425293788472298,99
42877,0.0493810178817057,0
42906,0.0198135198135198,14
88795,-0.0054054054054054,0
87464,0.0783699059561129,0
78892,0.2759643916913945,0
12570,0.0865947611710322,109
80210,0.0350877192982455,0
21928,0.0196867366000861,49
56573,0.0464083490618407,21
43634,-0.1852367688022284,0
43757,0.2021276595744681,0
51633,0.0879541108986614,49
12431,0.0794637653001748,65
44274,0.0044370493621741,0
46463,-0.0210803689064559,0
44506,-0.237833594976452,0
59328,-0.0460992907801418,0
44768,-0.0586145648312611,0
12490,0.0500040067313085,0
40272,-0.1168775649794801,0
45306,0.1041296625222023,0
21573,0.0435545162233266,24
53065,-0.0467914438502674,104
45728,-0.2141466580142764,0
46042,0.028391167192429,0
46077,-0.1336974110032363,0
52329,-0.0147846036196788,239
82694,0.0037199124726476,98
22111,0.0073726541554959,0
42534,0.0164482854753276,224
46886,0.0111957008508731,0
12558,0.0996960486322189,0
46923,0.2390000000000001,0
47002,0.1029116465863453,0
24432,0.0523672883787662,87
12650,0.1527934537246049,0
24053,-0.0022956841138659,103
26825,0.0078976034858386,142
47379,0.0392038600723765,0
44134,0.1372881355932202,0
47619,-0.0527704485488127,0
47715,0.092323651452282,0
17750,0.0146394642579039,0
59045,0.1176702862783811,0
48072,0.1436170212765957,0
48144,0.1166007905138342,0
89456,-0.0641247833622182,0
49488,0.0428571428571429,0
12781,0.024710666249609,218
48486,0.021033570135116,0
48523,0.0008851298190399,0
48531,0.0361102312321823,210
48961,-0.1620227038183694,0
50286,-0.0827586206896551,0
60943,0.0758853288364249,53
65330,-0.0672762900065317,39
20415,-0.127415458937198,0
50876,-0.0897597977243994,30
81678,0.0249812171299774,96
49905,0.1128579449747333,0
21178,0.0227013744075827,0
50017,-0.1972259810554802,0
56223,0.0108142493638676,98
59774,0.0247787610619469,0
33849,-0.0082920110192837,0
66245,0.0160845588235292,0
23835,0.078791469194313,0
50623,0.0290262172284645,111
50789,0.0018575851393187,157
89790,0.3378378378378379,0
51263,0.0069885641677254,0
15069,-0.1562178828365877,0
45751,0.0697543596474778,36
34032,0.068586585827965,0
51829,0.0632411067193676,0
39538,0.1786879304095687,0
51925,0.0207547169811321,0
51960,-0.1779053084648493,0
43449,-0.0532396186783001,0
89915,0.0077836952068823,0
17478,0.0555163490943306,0
81061,-0.0332960616225617,0
52250,0.1509754028837999,0
17005,0.0060047623977637,0
22752,-0.0090783501085455,0
42796,0.0278893878515718,109
53074,-0.1348076923076923,0
87437,-0.1649484536082474,0
89857,0.021551724137931,0
53373,0.128448275862069,0
53640,0.0924290220820189,0
24010,0.0230943610087843,10
53859,-0.0337931034482759,141
54253,0.0203271028037383,252
22592,0.0388741721854304,0
24248,0.0022684310018903,49
54675,0.01906941266209,0
54704,0.4766355140186917,0
76591,-0.0803990610328637,0
42614,-0.0401775804661486,0
22779,0.1006440017972143,0
28345,-0.123916369199388,0
65365,0.0561896400351185,0
69550,-0.1446194723856518,0
59408,-0.1145685997171146,0
84372,0.0946579194001875,0
13303,0.2163461538461537,0
90377,-0.0176928520877565,0
55993,0.1412844036697247,0
78900,-0.059929276009678,0
25590,0.0077211559673506,206
52337,-0.0848082595870206,0
34497,0.0292072322670375,0
56945,-0.0233100233100231,0
64450,-0.0170357751277683,0
47466,-0.0491679273827534,63
60986,-0.01985559566787,72
21207,0.2940881763527052,0
34673,-0.2340862422997947,0
61815,-0.0886623416743898,0
64311,0.0378723404255318,0
28118,0.0382433284303422,0
44206,0.0092936802973977,0
38762,0.0223702998572108,0
23931,0.0345368916797488,132
58246,-0.043492268041237,106
24766,0.038690154544472,45
58318,-0.0008928571428571,0
58334,-0.0396535129932628,87
90458,0.0632163323782233,49
34817,0.0069106731507551,0
34833,-0.00014528548598,0
72611,-0.0523809523809524,0
58975,-0.1840472673559823,0
67029,0.1971830985915492,0
59089,-0.3460877042132416,0
23026,0.0124016938898969,257
24440,-0.0514677849790317,99
13610,-0.1050767414403778,0
60186,0.1373737373737373,0
91531,-0.0707945442736521,0
77157,0.1561051004636786,0
44230,0.2247324613555292,0
90531,-0.2614006514657979,0
22509,0.0148233809924305,0
60506,0.0495210923170981,0
13688,0.033145146603533,132
86136,0.0185751978891821,159
61146,-0.0068728522336769,0
61269,0.0304942166140902,0
58675,0.1386861313868612,0
41355,0.0415808974886784,76
61496,0.2643776824034334,0
22517,-0.0019965772960639,0
13856,-0.0149043303121852,0
50550,0.011355034065102,0
62341,-0.118867592755407,0
62368,0.0357142857142855,0
21936,-0.0268940636274187,209
21776,0.0649306729793708,228
52898,-0.0304471931493816,0
13901,0.0075274095892652,0
13928,-0.1343398157625384,0
62958,0.0404599143406434,0
63125,0.0555555555555553,0
89968,0.2455882352941176,0
24459,-0.0745658835546474,0
80185,-0.1635065804149007,0
63715,0.0571086261980831,0
18163,-0.0171379605826905,0
55511,0.0162368672397326,10
23712,0.0329297820823244,162
64929,0.0373283562191706,0
64961,0.1861174675819985,0
65008,-0.1005291005291005,0
87043,0.0732323232323233,0
27756,0.2148111819519371,217
65270,0.1871227364185113,0
69649,0.0006847751654872,148
66683,0.0882117080994386,0
65700,-0.0325632162997998,0
24942,-0.0342327640180316,45
58771,-0.0289983988614126,0
76711,-0.040829986613119,0
76282,0.1900578034682081,82
66617,0.0298165137614678,0
80294,0.0132075471698114,145
84381,0.0891493146384849,27
35991,0.1253423214661893,0
36003,-0.000725952813067,0
45495,0.0529644268774702,0
67847,0.5565626049009735,0
27633,0.0667669738574383,0
68196,-0.0272680937818552,0
54199,0.1122699386503065,232
41320,0.1266666666666664,0
68591,0.0157018539538402,65
23085,0.0328832406671961,128
36281,0.0166840458811261,0
88518,-0.143939393939394,0
85926,0.1283000246730816,0
41574,-0.064,0
51625,-0.027697395618024,0
50243,-0.0220436644288205,0
88742,0.051348999129678,0
36468,0.0580044588727657,0
49138,0.0709677419354839,0
70704,0.4878048780487805,0
65402,0.0075876879026486,0
60206,-0.1045432037633078,41
71176,0.1060491014932929,76
26614,0.0237329042638776,0
63335,0.0,0
15720,0.1029126213592233,73
71475,-0.0658590308370045,0
18411,-0.0151267375306622,128
58683,0.1150983519404573,0
66093,0.0246810870770937,0
63765,-0.3498312710911136,0
71942,-0.0450777202072539,0
71985,0.2379310344827585,0
17523,-0.1616102683780631,0
72304,-0.0459418070444104,0
39220,-0.1929777539533638,64
43481,-0.024785378011631,64
43350,-0.0034979860080559,21
18438,-0.0207684319833854,0
72726,-0.0170464740714156,48
36898,0.104982206405694,0
72980,-0.048223350253807,0
73139,0.0073625819465454,104
73219,0.194732370433305,0
52396,0.0727865290602933,0
47861,-0.0044868199663488,0
43334,0.1304964539007092,0
52038,0.108515448379804,0
37161,0.0129056047197639,0
74406,-0.246885617214043,0
74836,-0.0968858131487889,0
74908,-0.4705714285714285,0
57007,-0.1002044989775049,0
43123,0.4296375266524519,0
44329,0.0525463188149457,0
63773,0.1522207848210435,144
75460,-0.1399002032895953,96
84375,0.1913111750850562,0
51369,-0.018013381369017,134
37284,-0.0753008595988538,60
15579,0.0017003589646704,0
23579,-0.0020455873758036,0
62092,-0.0217325458125094,216
50606,0.0828625235404896,0
93423,0.0117366222399044,207
14795,0.1235404896421845,0
14816,0.0152346130408287,140
62308,-0.0574162679425838,0
76639,0.0851593625498008,12
76946,-0.0450819672131147,0
55001,-0.2605042016806723,0
92583,0.1725490196078434,0
59600,-0.2403846153846154,0
45356,0.0229717941261995,50
76185,-0.2339233413981918,0
77730,0.2134557721139429,0
91103,0.1859983429991714,0
17929,0.0870588235294118,99
79244,0.1906092789267748,0
77973,-0.0904669260700389,0
78044,-0.0611646418098031,0
24985,0.0451914514692788,162
48725,0.0952777777777778,0
63781,-0.4860977948226269,0
78749,0.1206810215322984,0
92655,0.0342132684960054,172
78829,0.0471215351812366,124
87447,0.0359442060085837,0
78960,0.3432835820895523,0
79039,0.4015686274509804,0
79303,-0.0130609511051573,0
17830,0.1018360132284184,0
79338,0.4375,0
67360,0.0149677419354838,145
59619,-0.036701860231272,0
16555,-0.0045678786771423,0
79573,0.0269607843137256,0
79637,-0.0201526988636363,92
79776,0.0510910058541778,0
43553,0.0400958466453673,0
79864,0.0451666666666665,0
80128,0.0606060606060605,202
27043,0.0141319849604564,134
81116,-0.0048283261802575,0
61700,-0.3939393939393939,0
57808,0.0331588132635252,0
15202,0.1171201814058957,226
21231,0.0209612217397812,91
53225,0.0070560358167075,0
24969,0.0207939508506616,70
46068,0.1321906129408596,0
42059,0.0248645987198425,211
63829,-0.0078634014828128,0
79066,-0.1615067079463363,0
62498,0.0838867528836071,61
66384,-0.0927469779074613,0
59467,0.1021505376344087,0
38033,0.0156716417910447,0
39917,0.0144474814525576,197
92872,0.172150411280846,0
25419,0.155740828930724,227
38156,-0.1715025906735751,0
58819,0.0399449035812671,103
42286,0.1194559432288586,0
84403,0.0164537778739988,1
27983,-0.0143589743589743,0
63079,-0.2859370127845337,0
59483,-0.2214700193423596,0
88857,0.0416197975253094,157
38295,-0.0411861614497528,0
84129,-0.0599647266313932,51
88285,0.2204827136333986,0
90756,0.0476768903735196,0
72996,-0.1344889420203228,0
87426,0.0486062717770034,0
86191,-0.0182926829268291,0
88664,0.0130574033013055,41
15318,-0.01994301994302,107
71563,-0.0153092467850581,14
80072,0.0227272727272727,107
85586,-0.0143784786641928,0
35917,-0.0418818129661503,178
70332,-0.0291634689178817,0
90537,0.0693196405648266,0
10116,0.1675675675675676,0
10147,0.0549051271699636,149
10028,0.4999999999999998,0
69032,-0.0455950540958268,0
10138,-0.0259337561663143,0
10107,-0.0764204029769468,0
10200,0.1616252821670429,0
10302,0.0152671755725191,0
10299,0.0208284577580155,0
10363,0.1470973374072457,0
10333,-0.2475247524752475,0
10382,0.1643431635388741,262
10397,0.0993788819875778,165
10257,-0.1479452054794521,0
10463,0.0792540792540792,0
70033,0.07925,0
10421,0.2017310252996005,0
91204,-0.0210959608952919,91
10530,0.0467532467532467,0
79698,-0.0624644441916031,0
10606,0.0466815506393343,4
10550,0.3766233766233766,0
79785,-0.0084797092671108,0
75070,0.2017971758664953,0
10547,-0.0182432432432433,0
68857,0.0194296458790348,0
76123,-0.0439974858579509,0
79903,-0.0964912280701755,0
10667,0.1534526854219948,0
10355,0.0118948680656554,0
10661,-0.1097804391217565,0
45225,0.092436974789916,0
10693,-0.015646828723107,0
10649,0.1060782036391794,0
79909,-0.0195312500000001,0
75517,-0.0226460071513708,0
10696,0.0113155668358713,187
89386,-0.0108205590622181,0
44813,0.2087450073575782,0
87656,-0.1417624521072795,0
89891,-0.1409090909090909,0
71175,-0.003840782122905,0
93179,0.1023444544634806,0
75224,0.0307837074875656,0
35124,-0.0310924369747899,12
71191,-0.0346153846153847,0
22323,0.1388888888888888,0
10026,0.0260233376551213,7
10812,0.0728862973760933,165
10909,-0.1198069298396827,0
88779,-0.0110619469026548,0
90441,0.0018539117538005,16
75222,0.1098717233686559,0
10860,0.2266910420475321,0
10443,0.1179183135704873,0
10032,0.0412017167381972,0
85570,-0.1279279279279279,0
11701,-0.1206986444212722,0
10001,-0.0552884615384615,0
75215,0.1252505010020039,0
77453,-0.1145028335909325,0
11292,0.0136286201022146,0
64390,0.0214400000000001,229
65294,0.0585160202360877,0
12173,0.0535320088300219,0
11378,-0.1340333539221743,0
11403,0.1017382413087935,44
85991,-0.0053267772997337,0
11481,0.0852872215709261,0
75470,0.0247897299690127,0
11552,0.0050837320574164,0
75107,-0.062346185397867,0
11547,0.0757985923118571,79
89048,-0.0441176470588234,0
91954,0.263157894736842,0
11600,0.0351502801833927,21
75104,0.0176076555023922,0
11043,0.3493077742279018,0
11654,0.5572327044025158,0
11638,-0.2276693637950182,0
11641,-0.0670261941448382,0
11394,-0.1301450411603293,0
75526,-0.0125523012552302,0
11533,0.0413309615988282,0
11707,0.1134526558891455,0
11775,0.02,0
75233,-0.0038593481989708,0
75186,-0.0188014101057579,0
11809,-0.0385917400135409,255
11731,0.0795990566037734,0
11825,0.0868571428571427,0
11803,0.1939953810623556,0
75261,0.07,0
37217,-0.0512402088772846,0
75272,-0.0126050420168066,0
88197,-0.0186770428015564,107
85789,-0.0459770114942527,178
11618,0.1166173570019724,74
11896,0.0137724550898203,27
12448,-0.0949999999999999,219
84769,0.0706072221101472,249
10180,0.0230858022316275,0
11884,-0.0573556797020484,0
75182,0.1905471289274105,0
75241,-0.027591770875353,0
75320,0.0998937300743889,144
75285,0.0142763588736083,0
10901,-0.0016184971098266,194
75316,-0.0315027671349509,0
11891,-0.0572709163346613,0
11955,0.0547686496694994,0
84176,-0.0906217070600631,0
11752,0.0552884615384614,0
81774,0.6586956521739131,0
12149,-0.0566750629722921,0
12248,0.0400076923076921,0
75573,-0.0135922330097087,0
84387,0.0507848568790396,0
17743,0.0269192422731805,5
12226,0.0451295799821269,0
78664,0.3320848938826466,0
12062,-0.0223408989764128,0
12190,-0.1325906612941455,0
80926,-0.0686131386861313,0
12209,-0.1193447737909517,0
11992,0.0618330194601379,152
36346,0.0076108537392456,119
85269,-0.1147782525416237,60
92029,-0.0433776749566223,0
75591,0.0365466832161081,156
76573,0.0302554027504911,42
10375,-0.0557868442964196,51
75694,0.0380940863465957,0
63467,0.068099173553719,0
75649,0.0456968773800456,0
75654,0.1475968992248062,0
12073,0.0167014613778706,14
75603,0.0146889400921659,0
93101,-0.0238851969565636,0
75825,-0.0884257955505491,0
75853,-0.111358574610245,0
75854,0.3024691358024691,0
15070,-0.0490552325581394,75
75556,-0.0561904761904761,136
86124,-0.0419367136866184,69
11628,-0.0486873508353221,37
75831,-0.0690789473684209,0
11748,-0.0788623141564318,0
75828,-0.004725385390038,0
11348,-0.0259259259259259,238
23799,0.0833333333333332,0
11285,-0.0138666666666668,112
11442,-0.0087719298245614,13
86896,-0.0162061636556853,119
11018,0.0307692307692308,0
87952,0.009749894022891,40
10252,-0.0549113979435571,43
90086,-0.0072140158021298,120
12189,-0.0451995772701406,86
11208,0.0355871886120997,0
52936,0.1324574628472969,0
56710,-0.0019946808510638,0
10297,0.0647743813682679,0
12068,-0.0941558441558442,178
75860,-0.1425206124852768,0
11786,-0.1230754046585077,245
75509,-0.1343336906037869,112
81577,-0.0074941451990632,178
10932,0.0132649984926136,40
11293,-0.0258442453480358,152
11750,-0.0243902439024389,0
12480,0.0037157454714351,243
11593,-0.0180831826401447,0
69586,0.0,0
35685,0.0481249999999999,107
76038,-0.1306532663316583,0
89207,0.0879917184265008,0
10308,0.0080328454123526,37
77519,0.049090909090909,107
92807,-0.016025641025641,0
83469,-0.067964368195315,0
86814,0.0156,117
92716,-0.0240467193404327,129
86384,-0.0252886201209455,37
10781,0.0012484394506866,0
84725,-0.0200685266764562,69
83642,-0.0727600721587492,122
80517,0.019108280254777,0
91937,-0.0759651307596512,0
87759,0.0510114335971856,0
10232,-0.0204194260485651,234
90534,-0.0124069478908188,75
12166,-0.0218446601941747,143
10629,0.0190871369294605,107
91893,-0.1588785046728972,0
10913,-0.0474249722119302,23
89875,0.0328022492970947,0
77643,-0.0160366552119129,135
77379,-0.0030257186081692,119
10253,0.1046425939572588,0
11006,-0.040992077161557,118
86382,0.0282148670645685,0
12698,0.0370370370370369,0
77889,0.0702479338842974,205
11565,-0.0572652902220491,118
75714,-0.0190713101160863,0
81620,0.0033975084937711,0
76908,0.1630434782608696,0
75912,0.0439040864572779,59
85299,-0.0246631651061886,43
93191,0.1607142857142856,0
89738,0.0012254901960784,223
77415,-0.0038610038610037,119
47723,-0.0301204819277108,0
83155,-0.0305596211795092,164
79851,-0.0590717299578058,0
89211,-0.0160142348754449,75
11844,-0.032146957520092,47
89141,-0.1353781068217873,0
76266,-0.0331403926909544,13
91855,-0.0704129993229519,0
85726,0.1024546424759873,0
75906,-0.0529367280060499,13
77236,0.0769230769230768,0
77528,-0.0662717512032581,147
79747,-0.0091423595994775,119
89828,-0.029979674796748,69
11397,-0.0598073998986314,47
84516,0.0176678445229681,94
77300,0.0049504950495047,0
76215,0.3102409638554215,0
76082,-0.0298795180722891,0
76095,0.0203299941072483,0
84184,-0.1877110060769751,0
76963,-0.1440355329949239,0
76127,-0.1857835218093699,0
76128,-0.0119047619047618,0
92897,0.096,0
76135,0.0730002588661662,63
78981,0.0311792370667132,0
76138,0.0783683559950554,0
76868,0.1518810961449139,0
88965,-0.1312056737588651,261
89655,0.0256048387096774,0
76392,0.1365558912386706,0
85875,-0.0275981026304441,40
76544,0.0101382488479264,0
83671,0.004816112084063,0
12622,-0.0053176200057488,92
76201,-0.0606723692062861,0
87053,0.0493827160493827,0
76207,0.4199837530463037,0
76360,0.0192307692307691,0
89369,-0.0137201097608781,0
90053,-0.0174563591022443,0
77486,0.2734161229214902,0
76330,-0.1365461847389559,0
76230,0.2058061171591498,0
76461,0.4961240310077519,0
89948,-0.0509164969450102,0
11644,-0.5371428571428571,0
76261,-0.0900409276944066,0
76224,0.0309523809523808,0
77256,-0.066726780883679,71
76279,-0.0300632911392405,0
76478,0.0365959918675573,4
90608,-0.0765957446808511,0
79037,0.0685393258426967,0
78071,-0.0499573014517505,0
76529,0.0463003028991777,120
76515,-0.0148514851485148,0
76504,-0.0467857142857142,89
91902,-0.0374999999999999,0
88284,-0.2960893854748604,0
76582,0.1678983833718246,0
76613,5.890420093354079,0
76614,-0.0858625770668189,0
76978,0.0410256410256408,0
76644,0.3028571428571427,0
76888,-0.2105263157894735,0
76837,0.0139064475347661,200
76661,-0.1122527613665552,0
76686,-0.0016694490818029,0
76695,0.068041237113402,221
76856,0.187887323943662,0
76709,0.043056743655546,0
76934,0.0358565737051794,0
76712,0.0315789473684211,0
76721,-0.0905304690925031,0
76684,-0.0371452420701169,67
76732,0.0771314178049928,0
91403,-0.0145356315924877,0
76736,0.0081224617307094,0
88031,-0.0705769088350737,0
76744,-0.0579614325068871,0
76750,0.0398479087452472,0
76788,-0.1045918367346939,0
76795,0.0228476821192054,0
76869,-0.0857142857142856,0
76798,-0.0460526315789474,0
76892,-0.0227954409118176,138
81564,-0.0035527690700104,192
76841,-0.0499523547938182,0
89213,-0.0046811000585137,0
77235,-0.1066666666666665,0
77037,0.1774575962064564,0
77202,-0.0459770114942529,0
77090,-0.0655929341472918,0
77117,0.0605786618444845,0
77114,0.2691776088458879,0
77217,-0.0125,0
77165,0.1601933655609266,0
77191,0.0392600981502455,0
77175,0.0925039872408293,0
77178,0.1202029113365681,0
77259,-0.2087912087912088,0
90464,-0.0161021654636314,0
77271,0.1767634854771782,0
77274,0.0512048192771084,0
77279,-0.0994259471871411,0
77282,-0.21875,0
77281,0.0682360968952575,0
77338,-0.0440599419365855,0
77366,0.0206659012629162,0
77393,-0.0495867768595041,0
92871,0.0432954545454544,0
77413,0.2415519399249062,0
77418,-0.0601930721181146,16
77425,-0.0241187384044527,0
77437,0.2257142857142857,0
77447,-0.0451948051948051,0
77496,0.080043266630611,0
77768,0.0179,0
77505,-0.0242085661080074,0
77515,-0.0103626943005181,0
77520,0.0147631740824276,0
83738,-0.0204322200392926,0
77610,-0.0268839103869653,0
77605,-0.031374786081004,0
77649,-0.0710571923743501,95
77629,-0.0089931573802541,0
77630,0.2214111922141117,0
77660,0.1011957922890145,0
77661,-0.0287168302435478,0
77668,-0.0207318770001392,0
89810,0.085387323943662,0
84776,-0.2670648464163823,0
77702,-0.0421260490373539,0
87505,-0.0384504191962996,75
90352,-0.1486486486486486,0
77763,-0.0029097963142581,0
77780,0.0326167531504817,0
77785,-0.0287557108304219,26
77868,-0.1924242424242424,0
77892,-0.0618556701030926,0
77900,0.0102739726027396,0
77902,0.0331262939958592,167
77918,0.1150147203140332,27
77917,-0.1459249676584735,0
77971,-0.0427742870952151,0
78001,0.2432432432432432,0
78018,-0.0112612612612613,0
78015,0.2398145889241278,0
78186,-0.0957446808510638,0
78054,0.2715654952076678,0
78077,-0.0164905952074208,44
78068,0.0583333333333333,0
78066,0.1921686746987954,0
78091,0.2446043165467626,0
78081,-0.0769230769230768,0
91402,0.2442936458975941,0
78179,0.0431034482758621,0
78189,0.002659574468085,0
78172,0.7388451443569553,0
78170,-0.3533619456366238,0
78211,0.0416221985058697,0
78137,0.0517278852423386,0
78156,0.0929460580912862,0
78213,-0.1101243339253996,0
78840,-0.1447824412783981,28
91128,-0.1878172588832487,0
88944,-0.0242587601078166,80
78841,-0.2482269503546098,0
86889,-0.1329568788501026,0
78908,0.0569329660238751,0
79033,-0.1045096635647815,0
78875,0.1323581876560826,0
78876,0.0895218718209562,0
78916,0.0199697647916803,0
79019,-0.0176991150442475,164
79065,0.0555555555555555,0
79006,0.1788888888888888,0
48653,0.0871061543771825,0
78955,0.0774647887323944,0
78950,-0.0214972656986611,190
78987,-0.0071412631109127,0
79072,0.0100107257776189,89
79089,0.4389570552147237,0
79108,0.0992529348986128,0
79131,-0.1105331599479844,0
79116,-0.0278322226577812,71
79133,0.0111111111111108,0
79103,-0.0022229974021845,0
88597,-0.0055432372505542,6
79150,0.1996278575225945,0
79166,0.0034569453174104,119
79198,0.6900000000000002,0
79159,-0.1484284051222351,0
79237,-0.1698656429942417,0
90783,0.0898203592814372,0
79323,0.047194719471947,5
79299,0.2178010471204188,0
79248,0.042239440139965,0
79249,-0.1079908092928262,0
79336,0.0393749999999999,0
79265,0.0588235294117647,32
79313,0.026252983293556,0
79444,-0.4967532467532467,0
18649,-0.0051020408163264,0
79382,0.0066786539943488,71
79399,-0.0344827586206896,0
79666,-0.0746666666666666,0
79507,-0.0280193236714975,0
79499,-0.0456431535269711,0
79545,0.1130790190735695,0
79490,-0.0264255910987483,0
88568,0.3377192982456141,0
79491,0.0269181856718949,0
79564,-0.0620337652139771,0
85913,0.1121083550913839,0
79628,0.0054536440257808,0
79668,0.2820692883895133,0
79731,-0.0235191637630661,203
79758,-0.0275126333520493,0
79686,0.1435503437120906,0
79734,-0.0138888888888889,0
79824,0.0111026033690657,40
79857,0.0806675938803893,0
79906,0.0416666666666667,0
79790,-0.1526351813826145,0
79862,0.1636064030131827,0
79839,0.20873786407767,114
79791,-0.004437869822485,0
79878,0.1136594571055304,0
79915,-0.0632954936360509,0
79841,-0.0565338276181649,0
80223,0.0202898550724639,107
79879,0.306,0
79796,-0.015862524785195,135
79884,-0.0108827085852478,0
79859,-0.0226098191214469,0
79885,-0.010165073848827,0
80034,0.0901207804273769,0
80080,0.0480313674236236,0
80007,-0.0949820788530464,171
80050,0.0323027226580525,0
84723,0.1896838602329451,0
80054,0.0454702032380296,0
80167,0.0162177020340845,0
80113,0.1297229219143576,0
80112,-0.0074074074074074,117
80236,-0.0982236154649947,0
80204,0.1356903965599618,15
80254,0.108796296296296,0
80191,0.0680091185410334,0
80193,-0.143859649122807,0
80237,0.3526570048309179,0
80266,0.0054602184087364,0
21186,-0.0428004535147391,0
80306,-0.7144906743185079,0
13006,0.0328068043742404,129
80375,0.1477516059957173,0
80343,0.0462046204620463,0
80316,-0.3846153846153846,0
80362,0.1915232632249841,0
80368,0.0241443353674715,0
80341,0.0037823683444866,0
80336,-0.0096230954290297,17
80357,0.0478260869565219,0
80303,0.4019607843137254,0
80485,0.0297029702970297,0
82541,-0.0562700964630225,0
80415,0.1285020545386628,0
80478,-0.0088421052631579,0
80539,-0.1810850439882698,0
46392,0.0644973852411388,0
80587,-0.0165184243964421,0
80524,-0.0379008746355685,0
80534,-0.123801669930935,0
80498,-0.0670584168683028,56
80563,-0.0205237084217976,0
80575,0.0401471038921237,90
80625,-0.0243161094224924,0
89099,-0.2688172043010752,0
80633,-0.0373263888888888,0
80759,-0.0508916048887998,12
80774,-0.0182555780933062,0
80828,-0.0991158678455095,0
80791,0.0302863436123348,0
80795,0.0276923076923076,0
80812,0.1906542056074767,0
80837,-0.0734265734265734,0
80928,0.0022246941045604,0
80924,0.0054054054054053,0
80955,-0.0042857142857143,0
80864,0.0693712680014051,0
80918,0.0876494023904383,0
80951,0.0593220338983051,0
81010,0.156441717791411,0
80960,0.71875,0
80957,0.0163378545006165,0
80969,0.1346646185355862,0
80990,-0.0512658227848101,160
81084,0.0942760942760942,0
81095,0.0015910898965791,47
50972,0.0233990147783251,0
81055,0.001676318195672,81
81182,0.0096906187624752,0
81184,0.1652046783625731,0
81173,0.2809160305343512,0
81128,0.084870848708487,0
88379,0.027258960121151,0
90359,-0.0571428571428571,120
88865,-0.0400921658986175,230
85205,-0.0163934426229508,0
81220,0.1045281421921286,0
81241,0.0230849947534104,0
81254,-0.0943597020219936,0
81292,-0.0344462109167992,196
81282,0.0424581005586592,59
81278,0.0723368772149259,0
81501,0.012280701754386,32
82162,0.1251136363636362,0
87532,-0.0736648250460404,0
81540,-0.0328271549799017,0
81566,-0.0836363636363637,0
81541,-0.019280205655527,89
81560,-0.0066225165562913,0
90470,-0.0628502802241793,75
81588,-0.0750050271465916,0
81565,-0.0291262135922329,0
81584,0.0495049504950495,0
87476,-0.0855872545387179,133
81624,-0.1132075471698114,0
81621,0.0151515151515151,0
81705,0.1213250517598343,156
81736,0.0037037037037035,32
85332,-0.0463976945244956,37
13008,-0.1139641224059092,0
81740,-0.0645454545454544,0
81761,-0.128659793814433,0
81696,-0.0236171535114978,0
81666,0.2218119852314684,0
81728,0.562406015037594,0
81665,0.0364705882352942,0
81677,0.1039874902267394,188
88719,0.0038986354775829,110
89611,-0.1550802139037433,0
81893,-0.0750684931506849,0
82251,-0.0377115526122148,0
81869,0.0236966824644551,0
82171,0.1473087818696885,0
91262,-0.0141573645521371,0
82212,-0.2852017937219732,0
82179,-0.0014646053702197,0
82176,-0.0350058343057176,0
82234,-0.0810810810810811,0
82281,0.1908831908831907,0
82272,-0.0348401957961415,0
82266,-0.2099792099792099,0
82287,0.0766692053820765,0
82261,0.0412621359223301,0
82508,-0.1018732358224274,0
82298,0.0763851533082302,0
82518,0.0677146311970979,0
82515,-0.0500591715976331,0
82521,-0.0444444444444445,0
82307,-0.0171334922526817,93
82575,-0.0431325301204819,0
82567,0.1567164179104478,0
82581,0.0925118858954041,0
82621,-0.0351441436173323,0
82649,-0.2804761904761905,0
82552,-0.0360480640854473,0
82643,0.0996100673520028,0
82547,0.0623219373219372,0
82642,0.0713196480938416,0
82651,-0.0074251299397738,29
86042,0.1033187226048841,0
82634,0.0494281729428174,0
82573,-0.0613636363636364,135
82587,0.0044742729306488,0
82607,-0.0823952470293933,127
82599,0.0762800417972833,0
82762,0.0181818181818183,0
82779,-0.1533980582524271,0
82686,0.0026965654271928,97
82759,0.1066364152013614,0
89736,-0.018363939899833,31
82670,0.0195838433292534,0
82768,0.3235294117647058,0
82775,0.0482827277252364,0
82702,-0.1275687216439819,0
82699,-0.2249999999999999,0
82747,0.064,0
82800,-0.0763888888888889,0
82812,0.0467364490966064,0
83875,0.5304347826086957,0
86122,-0.0517146322637557,0
86098,-0.0214592274678112,0
87832,0.0060606060606061,0
88177,-0.054054054054054,0
84825,-0.0355125100887814,0
90710,-0.0318181818181819,0
83145,0.0581516095534786,0
87471,-0.258160237388724,0
91910,0.2329192546583851,0
83149,-0.2636986301369863,0
83120,-0.0314685314685315,150
84397,-0.1170858629661751,208
37381,0.1349206349206348,0
83111,-0.035153774765557,0
83124,0.0864338866628506,2
82859,0.1772620248906828,0
83303,-0.0181818181818181,0
83143,0.0668119099491648,0
83272,0.21168362323597,22
83291,-0.0472972972972973,0
83304,-0.0473684210526315,0
83244,0.5148305084745763,0
83390,-0.0538860103626942,0
86080,-0.0211764705882353,0
83411,-0.0729613733905578,0
83435,0.0772619451033547,0
84215,0.0113960113960114,0
83414,-0.0233082706766917,47
83421,-0.0345345345345345,0
83366,0.2078549848942597,0
83382,0.1234748657881894,0
83405,0.0215897939156035,0
83422,0.0349864130434782,2
83520,-0.0281879194630872,0
83504,0.0384180790960451,0
83509,-0.0289170846857481,0
83462,0.0760284298944649,0
83565,0.2095808383233532,0
83503,-0.0679660169915044,212
93312,-0.0933271115258983,0
86091,0.0395028850421659,0
83690,-0.0788072417465388,0
83651,-0.2685185185185185,0
89202,-0.040604343720491,0
83621,-0.0586234266923687,154
83622,-0.1470506784824148,0
83633,0.2089761570827488,0
83630,0.0050083472454089,0
83661,0.1440096813231142,0
83602,0.0331070620459688,0
83683,0.0028604118993136,0
90082,0.1333333333333333,94
83774,-0.041196388261851,118
83779,0.0361702127659575,0
91050,-0.2879256965944272,0
83799,-0.1547106199662857,0
83734,-0.0346845425867508,0
83756,-0.2098360655737704,0
83916,0.0370647697491575,0
83879,0.0181785777936196,0
83844,0.3581081081081079,0
83856,-0.071203244704822,0
83883,0.2067039106145252,0
83862,-0.0042444821731747,0
83910,-0.0633893919793014,0
83906,-0.0533444121312836,0
83885,0.0387323943661972,0
83903,-0.0095328884652049,0
83827,-0.0267737617135207,0
83831,-0.0082960413080894,0
83969,0.1225296442687746,0
92530,-0.1796211626387981,0
88436,-0.2462592392284117,0
83950,-0.0887096774193548,0
83961,-0.1235778736759513,18
83965,-0.0898587933247754,0
84030,-0.0963172804532577,0
88905,-0.2195121951219512,0
84026,0.0045045045045044,0
84103,-0.0386320455984799,0
89425,-0.0244444444444444,43
84062,0.0277453951970154,189
84636,0.0097410311237822,67
84042,0.2024226968441185,82
84010,-0.1117415287628054,0
84041,0.1945098039215687,0
84032,-0.1004917025199754,0
84168,0.2695035460992907,0
84203,-0.126126126126126,0
84234,-0.2071586949635729,0
84172,-0.036650868878357,0
84262,-0.0087193460490463,0
84210,-0.0265874257116045,0
84348,0.1681600000000001,0
84325,0.0889679715302491,0
84365,0.0309541150764747,0
84342,-0.4028056112224449,0
84302,-0.1333333333333333,0
84373,0.013095781940003,93
84319,0.2109181141439207,0
93131,-0.0241928418558274,88
86440,-0.0708215297450425,171
85176,-0.1332908163265306,0
88984,-0.074856046065259,121
84438,0.1696779261586802,0
84385,0.0569775205875806,0
84413,-0.0976058931860035,0
84511,-0.0426540284360188,0
84531,0.0926517571884983,0
84563,-0.0310194817476829,114
84624,0.1706063720452209,0
84604,-0.5699206349206349,0
84606,-0.1783878651121974,0
84389,-0.0658189977561704,174
84597,0.0362581580855692,148
84737,0.021788990825688,0
84749,-0.0167664670658681,34
84761,0.0371757925072044,0
84607,-0.1204620462046204,0
84656,0.0335668417980152,1
84734,0.0294906166219839,0
84780,0.0408719346049046,0
84827,0.0645424836601307,0
84788,-0.0587393185689948,0
85079,-0.0168514412416851,0
85035,0.1383838383838382,0
85072,-0.1932444444444444,0
85067,-0.0786958965711073,0
85013,-0.025,0
85077,0.1147132169576059,0
85020,0.0009741841207988,0
85059,-0.0102328863796753,0
85168,-0.0322580645161291,0
92245,-0.3349999999999999,0
85187,-0.1284796573875802,0
85177,-0.0740445859872611,0
85173,-0.0772189349112425,0
87364,0.2558139534883721,0
89022,-0.0313901345291479,0
85198,-0.14659449706811,52
85246,-0.2746588971006254,0
89038,-0.0180360721442885,0
85280,-0.207519351271655,0
86818,-0.0002957704821059,0
85320,-0.0625,0
85319,-0.0342205323193917,0
89898,8.53271028037383,0
85349,0.0878477306002927,0
90012,-0.0843507214206437,0
85348,0.0013817880337154,0
85372,0.2485391507596415,0
91908,-0.0413080895008605,0
93295,0.0076809764309764,0
89270,-0.0453047775947281,153
90875,-0.1608455882352941,0
85418,-0.0752918751489157,147
85502,0.1526315789473684,0
85440,0.0645446507515472,0
85488,0.1012404232032104,0
88635,0.0701125895598773,120
85517,0.1854986276303751,0
87139,-0.0209858467545144,0
85424,-0.0748635743519782,0
87114,0.0098434004474272,122
85464,-0.0033613445378152,0
89615,-0.093134328358209,0
87837,-0.0085106382978723,0
85427,0.0393289841565702,0
85419,-0.0681942171303873,0
85540,-0.031936127744511,0
85621,0.0065845930450825,184
85627,0.1185747663551399,0
85539,-0.1157894736842105,0
85571,0.0575539568345324,0
85798,0.0312499999999997,46
85593,0.0335345405767941,0
85567,0.0333024976873264,0
85576,0.0773480662983425,0
85522,0.0395683453237412,0
85526,-0.2341772151898734,0
93285,1.102941176470588,0
85686,-0.0039113428943937,0
85725,0.0491503267973856,75
85675,-0.0702281732477114,0
85645,0.0049642573471009,8
85710,-0.0275832802885636,0
85663,0.0763932373199749,0
85728,0.0104011887072807,110
85883,-0.0414265129682998,88
92878,0.0096153846153845,173
89938,0.021788990825688,85
92557,0.0197368421052632,0
92320,0.0716763005780345,0
85731,-0.0369961347321921,117
85751,-0.0120096076861488,121
85656,-0.0360128617363344,198
88183,-0.0172043010752688,110
85744,0.5335463258785942,0
85753,0.1175925925925926,0
85768,0.0505297473512633,0
85724,-0.125,0
85738,-0.144054478784704,0
85792,0.0850267379679143,0
85839,0.0354430379746835,55
85966,-0.0848549946294308,0
85886,0.0974745237040319,0
85889,-0.0646616541353383,0
88384,-0.0269953051643192,191
85931,-0.1465014577259474,0
85903,0.0643564356435644,0
88203,-0.1129032258064516,0
86102,0.0347963621984974,0
86111,-0.0226839092643629,33
87014,0.0313186813186814,80
85860,-0.0582437275985663,126
85863,0.0786516853932584,0
87488,-0.032258064516129,0
32687,0.1710173212978776,0
85829,0.0261551874455099,0
87501,0.0409556313993173,112
87508,0.0055944055944054,0
88820,-0.2309833024118739,122
13121,-0.0434782608695653,0
88951,0.0671912832929781,139
85939,0.3061946902654866,0
85951,0.0513501549358124,0
90603,-0.1215384615384614,56
85953,0.016949152542373,0
86302,-0.0489296636085627,155
87614,-0.1079393398751116,75
85994,-0.0561797752808987,135
89821,-0.1266149870801032,77
85992,-0.0414570685169124,0
85972,0.0585077831454643,0
86047,-0.1758957654723126,0
89681,-0.0583196876180878,0
90331,-0.0397350993377483,0
90544,0.0946058091286305,0
86062,0.0357815442561206,0
86026,-0.1293881644934804,108
86021,0.0040225950017116,0
86083,-0.2592592592592593,0
86051,0.0,0
86113,0.0755232558139535,0
86048,-0.0589031821259309,0
86196,-0.0220350167966748,222
86128,0.0490833826138379,0
88341,-0.0346858638743454,110
86211,-0.0673583599419372,0
89279,0.0405305821665438,175
86150,0.1913516312791301,0
87318,-0.0296359017781541,77
86157,-0.0127388535031847,13
92919,0.0138328530259363,0
86158,-0.0999842047069974,0
87067,-0.0130821559392988,37
88836,-0.1071428571428572,0
86155,-0.0468928707586732,0
86178,-0.0314083080040525,0
86288,0.0096367679762787,0
90221,0.0084889643463499,84
86228,0.045766590389016,0
88257,-0.0185387131952017,0
89643,-0.01193139448173,139
86299,-0.0375203915171288,143
86250,0.0099632931305715,160
86287,-0.041183077499064,75
86260,-0.108695652173913,0
92935,-0.1229508196721311,0
86728,0.0318181818181817,0
86312,0.0853947814300237,17
87160,-0.0027855153203342,0
86305,0.0548281505728314,0
86339,0.0034802784222738,33
88850,0.0071428571428571,0
86362,-0.0544844928751048,0
86356,0.0144927536231884,0
88940,-0.1158526691546324,0
86868,-0.0744615003713791,0
87658,0.3529411764705881,0
89109,-0.0238095238095238,193
91431,-0.0718232044198895,0
90914,0.0851105458814323,0
86435,-0.0339531123686337,0
86432,-0.0459905660377357,138
12380,0.0423825887743412,0
86489,-0.1500474833808167,0
86544,-0.287369640787949,0
86526,-0.0145985401459853,0
87069,0.1415844734330258,0
86573,0.0936855138258356,0
86578,0.0381143430290871,0
90591,-0.0232476224022543,86
87342,-0.0954653937947495,0
86547,0.1404056162246489,0
91608,0.0051094890510949,0
86560,0.0896091515729264,0
86719,-0.0755706354102406,146
86709,-0.096813725490196,0
86720,-0.0798575788402847,0
90590,-0.0405234276065851,116
86763,0.0520547945205478,0
86778,-0.0716704288939051,0
86783,0.1880240717022281,0
86810,0.1466986155484557,0
86820,0.0244498777506112,47
86822,0.0217391304347827,0
86819,0.0197368421052632,0
86827,-0.1088770864946889,0
86799,0.0869017632241813,0
86899,-0.1064622438744806,0
86916,-0.1869240348692403,0
92318,-0.085998951232302,31
86924,-0.3281679389312977,0
86876,0.0908865775136205,0
12835,-0.3304195804195804,0
12588,0.1818381706244503,0
86946,0.0096096096096094,0
86964,0.0254851780763489,0
86949,0.1677899964526428,0
88368,-0.007163323782235,247
86996,-0.044218372280419,0
87006,-0.0100665692482546,0
86989,-0.0250783699059561,0
87000,0.2633766787465359,0
86965,-0.0338797814207649,116
86979,0.0466101694915253,0
87016,0.0822942643391522,0
87077,0.0143979057591623,0
87020,-0.0868987509965454,199
87121,0.236503856041131,0
87066,-0.1111672561899949,0
87075,0.0078609846917665,0
87056,0.1060524182653337,0
87034,0.0783676347855117,0
87086,-0.0524934383202099,0
86793,-0.0684165232358003,0
87162,0.0992258972554538,0
87179,-0.0408352668213456,0
87172,-0.0475161987041036,0
87227,0.0,0
87264,0.2533500837520939,0
87261,0.1602262016965128,0
87236,-0.3393782383419689,0
87267,-0.0073188440361852,0
93313,0.0724637681159421,0
87268,0.1296139757678218,0
88475,0.0986842105263157,0
87361,0.1691022964509394,0
87269,-0.0069234097793162,0
87356,-0.0659217877094971,0
87302,-0.0731707317073171,0
90358,-0.0057395143487858,0
87299,0.1830337571240683,19
87321,0.157142857142857,0
87337,0.1122994652406417,0
87379,0.0459016393442621,38
89597,0.0779220779220779,0
87439,-0.04,0
87430,0.0470219435736676,0
12308,0.0478524743230623,0
90808,0.0303840063341249,0
87394,0.0625,0
87415,0.0117096018735363,0
87424,0.0309278350515465,0
87373,-0.0061728395061728,0
12312,-0.0455616653574234,0
87510,0.0436187399030694,0
87445,0.0483692307692309,79
87496,-0.0416107382550335,0
87487,-0.0557377049180327,0
87525,-0.0168539325842697,0
87632,-0.0869565217391304,0
87541,-0.0458390714145189,28
87583,-0.1206349206349206,0
87589,0.0605187319884725,0
87602,-0.0732600732600733,0
87612,-0.0176923076923076,0
87797,0.0603448275862068,0
87825,-0.0357142857142857,0
87814,-0.2962962962962964,0
87812,-0.0953947368421053,0
87657,0.1123897199846568,0
87659,0.0329685177678691,0
88810,-0.1745454545454545,0
87789,-0.0265763418447109,0
88152,-0.0536417322834645,0
88167,-0.0561643835616436,0
88468,-0.0846947051326613,0
88173,-0.0834151128557408,0
88174,-0.0936395759717314,0
88195,-0.1338842975206611,0
88159,-0.2121212121212121,0
90354,0.4190751445086706,0
88182,-0.0198598130841121,0
88260,-0.0783410138248847,0
91171,-0.0390707497360085,34
23887,0.189010989010989,0
89572,-0.1529157667386609,0
88534,-0.0303030303030302,0
90071,0.013157894736842,0
88343,-0.1233996186325252,146
88319,0.0454545454545456,0
88352,0.0410650287904235,29
88331,0.0078098471986418,0
13198,-0.023529411764706,0
91040,-0.2391304347826086,0
88281,-0.0107773137545466,127
88313,0.0270055599682288,0
88280,-0.0705543556515478,126
93190,-0.0006699419383652,0
88332,-0.1702127659574468,0
88287,0.4008298755186721,0
88439,0.0600343053173242,231
88417,-0.0458015267175573,0
19675,-0.1373288350863266,0
88471,-0.1249999999999998,0
88466,-0.0077519379844961,0
88485,0.0348525469168901,0
88421,-0.0132450331125827,0
88451,0.1388101983002831,0
88446,-0.0488128521684075,0
88511,-0.1646341463414633,0
88542,-0.2905982905982905,0
88504,0.1634572324227496,182
88497,-0.2068965517241378,0
88545,-0.0694444444444446,0
88564,0.0903426791277259,150
89617,-0.0221528472758848,0
89395,-0.0698094282848545,204
71862,0.0685714285714287,0
48506,-0.0038142248148979,0
88648,0.125214408233276,0
89169,-0.0667796610169491,0
88620,0.0588927380874566,0
88626,-0.0583333333333333,0
88615,-0.020979020979021,0
88661,0.0510121457489878,0
91360,-0.015970515970516,153
88740,-0.1343511450381679,0
88750,0.1922675026123301,0
89576,0.0571418045168183,0
89925,-0.2054794520547945,0
88792,-0.0520304568527919,133
88807,0.5185185185185184,0
88786,-0.0396659707724424,0
88863,-0.2343987823439878,0
89029,-0.3241758241758242,0
88860,-0.0016631387964922,0
90478,0.2990536277602524,0
88949,-0.0845967252880532,0
88839,-0.0740740740740741,0
90029,-0.3308426733084266,0
90177,-0.1657805703238278,0
88908,-0.0133897110641296,174
88897,-0.0750974140984768,0
92601,0.0121212121212122,0
88895,-0.0576923076923077,0
89004,-0.024652087475149,0
90238,-0.0177514792899408,0
89290,0.1077615604965214,0
89006,-0.0596287703016241,0
89110,-0.0221507681314754,0
88970,-0.0131348511383537,0
88994,-0.1340206185567011,0
89031,0.2592592592592591,0
89002,0.051754394702157,0
89014,0.0827151335311573,1
90176,-0.0523809523809524,0
89167,-0.1381944444444445,0
89036,0.0294784580498865,0
89044,0.0489381348107109,0
89215,0.0092296769613062,0
89070,-0.0246826516220028,0
89327,0.2404418011894646,0
89413,0.1257189811010681,0
89203,-0.3556915009831768,0
89179,0.0015326077452211,0
90223,0.0482897384305835,0
89244,-0.0724980299448384,0
93302,0.0699588477366255,0
89269,-0.0821785368997743,0
89168,0.0200892857142858,133
89217,-0.0237421900690563,0
90643,0.5219976218787159,0
89230,0.432795698924731,0
89307,0.0104058272632674,0
89252,-0.0669291338582677,0
89262,0.0476190476190474,115
90125,0.0465753424657533,0
90081,0.052491103202847,0
91379,-0.0125858123569794,0
12840,0.2325581395348839,0
89297,0.0984735109248728,0
89353,0.0323791647114031,0
91015,-0.0611270296084049,186
92174,0.1088235294117647,0
89409,0.1414492753623188,166
89332,0.2307692307692308,0
89424,-0.0723327305605787,195
89387,0.078621739958119,0
89394,0.2310286677908937,0
91975,0.0007288629737609,0
12501,0.002,0
89445,-0.0419753086419752,0
91665,-0.0116279069767442,0
93016,0.0248901903367497,0
89567,0.0408799868658678,0
91152,-0.049615093667957,0
91727,0.2346208869814021,0
89753,-0.0854392298435621,0
89453,0.0544217687074828,181
91269,0.1641791044776119,0
89406,0.1666291882167754,0
89626,0.0176961602671119,0
89443,0.0462025316455696,0
89916,-0.0117230701172307,0
89533,0.2248292248292247,0
90601,0.0208064516129031,0
93069,-0.2388860058813353,0
89482,0.0152317880794701,0
90313,0.0658227848101264,0
89941,-0.032059186189889,0
93150,0.0156729131175468,0
90067,0.0565805658056579,0
89876,0.0453610368236987,0
89653,-0.0534623217922607,47
89826,-0.0943977591036415,185
89574,-0.1798319327731092,0
89546,-0.0454545454545456,0
89509,-0.0964516129032257,0
89573,-0.0322327044025156,54
90436,-0.0761363636363636,0
90492,-0.503125,0
16852,8.556627613140362,0
92468,0.4750000000000001,0
12358,0.05,0
89781,0.1298488435621927,0
89698,-0.0407407407407408,0
89796,0.0778888888888889,0
89793,0.0623877917414721,0
89741,0.1966759002770084,0
89800,0.0572651859780573,0
93422,-0.2386895475819033,0
89799,-0.061148857319333,0
90170,0.0291262135922329,0
90080,0.0228690228690229,100
89824,0.0700450450450449,0
90716,0.1870503597122301,0
89901,-0.4544217687074829,0
89866,0.0072992700729928,0
89889,-0.1139455782312924,0
89964,0.1579919926085617,0
89877,-0.111111111111111,0
89905,-0.1101749837977964,0
91086,-0.1116241173275394,0
89973,0.0208877284595301,0
89971,-0.0442492542260524,0
89952,-0.0936539746158983,0
89904,0.0416939592908731,0
89960,0.3553191489361702,0
90088,0.1230366492146597,0
90129,-0.1003861003861003,0
92636,-0.1144262295081967,0
90126,-0.1818181818181818,0
90490,0.0599999999999998,0
90194,0.112249443207127,0
90454,0.0191860965327366,0
91977,-0.0502471169686984,0
93012,0.0234069063723745,0
90604,-0.2953125,0
90248,0.1677344860879486,0
91901,0.1333333333333333,0
90232,0.3490735206216377,0
91233,-0.0236998764461418,0
90700,-0.1837416481069043,0
90533,-0.0666666666666666,0
90708,-0.0126849894291753,154
90325,0.3014705882352939,0
90427,0.1325006787944611,167
90288,-0.1165644171779141,0
90227,0.0706190061028773,0
90314,-0.1903225806451614,0
92453,0.4453125,0
90353,-0.1086419753086419,0
90421,-0.0042979942693409,248
90423,0.1696606786427146,0
90312,-0.051890941072999,0
90090,-0.0702597961820008,52
91400,0.0065075921908892,0
19721,-0.0376654224635222,0
90098,-0.025,0
90455,-0.0560971711682914,0
90274,-0.0111642743221689,13
90249,0.0604996902746231,0
90444,0.0779661016949151,0
90404,-0.1167883211678831,0
90371,0.0917431192660549,0
90488,-0.3636363636363636,0
90476,-0.0170454545454545,0
88148,-0.1560975609756096,0
90487,-0.0511964385086254,0
90496,-0.0412820512820513,0
90568,0.0,0
90505,0.070509977827051,0
90600,-0.009925558312655,0
90637,-0.0204865556978232,113
90718,-0.0187449062754686,35
90540,-0.0925397472482674,0
90417,-0.0454545454545455,46
90409,-0.0105150597041524,0
90548,-0.051490514905149,0
90803,0.1671656686626748,0
90386,0.1058091286307052,0
90964,0.0,0
92521,0.1348511383537654,0
90520,-0.0523009266530547,0
90440,0.0019854401058903,0
90556,-0.0426540284360188,0
90564,0.0475578406169665,0
90605,0.2130131680867544,0
90550,0.0969175229103027,0
90569,-0.1006748381765597,0
90558,0.258400926998841,0
90734,-0.0603902953586498,0
91500,0.0785616124599177,25
90494,-0.2270270270270271,0
90948,-0.0552030456852791,0
90711,0.0247787610619467,84
90634,0.0798368298368299,0
90672,-0.2194225721784777,0
90748,-0.1006036217303822,0
12487,0.0063636363636363,101
91018,-0.094230532660844,0
90664,-0.0872615039281705,0
90742,0.0331914893617022,0
13196,-0.0422960725075529,0
90720,-0.0124533001245329,0
90636,-0.0322580645161291,136
91114,0.0360307147076195,0
86165,0.1289398280802292,0
92571,-0.1014925373134328,0
90993,-0.0960575472349334,0
90763,0.0117982099267699,0
90735,-0.0666666666666666,0
90786,0.0182957393483709,0
90885,0.0462633451957295,0
90752,-0.0299999999999999,0
91605,0.0530630835800502,38
90791,-0.0671186440677966,0
90856,-0.0520594965675057,0
90871,0.0812307692307692,0
90984,-0.0361125862984599,0
90776,-0.0877839165131982,0
90779,-0.2162162162162162,0
90829,0.2153333333333333,0
90775,0.0637600806451612,15
92619,0.0393013100436681,0
90868,0.0824324324324323,0
90795,0.0255023183925811,0
91141,0.0938837920489297,0
90955,-0.0380952380952381,0
90805,-0.0938745922435665,0
90952,-0.031650983746792,20
90961,0.0194945848375451,23
90971,-0.076333628057766,0
90956,0.1838351822503963,0
91594,0.0849056603773585,0
90825,0.2042833607907741,0
90926,0.0828025477707006,0
90870,0.073571548963425,0
90963,0.0096059596157616,0
90940,0.1285460992907803,0
91349,-0.0819672131147539,0
90951,0.3465553235908143,0
90900,-0.1170138888888889,0
90957,-0.2124735729386893,0
91356,0.0209248256264531,43
90988,-0.1173218673218674,0
90989,-0.2851485148514852,0
91020,0.1234806629834253,0
92044,-0.3071718538565628,0
91090,0.062975027144408,0
90978,-0.0715408805031446,0
90979,-0.0203675523820673,0
91547,-0.0628794449262792,0
91967,0.0262096774193547,0
91801,-0.1639240506329113,0
91488,0.5814889336016098,0
90925,0.018529956763434,0
91075,-0.0909691629955946,0
91083,-0.0244897959183674,0
91408,-0.0319535221496005,54
91073,-0.1893617021276594,0
91192,-0.2726315789473683,0
84185,-0.0899999999999999,0
91041,-0.0312775330396476,0
91080,0.1304721030042919,0
91096,-0.1242603550295857,0
91088,13.52991452991453,0
89003,-0.0247781684245772,0
91603,-0.5724777058926386,0
91176,-0.0052160953800298,102
91095,-0.282642089093702,0
93175,0.1696185286103544,0
91154,0.8690758293838863,0
91186,-0.0797186400937866,0
91234,0.0487210718635808,0
91627,-0.0273972602739726,0
91201,0.5263157894736841,0
91348,-0.5525200188412623,0
91237,0.0467836257309941,0
91215,-0.0705052878965921,0
91359,0.0344827586206897,0
91395,-0.1427064099182273,0
91366,-0.0858355091383811,0
91167,-0.0050724637681159,0
91299,0.0024875621890549,0
88258,0.2520868113522536,0
91363,0.0091836734693877,0
91463,-0.0013326226012794,0
91277,-0.0260936300844205,183
91283,0.0559999999999998,0
93035,0.0272822665267575,0
91472,-0.08,0
91579,-0.0301542776998596,0
91514,-0.091141833077317,0
91503,0.0089041095890411,0
12452,0.142857142857143,0
91446,-0.0277777777777776,0
91391,0.3032928942807626,0
91432,-0.0254957507082153,0
91614,0.0849868962935229,0
91468,-0.0125694241449868,0
92506,0.1763122476446836,0
91392,0.122342064714946,0
91413,0.0332078813371707,0
91618,0.1945205479452056,0
91659,0.0212500778961799,0
91355,0.0355029585798816,0
93189,-0.1112497076479301,0
91397,-0.0138888888888888,57
92093,-0.0469688694702348,0
91461,0.0235426008968611,0
92226,0.0395256916996047,0
91416,-0.0680405626431142,0
92682,-0.0687022900763358,0
91486,0.066986794717887,0
91611,0.04675211185552,0
91742,-0.20792,0
91615,0.763136527085025,0
12049,0.4626865671641789,0
92054,0.0232558139534884,0
91612,0.21875,0
91622,-0.0359052711993889,85
91501,-0.0204394481349002,100
91625,-0.0794392523364486,0
90077,-0.2522522522522523,0
92773,0.0475723393820499,0
91516,0.0478283350568768,0
91683,0.1458635703918722,0
91668,0.0201657800321661,0
91613,0.1395348837209302,0
92456,0.5344827586206897,0
91571,-0.0756830601092897,0
91616,0.162162162162162,0
92589,-0.115482233502538,0
92252,0.2820512820512819,0
91658,0.0823686553873552,0
91678,-0.0067365269461078,0
91754,-0.2010443864229765,0
91666,0.1145833333333332,0
91650,0.0637522768670308,0
92035,0.0746268656716417,0
91743,0.0119617224880383,179
12088,-0.1489071038251366,80
92449,0.063157894736842,0
91822,-0.0441176470588235,0
91907,0.0903290799194089,0
91836,-0.123033098209441,0
91688,0.1144118827780009,0
91692,-0.1239061953097654,0
91826,0.0,0
91814,-0.0525328330206379,0
91959,-0.0103626943005181,115
91854,0.0911627906976744,0
91968,-0.0315186246418338,62
92091,-0.0028014343343791,0
91900,0.6787330316742082,0
91965,-0.6119672131147542,0
93177,0.0078125,0
91905,-0.1470535714285714,0
91909,-0.0051282051282051,0
91849,0.04798356982823,95
93188,-0.0133333333333331,0
92210,-0.0481154771451485,0
91915,0.1224143777551713,166
91979,0.2431999999999998,0
92052,-0.1182389937106919,0
92207,-0.0998781973203412,0
92034,0.0297732387052103,0
92050,-0.076552139843279,0
92345,-0.1085271317829458,0
92038,0.1695238095238094,0
92095,0.0241514360313315,0
92096,-0.0556160435283484,0
92195,-0.0123552123552124,62
12347,-0.2033898305084746,0
92097,0.24,0
92121,0.0137584625464075,81
86812,-0.0300751879699248,0
93126,-0.2221084953940634,0
92143,-0.1050488599348533,0
92102,0.0679989618479106,0
92229,-0.2084078711985688,0
92220,0.0296598639455782,170
92177,-0.0494505494505495,0
92239,-0.0514033427940713,0
92184,-0.2216234422364432,0
92188,0.0518683770217511,158
92296,-0.0897742595204514,0
92172,-0.1643394199785177,0
93149,0.1301518438177873,0
92221,0.0358306188925081,0
92257,0.1036065573770492,0
93004,-0.0584677419354838,0
68145,0.0638297872340425,0
93071,-0.0933289516924088,0
92936,0.0416666666666667,0
92293,0.02506162695152,0
93130,-0.1261829652996845,0
89756,-0.0917647058823529,0
92402,0.0244044160371876,0
12400,-0.3349769888231426,0
92303,-0.0118255728011825,35
92308,-0.0102040816326529,113
92326,-0.3246716162193034,0
93052,-0.1030927835051547,0
92354,-0.1896103896103895,0
92445,-0.0122426265998887,0
92454,-0.0093131548311991,0
92428,-0.0221799746514574,0
92429,-0.4155813953488372,0
92432,-0.0864142538975499,0
92443,0.0148578811369508,133
92448,-0.0789423076923077,0
92493,0.0652883569096844,0
92466,-0.3054187192118226,0
92478,0.0737885462555065,0
92497,-0.1290183076257748,0
92467,-0.0055401662049862,0
92469,0.2724167378309137,0
92917,-0.1818669527896995,0
92528,0.0,0
92523,-0.0185053380782919,0
91365,-0.0106508875739644,0
92687,-0.1377728857090443,0
92614,-0.0013865352025882,131
12392,-0.1510714761080792,0
92587,0.2775423728813559,0
92611,-0.0281917035843736,0
92648,0.1431797651309845,0
92588,-0.1949685534591194,0
10258,-0.1807228915662652,0
92594,0.2388059701492535,0
92602,0.0113320742139761,0
93347,0.0249999999999999,0
92597,0.0384047267355982,0
92984,-0.0256508422664625,0
12413,0.1181434599156117,0
92618,-0.024616368286445,0
82831,0.0074927953890489,0
92753,0.1709677419354838,0
93031,-0.2153846153846154,0
12577,-0.0119225037257824,0
93345,0.0024691358024691,0
92621,-0.5458715596330276,0
92765,0.0653142008906482,0
93079,0.1590186278964107,0
92780,0.0568421052631578,0
92924,0.1480916030534351,0
92852,0.0353253652058431,0
92685,-0.0095294818344252,177
92688,-0.1637704918032786,0
12963,0.3368181818181817,0
92709,-0.0283746104641626,0
92692,-0.0293282876064333,102
92810,-0.0258722069776558,133
92696,0.0834388630927256,0
93339,-0.0692640692640693,0
92772,0.099320882852292,0
92771,0.128134296642584,0
79678,-0.0904652498564043,0
92775,0.1992129189849369,0
92729,0.1482209124645273,0
93384,0.4722222222222223,0
93095,0.1333333333333333,0
92782,0.1209395302348823,0
93089,-0.0021917808219177,0
12527,-0.0221666666666666,0
82526,-0.0909090909090909,0
92777,0.2203687445127304,0
92797,0.0762331838565022,0
92890,0.0175196578838461,0
92913,0.1876876876876876,0
92809,-0.0134328358208956,101
87078,-0.0914368650217706,0
91161,-0.2823218997361477,0
92808,-0.1539966461710453,0
12498,-0.0731807031888798,0
93344,5.242857142857144,0
92854,0.0385597548518898,0
92940,-0.1926047273578282,0
85909,-0.2416582406471183,0
75754,0.0707070707070707,0
93274,-0.1498749999999999,0
92987,-0.0345215759849905,133
93073,0.0702498821310702,0
93098,0.1931230610134435,0
93132,0.0092395167022032,0
12451,0.038793103448276,0
93085,-0.0602409638554215,0
92596,-0.0043103448275861,0
93185,0.0905309517983852,0
78003,0.4851485148514851,0
93246,0.2223786066150597,0
93128,0.1853146853146854,0
92486,0.0612244897959184,0
12696,-0.0280373831775702,155
93272,-0.0950520833333332,0
93371,-0.1179775280898876,0
93356,-0.3149509803921568,0
93305,-0.0952910641453467,0
12384,-0.1418247515808491,0
93301,-0.0297029702970297,0
90295,0.0432900432900433,163
93400,0.1676646706586826,0
88244,0.1724137931034484,0
93401,0.0347222222222223,0
93233,-0.0611778158947968,0
93304,-0.0055658627087198,80
12591,0.1450662739322534,0
93264,0.0455037919826653,0
93372,-0.0151057401812688,137
93434,0.0120772946859906,0
93266,-0.2204724409448818,0
11664,0.1626336522228475,0
93420,0.0074766355140187,0
84581,0.0091743119266054,0
93429,-0.0618432903032123,0
93428,0.078339666764104,0
12402,-0.0010729613733905,0
93393,-0.0642722117202267,0
93289,0.0461638491547464,0
93418,0.2320916905444126,0
11370,-0.1253731343283581,0
90954,-0.0563674928087863,0
12026,-0.0726837060702875,0
93106,-0.0867924528301886,0
12051,-0.0359801488833747,0
12449,0.039482253337675,0
12559,0.2218506131549609,0
12307,0.0272108843537415,0
12009,0.2559523809523809,0
12340,-0.0677671589921806,0
12089,0.0393986521513738,0
93374,0.0773930753564156,0
93433,0.1625683060109288,0
93436,0.0038179393305439,0
12374,-0.0882882882882882,0
12356,0.3255319148936171,0
12078,2.006172839506173,0
10158,-0.0568807339449541,0
93426,-0.0084602368866327,0
13081,-0.0487210718635811,0
12592,0.3217391304347827,0
12348,-0.0929152148664343,0
10220,0.0654642618570473,0
12473,0.044757817290006,0
12919,-0.0194285714285714,0
86092,-0.052863436123348,0
12557,-0.1295454545454546,0
12360,-0.2245088868101029,0
12575,-0.1014925373134328,0
12446,0.0764604810996563,0
12476,0.1962616822429905,0
12502,0.0354309888947645,0
12330,0.0597232337946103,0
12660,0.0167797215280256,0
12639,-0.06158357771261,0
12521,0.0813492063492062,0
12373,-0.0235715037356624,0
12515,-0.0468842729970327,20
12583,-0.1247054863682262,0
12366,-0.0243902439024389,0
12494,-0.0952707333790268,0
12916,0.0071248952221292,0
12695,-0.0615486432825942,0
12640,0.049095607235142,0
12971,-0.0740740740740741,0
12798,0.1754098360655738,0
12509,-0.0097087378640776,173
12795,-0.1442141623488774,0
12623,0.024867062871442,0
12894,-0.5813008130081301,0
12742,-0.4078621595674802,0
12884,-0.0110633066994467,120
12922,0.1132075471698113,0
12783,0.0077288941736028,161
12579,-0.199578947368421,0
13014,-0.0248698669751301,201
12873,0.0514403292181069,0
13111,-0.1362889983579639,0
12797,-0.0545454545454544,0
12905,0.2513227513227514,0
12645,0.204783044536732,0
12913,0.4349809885931559,0
12872,-0.180425939219909,0
12927,0.0682971850484539,0
13141,-0.2416974169741697,0
12792,-0.1099009900990098,0
13108,0.7573529411764706,0
12880,-0.099601593625498,0
12960,-0.1560758082497213,0
13046,0.1033434650455928,0
13080,-0.1491466252909232,0
13169,-0.1422764227642277,0
12920,-0.0149833518312985,151
13049,-0.0081826012058568,0
13201,0.0519480519480519,0
13116,-0.3473684210526315,0
12908,0.1328609388839681,0
13109,0.1413612565445028,0
13160,-0.0689655172413792,0
13106,0.0871613663133097,0
12981,0.0335459971187486,125
13035,0.0406119610570234,154
13037,-0.0095022624434389,180
10966,0.0483870967741935,0
13036,0.0142857142857142,0
13019,0.1022592152199761,0
13041,0.0621761658031088,0
13085,0.2259566713909697,0
13105,-0.0920858594134033,0
13203,0.0172599784250269,0
13168,-0.0623127621330138,0
57913,-0.0434782608695653,0
12629,0.1419213973799127,0
92185,-0.0968660968660968,0
90542,-0.2052785923753666,0
91021,0.1052631578947367,0
93270,-0.062708843840499,0
13112,0.0574506283662477,0
90199,-0.0915266356810868,0
90272,0.1828112661226639,0
90276,-0.0805139882888743,25
90178,-0.1504206556425877,0
90188,-0.0936686903729401,0
90187,-0.2509341764874964,0
90164,-0.030277544154752,0
92457,0.0944498539435247,0
90233,-0.323268921095008,0
90097,0.0135658914728682,0
92870,0.0413333333333332,0
90200,0.1404801521274066,22
90207,0.2666666666666666,0
91609,-0.0320568927789935,57
90303,0.029781601588352,0
90399,0.0,169
92894,-0.2037867463876432,0
92155,-0.1487109905020353,0
27204,-0.043956043956044,0
82678,-0.0888446215139441,0
12615,0.0239616613418531,0
