firms,clusters,mom1
10074,0,0.0
50906,0,0.15527950310559
10568,0,-0.1020408163265306
10998,0,-0.0625
50032,0,-0.0181818181818181
69171,16,-0.0952380952380952
68814,7,0.4634146341463414
47730,0,0.0617283950617284
13232,12,-0.0476190476190476
13777,20,-0.05
44652,20,0.0561224489795917
38746,0,0.0
60871,0,-0.0782608695652173
14198,0,0.0
14331,0,-0.0958904109589041
45583,23,0.0
14702,0,0.0467836257309941
15537,0,-0.0555555555555555
85631,0,0.0656565656565657
16185,0,-0.0673076923076922
16791,0,-0.0625
17057,0,0.2142857142857142
17903,0,-0.010752688172043
49373,0,-0.0063694267515923
18570,6,-0.0058139534883721
47642,0,0.072289156626506
18973,0,0.0270270270270269
19271,0,0.0827067669172931
29938,20,0.0090090090090089
10866,25,-0.0564784053156146
20240,0,-0.1827956989247311
20248,0,0.0676691729323308
49402,27,0.096551724137931
25320,0,0.0763636363636364
21742,15,0.0769230769230768
11267,0,-0.188118811881188
50366,7,-0.0666666666666666
22825,0,-0.125
26841,15,-0.1454545454545455
65533,12,0.1569767441860465
24572,7,-0.05
24951,0,-0.024390243902439
25049,10,0.0
25217,0,0.1184834123222748
25487,0,0.1157407407407407
69307,12,-0.1666666666666666
65541,0,0.2727272727272727
27562,0,-0.0261780104712041
31026,12,0.0185185185185186
27800,0,-0.081081081081081
27909,0,-0.054054054054054
28207,12,0.0454545454545454
28522,0,-0.0135135135135134
10731,0,0.1200000000000001
59707,0,0.0344827586206897
63546,0,-0.1363636363636363
29023,0,-0.0285714285714285
49154,25,0.0185185185185186
19350,0,0.0369685767097967
49429,0,0.0850202429149797
61313,0,0.0949720670391061
19254,23,0.0304878048780488
31500,0,0.0377358490566037
87581,0,-0.03125
32839,0,0.0714285714285714
33209,0,0.1692307692307693
50788,9,0.1304347826086955
33690,20,-0.0714285714285714
34121,0,0.0370370370370369
34287,0,-0.1066666666666666
44708,0,0.0990990990990992
58405,0,0.0740740740740741
46295,0,0.2222222222222223
37058,0,-0.0099009900990099
46164,0,-0.0127118644067796
26382,25,0.0738916256157635
37103,0,0.1932773109243697
31974,0,0.0471014492753623
62228,0,0.0
59010,0,-0.0994152046783626
60935,0,0.1020408163265305
40838,0,0.0213523131672597
19174,0,0.0
21055,0,0.0
59547,0,0.043956043956044
47888,25,-0.0161290322580645
62367,0,-0.05
39670,0,0.0749999999999999
49189,0,0.0377358490566037
40628,0,0.0
40644,27,-0.0769230769230768
39765,8,0.0246913580246914
32600,12,0.1999999999999999
23077,0,0.0352941176470589
41663,7,0.0862068965517242
27828,0,0.0315614617940198
32803,28,0.0
42366,12,0.0370370370370369
32926,0,0.0370370370370369
66587,0,-0.1616766467065868
42922,12,0.1041688888888887
43474,7,0.1428571428571428
44389,0,0.3181818181818181
12503,0,-0.02803738317757
45560,0,0.1363636363636364
45699,0,0.0288461538461537
12040,0,0.0
46149,0,0.1639344262295081
46237,0,-0.0363636363636363
48100,12,-0.0714285714285714
33267,16,-0.3333333333333333
57437,0,0.064327485380117
47571,0,0.0357142857142858
53495,16,-0.0270270270270269
50374,0,-0.0096153846153845
48208,18,-0.1428571428571429
48291,0,0.4210526315789473
48347,6,0.0
64282,0,0.144927536231884
26294,20,0.1040892193308549
53612,0,-0.0314685314685314
61399,0,0.0510948905109489
50519,0,0.1176470588235294
66253,25,-0.0178571428571429
51960,0,0.0819672131147541
13100,0,0.0095541401273886
51984,0,-0.0067567567567567
27617,12,0.0096153846153845
64637,0,-0.0967741935483871
60097,0,0.1123244929797191
22891,23,0.0155642023346302
53050,12,-0.0625
60548,0,-0.1550387596899225
53189,0,0.0303030303030302
55191,28,-0.0679012345679012
48063,0,0.0405405405405405
54843,0,0.0
68582,0,0.0099009900990099
47773,28,-0.0101626016260162
56339,0,0.0851063829787233
56419,12,0.0
56777,0,0.1
34665,0,-0.0697674418604651
57809,0,-0.0022779043280182
57817,0,0.0294117647058822
57884,0,-0.0142857142857142
58473,0,0.3043478260869565
53639,0,0.0855855855855856
59185,28,-0.0943396226415094
45313,6,-0.0353982300884956
59767,0,-0.1320754716981131
60055,10,0.0166666666666666
60346,0,0.0138888888888888
60679,0,0.0491228070175437
35051,0,0.05
75310,0,0.0106382978723404
18403,0,-0.0875576036866359
61460,0,0.0
35238,0,-0.0549019607843137
61823,0,0.0465116279069768
49576,0,0.0050761421319796
62384,6,0.0909090909090908
13936,0,-0.2487562189054726
64338,0,-0.0909090909090909
49971,0,0.0555555555555555
63686,0,0.04
63715,8,0.0208333333333332
91193,0,0.3999999999999999
43748,0,0.1129032258064515
64697,6,-0.1165644171779141
64769,0,-0.1374999999999999
42307,28,0.1111111111111111
62033,28,0.0457516339869281
61620,0,-0.0895522388059701
75793,20,0.0
67177,0,0.0517241379310344
25312,0,0.0952380952380953
67620,12,0.1111111111111111
91556,25,0.0341880341880342
62682,6,0.1066666666666666
68065,0,-0.0714285714285714
41320,6,0.1290322580645162
68428,0,-0.1094890510948904
39773,20,-0.0606060606060605
50948,0,0.05
70376,0,-0.0737704918032786
70923,0,0.0601336302895323
42585,0,0.0425531914893617
72005,0,0.0
36740,12,0.0
72961,0,-0.0662650602409639
73083,23,0.0506329113924051
54981,10,0.0333333333333334
73796,0,0.078125
74230,0,-0.016574585635359
75345,7,0.125
53751,20,0.08
62447,18,0.0576923076923077
76081,0,0.1
48573,0,0.0
60580,0,-0.0473684210526316
63036,0,0.0666666666666666
76743,0,-0.1111111111111111
50278,0,0.0476190476190476
25937,0,0.013157894736842
79338,0,-0.0634920634920634
46260,0,0.0161290322580645
66368,30,0.0909090909090908
79840,0,0.0666666666666666
37807,0,-0.0684931506849315
80179,0,0.0078125
80347,6,-0.0126582278481012
80654,0,0.0258620689655173
80857,0,-0.0163934426229508
59627,0,-0.0555555555555555
81190,0,-0.0147058823529411
55976,0,0.0309278350515462
51932,25,-0.015625
82924,0,-0.4941176470588235
83011,0,0.0661157024793388
15456,20,-0.047244094488189
40539,0,-0.0857142857142857
89245,0,-0.0749999999999999
91572,0,0.0
91636,25,0.0
34228,7,0.1578947368421053
91994,0,-0.1999999999999999
10025,0,0.0285714285714284
86511,10,0.0714285714285714
90609,0,-0.0298507462686566
69411,0,-0.0941176470588235
67467,0,0.0
69032,0,0.0659340659340659
10089,0,0.0545454545454544
10136,0,0.472972972972973
10182,0,-0.0303030303030302
10222,0,-0.0641025641025641
10248,0,0.0
10247,12,0.0434782608695651
10256,7,-0.1666666666666666
10259,0,-0.0333333333333333
10282,0,0.0
75500,12,-0.1818181818181817
10501,0,-0.1063829787234043
10185,0,0.0625
10514,0,-0.0333333333333333
10531,30,-0.1578947368421053
10578,0,-0.16544
10178,0,-0.1157894736842105
10622,18,-0.1333333333333333
10633,12,0.04
10709,10,0.1
10010,0,-0.2807017543859649
75232,0,0.0352112676056337
10706,0,0.0263157894736842
11747,0,-0.0476190476190476
76563,0,0.0549828178694158
10199,0,0.0945945945945945
10845,0,-0.081967213114754
10870,0,0.2142857142857142
75527,0,-0.2293577981651375
75528,0,0.0348837209302326
10984,0,-0.1999999999999999
32563,0,0.0576923076923077
11103,0,0.0188679245283018
71837,0,0.0470588235294118
11154,0,-0.0675675675675675
11202,0,0.0289855072463767
10325,0,-0.0193548387096774
11343,0,0.1102941176470588
71685,0,0.1958762886597937
11379,0,0.1142857142857143
11278,0,0.1818181818181818
11475,0,-0.049586776859504
11484,0,-0.3928571428571429
10636,0,0.1907894736842106
11480,12,0.1333333333333333
75066,0,-0.0634920634920634
10790,0,-0.0533333333333333
75100,0,0.0577617328519854
75172,12,-0.1730769230769231
75563,9,0.1666666666666667
75179,0,-0.0393700787401575
11663,0,-0.0480769230769231
11959,25,-0.0555555555555555
11081,0,0.061611374407583
75700,0,-0.1038961038961039
75621,0,0.0150375939849625
75659,12,-0.25
75615,12,-0.0602409638554216
79410,0,-0.018018018018018
75614,20,-0.1063829787234043
75655,0,-0.0175438596491228
75905,0,-0.0999999999999999
76052,10,-0.0333333333333333
76075,0,-0.0629921259842519
76076,7,-0.1016042780748662
76132,0,0.0263157894736842
56354,20,-0.0212765957446808
65832,0,-0.009090909090909
66413,0,0.0309278350515462
21020,0,-0.0357894736842104
85041,0,0.0438596491228069
62500,0,-0.0625
10496,7,-0.36
27991,15,0.0763358778625953
10517,0,0.0
20482,30,-0.0301724137931034
10656,6,0.0491803278688525
10123,0,-0.0625
10664,0,0.0
10057,0,0.0963855421686747
63837,0,-0.0294117647058823
60038,0,0.1481481481481481
51510,0,0.0
10752,18,-0.2388059701492537
61487,0,0.0909090909090908
85113,0,-0.0551601423487544
10875,0,-0.1913043478260869
61241,0,0.08
11042,7,0.1142857142857143
61081,25,0.1714285714285714
28222,23,0.1327433628318584
51721,0,-0.2302158273381295
28804,9,0.0317460317460318
49584,0,0.0459770114942528
42083,0,0.0231213872832369
48514,0,0.0656455142231946
63845,0,0.2153846153846152
11691,28,-0.0097087378640776
44740,0,-0.0354609929078014
11851,10,0.1232876712328767
26331,18,-0.0431034482758621
10145,0,0.1046931407942237
85033,18,0.0528455284552844
41443,0,0.0746268656716417
45911,0,0.4838709677419355
12205,0,0.0338983050847456
24643,0,0.07008547008547
64856,20,-0.074468085106383
28484,0,0.0558375634517767
60046,0,0.25
39482,0,-0.4576271186440678
10225,0,0.0790513833992094
56119,0,0.0460526315789473
12758,0,0.0827067669172931
24109,8,0.0796460176991149
12811,0,0.1499999999999999
12918,0,0.0
41734,0,-0.0625
15667,0,0.0110132158590308
65859,20,0.0754098360655737
50112,27,0.0121951219512195
13304,0,0.0582010582010581
29049,0,0.0049261083743843
13603,0,0.1153846153846154
46527,23,0.0363636363636363
65111,0,0.0502793296089385
58560,20,0.1599999999999999
13769,12,0.0
69200,0,0.1372549019607842
10401,6,0.0045977011494253
11144,9,0.09375
23544,0,0.0276497695852535
13988,0,0.2727272727272727
10460,0,0.0932203389830508
14008,0,0.1588921282798834
14059,0,0.1666666666666667
27051,25,0.0833333333333332
19553,28,0.0527472527472527
18075,0,0.1153846153846154
14219,0,-0.106060606060606
14227,0,-0.0999999999999999
29073,18,0.0330578512396693
14323,0,0.054421768707483
29102,0,-0.0677966101694915
59184,0,0.0295566502463053
29145,0,0.0573770491803278
39490,0,-0.0723981900452488
14593,7,0.2712264150943395
52804,0,0.1428571428571428
14761,0,-0.1578947368421053
10516,28,0.053475935828877
29380,0,-0.0588235294117647
17566,0,0.0666666666666666
19692,0,0.0563002680965147
15035,0,-0.0569620253164556
60230,0,0.0
29209,0,0.0033557046979866
31472,0,0.1458333333333332
21143,23,0.0208333333333332
10364,0,0.0444444444444445
24272,0,0.0671641791044777
15262,12,0.0
15457,0,0.0
15502,0,-0.0333333333333333
85607,10,0.0365853658536585
15553,23,0.033210332103321
10604,0,0.0550122249388753
15684,9,0.190721649484536
20458,0,-0.1568627450980392
15721,27,0.107843137254902
49701,0,0.1772151898734177
15820,0,0.0
69542,0,0.1
44644,6,-0.0305882352941176
16030,0,-0.0068493150684931
44601,6,0.125
27684,25,0.0634920634920634
40416,0,-0.0382165605095541
58376,0,0.0
16193,0,-0.0526315789473684
65496,0,0.0552995391705068
53110,0,0.1005586592178771
85754,0,0.0219780219780219
62797,0,0.0285714285714284
52484,20,-0.1296296296296296
75034,0,0.0304878048780488
10318,0,-0.1111111111111111
58755,28,0.0374331550802138
57568,0,0.0144230769230768
58480,10,0.0188679245283018
16468,0,0.0
24221,0,0.076470588235294
16564,0,0.0124999999999999
55781,0,0.0847457627118644
29532,0,-0.0967741935483871
16890,28,0.0234375
46877,0,0.0104712041884815
39693,6,-0.0070921985815602
16978,0,0.0196850393700787
85842,7,0.125
47423,0,0.2222222222222223
26518,0,-0.0304054054054053
27887,0,0.0047619047619047
75330,0,0.1034482758620689
29612,0,0.0
39642,0,0.0305810397553516
17444,0,-0.0576923076923077
65875,28,0.0111607142857141
29639,0,-0.0150375939849624
65883,6,0.0121457489878542
65509,6,0.0695652173913043
43772,23,0.1067415730337077
19377,0,0.0890410958904108
42438,9,-0.1567164179104477
10786,0,0.1946308724832215
17815,0,0.0383480825958701
47992,0,0.0103092783505154
54164,28,0.0394736842105263
17962,0,0.0315789473684211
17989,0,0.024390243902439
61508,9,0.0357142857142858
18033,12,0.119047619047619
18156,0,-0.1363636363636363
18316,12,-0.1875
20220,0,0.1956521739130434
61946,0,0.0952380952380953
38527,0,0.0920502092050208
18455,0,-0.0393700787401575
62519,0,-0.0071428571428571
19561,0,-0.0351351351351351
42024,0,0.1299435028248587
64178,0,0.162162162162162
51393,0,-0.1041666666666666
18754,0,0.0673076923076922
16571,20,-0.0505050505050505
25144,28,0.014218009478673
66130,0,0.0913705583756345
60898,0,-0.0921052631578946
39757,0,0.0666666666666666
19159,0,0.0210526315789474
17961,0,0.0859813084112148
19393,0,-0.0186480186480186
42606,0,0.125
19546,0,0.0084745762711864
53786,25,0.0205761316872428
19589,0,0.0689655172413792
10874,0,0.0852272727272727
55597,0,-0.0236220472440944
19677,0,0.1578947368421053
19693,0,-0.0275229357798164
19722,0,-0.2916666666666666
67176,9,0.2608695652173913
50227,25,-0.0257611241217798
19888,25,0.1935483870967742
10890,0,-0.0405405405405405
67432,0,0.0392156862745098
19992,0,0.2473118279569892
59686,23,-0.0089285714285713
20730,0,0.0
20117,25,0.1411764705882352
20125,0,0.0202020202020201
45655,0,0.0283018867924529
67838,0,0.0232558139534884
20299,0,0.0
10989,23,0.0466321243523315
58181,0,0.0465116279069768
62148,0,0.0281456953642385
20459,0,0.0
46690,25,0.0464547677261613
20504,0,0.0280373831775699
20512,0,-0.0955882352941176
20547,0,0.1538461538461537
20571,0,0.0
56602,0,0.1525423728813559
20678,7,0.0
20723,0,-0.0549450549450549
20750,28,-0.0174216027874564
51414,23,0.0
64880,12,0.0
30330,20,0.0861159929701229
21304,0,-0.1212121212121212
21371,0,-0.2133289795918367
27334,23,0.0
53524,0,-0.0263157894736841
23114,20,0.1513513513513513
20618,0,0.0104602510460252
26374,20,-0.1610738255033557
86431,9,-0.1363636363636363
56952,20,-0.0087719298245614
30402,0,0.0
40707,23,0.0416666666666667
18542,0,0.0837499999999999
53831,0,-0.0291262135922329
22016,7,0.0555555555555555
22437,23,0.0190476190476189
63503,20,-0.0085470085470085
58173,0,0.0545454545454544
60599,15,0.0048309178743961
22374,12,0.5
22382,0,-0.1153846153846154
22569,0,-0.0833333333333333
41419,18,0.2088888888888889
21397,0,0.0418250950570342
22585,0,0.1515151515151516
22681,0,-0.0727272727272727
22913,0,-0.081081081081081
64194,0,-0.0489510489510489
23035,0,-0.1145833333333333
21960,0,0.107843137254902
23182,28,0.0446428571428572
14541,20,0.0597014925373133
30509,25,0.0873362445414847
23297,0,0.0654761904761904
23318,9,-0.0182648401826484
21282,0,0.0207612456747405
30525,10,-0.0294117647058823
11260,0,0.013157894736842
23393,23,0.0109890109890109
68320,0,0.0
24117,0,0.0042918454935623
47677,0,0.0916030534351144
23481,18,0.0793650793650793
22680,25,0.0359281437125749
23537,10,-0.2105263157894736
23588,0,0.0
18446,0,0.1506276150627614
66878,0,0.0567375886524823
24046,0,0.2225913621262458
27422,6,0.0559210526315789
24097,16,-0.1351351351351351
46578,0,0.0179028132992327
56741,0,0.03
24193,0,-0.032258064516129
38893,0,0.1620370370370369
11995,0,0.0227272727272727
11308,30,0.0923076923076922
24441,0,-0.0536912751677852
64901,12,0.1162790697674418
24476,6,0.0384615384615385
30648,0,0.0373134328358208
18729,0,0.0215311004784688
24556,0,-0.0133333333333333
52740,0,0.1428397281565234
24679,0,0.0
11340,10,0.0370370370370369
24935,0,0.154320987654321
11997,0,-0.0763888888888888
11675,0,-0.11328125
25073,18,-0.1458333333333333
61524,10,0.0196078431372548
25137,0,0.0571428571428571
41064,0,0.1117021276595744
25452,0,-0.1372549019607842
25989,0,-0.1333333333333333
68347,9,-0.0193050193050192
25604,0,0.0552147239263802
25612,0,-0.0277777777777777
25786,0,-0.125
25823,25,-0.0545454545454545
25938,0,0.0
26009,0,0.0930232558139534
40125,0,0.003003003003003
26084,0,0.1470588235294117
26252,9,0.25
26279,0,-0.1063829787234043
26295,0,0.1052631578947369
26332,0,0.0851063829787233
11404,0,0.0849056603773585
41929,0,-0.0368421052631579
21821,8,0.0264900662251654
26586,0,0.0857142857142856
26607,0,-0.0365853658536585
71765,23,-0.0182648401826484
26650,20,-0.0476190476190476
23229,0,0.0718562874251496
26711,23,0.0454545454545454
38914,0,0.0353535353535352
87012,18,-0.0909090909090909
21979,0,0.0416666666666667
27430,23,0.0648648648648648
59248,0,0.1428571428571428
27239,18,-0.1517857142857143
22293,0,-0.0268199233716475
27407,0,0.0
27474,0,0.0775862068965518
20204,28,-0.0284360189573459
27618,0,-0.0378787878787878
62164,0,-0.0939226519337016
38420,0,-0.0289855072463768
31042,30,-0.027972027972028
17726,8,-0.0402684563758389
59256,25,-0.2251655629139073
31069,0,0.101010101010101
41080,0,-0.0749279538904899
18091,0,-0.0074626865671642
62527,16,-0.05
28143,0,0.0102040816326529
28151,0,0.0
28178,0,-0.0746268656716417
29744,0,-0.0869565217391304
28231,20,-0.0833333333333333
30067,18,0.2523961661341853
11607,0,0.0087719298245614
49285,0,0.0
66472,7,0.3333333333333332
57592,0,0.0483870967741935
28629,0,0.0625
28696,16,-0.025
28717,0,0.0161290322580645
28725,0,-0.0416666666666666
28784,0,0.7222222222222223
28840,0,0.0
11183,0,0.0731707317073171
12005,0,-0.0571428571428571
28952,0,0.1
29050,0,0.0833333333333332
22859,0,0.0251572327044025
60273,0,0.0568181818181818
29197,0,0.05
45110,0,-0.0147783251231526
29226,0,0.0222222222222221
64215,16,0.1200000000000001
26112,0,0.0635359116022098
29285,0,-0.073170731707317
61743,0,-0.014218009478673
22867,20,-0.0833333333333333
29560,0,0.3400000000000001
29576,0,0.1333333333333333
11674,0,0.0656565656565657
45874,28,0.0257731958762885
29736,0,-0.0851063829787234
29752,30,0.0346820809248555
65226,0,-0.1081081081081081
24715,0,0.1282051282051282
45516,0,0.1999999999999999
29832,0,0.0909090909090908
29859,0,0.0402298850574711
29867,20,-0.0144927536231883
40440,23,0.0557184750733137
43916,12,-0.0064102564102563
44943,18,-0.1940298507462686
30147,6,0.0037593984962405
26403,0,0.018018018018018
10886,0,0.1818181818181818
30307,0,0.0540540540540539
64936,8,0.0
38682,8,0.0585585585585586
41515,7,-0.0704225352112676
30577,0,0.0
30622,0,0.0136986301369863
25953,0,0.0
20626,6,0.05736137667304
58990,28,-0.0080645161290322
30681,0,0.0544041450777201
46471,0,-0.0114942528735632
30761,0,-0.0425531914893616
30780,0,0.043956043956044
63132,10,0.0270270270270269
27959,23,0.06993006993007
48506,0,0.0427927927927926
30884,0,-0.1203703703703703
25072,0,0.0168776371308017
30892,0,0.0144927536231884
30940,8,0.046875
31464,0,0.2142857142857142
31070,30,0.0
31078,0,-0.12
31107,0,-0.0116279069767442
42200,0,0.0249999999999999
63159,0,0.069767441860465
43342,0,0.0434782608695651
32281,23,-0.0094339622641509
31457,0,0.0714285714285714
31480,0,-0.0083333333333333
26075,0,0.0054644808743169
11754,0,0.0051948051948051
11762,23,-0.0024038461538461
70578,8,0.0
31552,0,0.0277777777777776
68398,0,-0.0288461538461538
31836,0,-0.0735294117647058
44185,0,-0.086734693877551
32062,9,0.1999999999999999
32110,0,0.0
38543,0,0.0810810810810811
87549,0,-0.0434782608695651
60927,0,0.3513513513513513
22103,28,0.0681318681318681
32417,0,-0.1847826086956522
23042,20,0.0229007633587785
61540,0,0.1020408163265305
32540,0,0.1132075471698113
68910,0,0.0
26470,28,0.0359281437125749
32791,0,0.0490196078431373
32804,0,0.0888888888888888
62834,0,-0.0297029702970297
32986,0,-0.0340136054421769
25056,0,0.1043478260869565
62842,28,-0.0476190476190476
33137,12,-0.0681818181818182
52476,0,0.0309734513274335
24328,0,-0.0181818181818181
33420,0,-0.0625
33532,0,-0.0625
31691,0,0.0175438596491228
33567,0,0.0666666666666666
42550,20,-0.0412371134020618
33612,0,-0.125
62199,12,-0.0666666666666666
87696,0,0.1730769230769231
66149,25,0.1451612903225807
87717,30,0.0434782608695651
87725,23,0.0447761194029849
11850,23,0.0484581497797356
19166,0,0.0854503464203233
24205,8,0.0630252100840336
34367,0,0.0325203252032519
34404,0,0.0256410256410255
21338,0,-0.0472103004291845
25371,0,0.092896174863388
34463,0,0.0149253731343284
47706,0,0.0882352941176469
21135,0,0.0378378378378378
34578,20,-0.0476190476190476
42745,10,0.0303030303030302
10016,20,-0.0246913580246913
34818,0,0.0124999999999999
34981,0,0.0121951219512195
35706,0,0.0045045045045044
58296,0,0.0081967213114753
17911,0,-0.1287878787878787
47271,0,0.063063063063063
36768,6,-0.2363636363636363
49875,23,-0.0365448504983388
27748,25,0.0190839694656488
22496,0,0.0922330097087378
37023,23,-0.0072463768115942
56784,23,0.0729166666666667
49031,28,-0.1027397260273972
37189,0,-0.0754716981132075
41726,0,-0.0166666666666667
66165,0,0.1855670103092783
25785,0,-0.4597457627118644
45241,0,-0.0172413793103448
37234,0,-0.0735294117647058
37277,0,-0.0816326530612244
37365,18,0.0833333333333332
37402,0,-0.0344827586206896
18112,25,0.1305841924398625
37568,0,0.0909090909090908
37584,0,-0.0067340067340067
62877,20,0.0384615384615385
58421,0,-0.0434782608695651
37832,25,0.0806451612903225
37859,0,0.0776699029126213
25961,0,0.0289855072463767
37955,0,-0.1129032258064516
40425,12,0.3333333333333332
21004,0,0.0282258064516129
32061,16,0.1707317073170731
38085,0,0.0740740740740741
38093,25,0.0201612903225807
88269,0,-0.0392156862745097
61348,12,0.0
38157,0,-0.0425531914893616
47941,0,0.0202020202020201
32096,0,0.0842696629213484
38317,0,-0.1999999999999999
38333,0,-0.0272108843537415
62607,18,0.0465116279069768
12052,0,-0.0214067278287461
12060,20,0.0804289544235925
46834,0,0.0615384615384615
56629,23,-0.1098901098901099
38472,0,-0.1052631578947368
12079,10,0.0223880597014924
12095,0,0.1022727272727272
38659,0,-0.2058823529411765
40168,12,0.0
62260,0,-0.1304347826086956
46674,0,-0.0207612456747404
38827,0,0.0
23915,0,0.0772442588726514
27449,0,-0.1046511627906976
38974,0,0.0
39029,30,0.0434782608695651
39045,8,-0.032258064516129
16424,0,0.0671785028790787
12024,0,-0.05
57154,20,-0.0546875
55466,0,0.0108695652173913
45428,0,0.0
65920,0,0.0517241379310344
60441,0,-0.02
32299,0,-0.1428571428571429
12140,0,0.0517241379310344
16432,0,-0.0104166666666666
53604,28,-0.0492610837438424
39483,23,-0.0581395348837209
25005,0,0.0407523510971787
39571,0,-0.0266666666666666
39590,0,0.1527777777777776
60468,0,-0.010204081632653
52695,0,0.0450097847358121
32379,0,0.0993071593533487
63976,0,0.0507614213197968
67571,0,-0.4732142857142857
49197,23,0.1458333333333332
40097,0,0.0377487989018532
19721,6,-0.5175438596491229
32440,0,-0.0863309352517985
32459,23,0.125
40345,0,0.0483271375464684
54770,23,-0.048780487804878
40484,0,0.1287128712871286
67942,0,-0.0178571428571429
23819,0,0.0036900369003689
49349,0,0.0222222222222221
44468,28,0.0892857142857141
43238,23,0.0443349753694581
59301,23,0.0446927374301675
40970,0,0.1666666666666667
50905,0,-0.0574712643678161
40994,0,0.1515151515151516
41014,23,-0.0344827586206896
25582,0,-0.0113314447592067
52978,0,0.021097046413502
41188,0,-0.0625
10294,0,0.0370370370370369
41187,0,0.0403225806451612
41292,0,0.0303030303030302
88605,0,0.1538461538461537
41356,0,0.1041666666666667
41399,0,0.5238095238095237
32651,0,-0.0470588235294118
64434,12,0.0
60476,0,0.0930232558139534
41444,0,0.0
41487,0,-0.0495049504950495
63992,0,-0.0909090909090909
32707,0,0.0518867924528301
18016,0,-0.0023364485981308
16600,0,-0.0230547550432276
61567,12,0.125
41874,16,0.0476190476190476
23309,25,0.1910377358490567
42084,10,0.1272727272727272
12319,0,0.0
42439,25,-0.0272727272727272
18374,0,0.0161290322580645
42455,0,-0.1954022988505747
32897,0,-0.0694444444444444
42578,0,0.0175438596491228
42607,0,-0.0555555555555555
44986,25,-0.1610169491525424
20124,0,0.0
21792,0,0.0766283524904214
58886,0,0.043956043956044
32934,28,0.0095465393794749
48135,0,0.0325203252032519
44150,0,-0.016
42877,23,0.0
88795,10,0.0816326530612245
42981,0,-0.097560975609756
43028,0,0.05
62295,28,-0.0689655172413793
38973,28,0.064516129032258
64258,0,0.0
43263,0,-0.0396825396825396
43327,12,0.032258064516129
64004,0,0.0465116279069768
75227,0,0.0938967136150235
56573,0,0.0288461538461537
43610,12,0.0196078431372548
43618,20,-0.15
43634,0,0.0142857142857142
43749,0,0.1290322580645162
43757,12,-0.0357142857142857
43984,0,-0.048780487804878
43992,0,-0.0147058823529411
44090,0,0.0714285714285714
12431,23,0.0355871886120997
44194,0,-0.1186440677966101
44207,18,0.2758620689655173
12458,0,0.0896057347670251
88990,0,-0.0151515151515151
44266,0,0.0
44274,0,-0.0566037735849056
65293,0,-0.1290322580645161
46519,0,0.0256410256410255
46463,0,-0.0344827586206896
44506,0,-0.3131313131313131
59328,10,0.0128205128205127
44565,16,0.0
44637,0,0.0273972602739727
44768,0,0.1333333333333333
44776,0,-0.1125
44792,0,0.0
15747,20,-0.1052631578947368
89093,23,0.0163934426229508
58608,6,0.0466321243523315
50075,0,-0.1428571428571429
12490,0,0.053191489361702
40272,0,0.0734824281150159
12511,0,-0.0615384615384615
45277,7,0.0331125827814569
45306,12,-0.0784313725490196
21573,28,0.1
62631,0,0.0689655172413792
49736,0,0.0625
27705,0,0.2416666666666667
45373,0,0.0
45381,0,-0.0869565217391304
54674,0,0.1666666666666667
45437,0,0.0249999999999999
68494,0,0.0909090909090908
67619,0,-0.159090909090909
23317,0,-0.0190839694656488
53065,23,0.0443548387096774
67993,0,-0.0895522388059701
45728,25,0.0183486238532109
45891,12,0.25
57066,28,0.0626780626780627
46018,28,0.0264150943396226
46114,0,-0.0999999999999999
47984,0,0.0396039603960396
46229,0,-0.0714285714285714
52329,23,0.0060975609756097
61583,0,0.1323529411764705
46392,0,-0.0902777777777777
22111,0,0.096209912536443
42534,25,0.082687338501292
53268,23,-0.0259740259740259
46819,0,0.0
42104,0,0.0077519379844961
46870,0,-0.1041666666666666
46886,0,0.0666666666666666
56557,7,0.0526315789473683
46931,0,-0.108695652173913
46950,20,-0.1044776119402984
47002,23,-0.0136986301369863
42067,0,-0.0833333333333333
24432,0,0.1176470588235294
12650,0,-0.0460122699386502
24053,0,0.0465116279069768
68996,18,0.0
47205,0,0.0
47248,0,-0.0437956204379561
26825,30,-0.0482758620689655
47379,0,0.0727272727272727
44134,0,0.0964467005076141
52847,0,-0.0238095238095238
58616,25,0.1060606060606059
25769,28,0.06631299734748
60521,0,-0.032051282051282
47715,28,-0.021505376344086
17750,23,0.0732860520094562
33398,0,0.0714285714285714
59045,27,-0.0229007633587786
33451,0,0.1470588235294117
47969,25,0.0389610389610388
48960,23,0.0562347188264058
45866,0,-0.0483870967741935
16678,0,0.075268817204301
59897,0,0.0
48144,0,-0.0999999999999999
41136,0,0.0283687943262411
48195,0,-0.0344827586206896
89456,0,0.0120481927710842
48267,0,0.0849999999999999
47255,0,0.1052631578947369
58624,0,0.0956937799043062
48363,0,0.0943396226415094
48371,0,0.0714285714285714
65656,25,0.0064516129032257
48486,0,0.0089285714285713
33603,0,-0.1269841269841269
48523,0,-0.2380952380952381
48531,8,0.1176470588235294
48769,0,0.3870967741935485
48961,0,0.0217391304347827
59053,0,0.0
49083,0,0.484375
50286,28,0.078125
57373,0,-0.1999999999999999
60943,0,-0.0166666666666667
65330,0,0.0397350993377483
17443,0,0.0
10092,16,-0.0909090909090909
49227,0,-0.0307692307692307
20415,0,0.0104166666666667
18147,0,0.111913357400722
89608,0,-0.1999999999999999
49534,0,0.03125
50876,0,-0.1450549450549451
49606,0,0.0438413361169103
49614,0,0.1333333333333333
49737,0,-0.0555555555555555
49745,0,0.25
49817,0,0.0
49905,0,0.0625
21178,0,-0.0363288718929254
59352,0,0.0384615384615385
26710,0,0.0261627906976744
59360,0,0.0730593607305936
89675,0,-0.1034482758620689
24360,0,0.0422535211267605
33785,0,0.0642857142857142
50156,0,-0.1156462585034013
33814,0,-0.0088235294117646
56223,0,0.0573770491803278
43721,23,-0.010948905109489
22373,0,0.0343511450381679
62906,0,0.0
59774,0,0.1999999999999999
33849,0,-0.0521327014218009
34147,0,-0.03125
50404,0,0.0282485875706215
23835,0,0.0
34067,0,0.0659340659340659
89755,0,0.0555555555555555
50623,6,-0.0884955752212389
50666,25,0.0258620689655173
50877,0,-0.0042735042735042
33937,0,-0.0338164251207729
51263,23,-0.0201005025125627
90100,23,0.0862068965517242
43668,28,0.0275423728813559
47837,0,0.054421768707483
51626,0,0.0483870967741935
46703,12,0.1818181818181818
45751,28,0.0224887556221888
51693,0,0.072289156626506
89886,12,0.1999999999999999
51800,10,0.0566037735849056
51829,7,0.1
35705,0,-0.0333333333333333
51933,0,0.0454545454545454
89894,0,-0.025
52039,0,-0.0476190476190476
13119,25,0.0405405405405405
65357,0,0.0
43449,0,-0.0606060606060605
26729,0,-0.0341880341880341
52135,0,-0.05
89915,27,-0.1176470588235294
17478,0,0.0451127819548873
19895,0,0.0113314447592067
50577,0,0.1071428571428572
52282,0,-0.03125
52346,0,0.010752688172043
10507,0,0.25
52469,0,-0.0666666666666666
52557,0,0.0217391304347827
62914,0,0.2142857142857142
52581,0,0.1304347826086955
75407,0,0.0510204081632652
17005,0,-0.0419354838709677
52792,0,0.0691056910569105
52813,0,-0.0357142857142857
22752,0,-0.0042016806722688
42796,0,0.0558823529411764
52919,0,0.0464285714285714
53015,0,0.0597014925373133
53082,0,-0.1333333333333333
53226,0,0.1014441672154564
55546,0,-0.0842105263157895
58632,0,-0.0999999999999999
53480,0,0.0283018867924529
53509,0,-0.0625
53621,18,-0.01
53640,0,-0.1041666666666666
53656,0,-0.0769230769230768
24010,0,0.0303030303030302
53859,0,-0.0294117647058823
48901,30,0.0
90211,0,0.0
54253,23,0.1194968553459119
22592,20,0.070528967254408
24248,8,0.0289855072463767
15966,6,0.0291411042944784
54675,0,-0.1370967741935483
54771,12,-0.034090909090909
54798,9,0.0292397660818712
54827,0,0.0641447368421053
22023,8,-0.0253164556962025
42614,0,0.0
67678,0,0.196078431372549
55125,0,-0.032258064516129
55079,0,-0.2441860465116279
21290,0,0.0673575129533678
90310,30,0.2117647058823528
55256,25,-0.0697674418604651
55328,10,-0.0526315789473684
22779,0,0.1904761904761904
55467,0,-0.0634920634920634
12058,23,0.0431034482758621
13290,0,-0.048780487804878
28345,28,0.0409356725146199
66640,0,0.1764705882352941
65365,6,0.0621118012422359
69550,0,0.0411764705882353
13303,0,0.1764705882352941
41179,0,0.0235294117647058
90377,0,-0.05
55993,0,0.1999999999999999
56040,0,-0.0144927536231883
45487,0,0.0735294117647058
47028,23,-0.0222222222222222
25590,28,0.0212765957446807
17278,0,0.0285714285714284
53137,0,-0.0857142857142857
58501,0,0.0666666666666666
56630,0,-0.037037037037037
34497,0,-0.015432098765432
26753,18,-0.04
56937,0,-0.09375
56945,0,0.0566037735849056
57067,0,-0.0914634146341463
57155,0,0.0566037735849056
38658,23,0.0784313725490195
57251,0,-0.0847457627118644
57286,25,-0.0533333333333333
64450,23,0.0113636363636364
34649,0,0.1070336391437309
47466,0,-0.0104712041884816
60986,0,-0.0351351351351351
21207,30,-0.0186335403726708
34673,18,0.046875
57534,0,0.1063829787234043
57577,0,0.1956521739130434
48274,0,-0.04739336492891
61815,0,-0.0991735537190082
57780,0,-0.0697674418604651
66288,0,0.1351351351351351
64311,28,0.0
49752,0,0.1466666666666667
28118,6,0.0279069767441859
57999,7,0.0344827586206897
10062,0,0.3478260869565217
44206,0,0.0747126436781608
24766,0,0.1313131313131312
58318,12,0.1627906976744186
58334,0,-0.0083333333333333
58369,10,-0.1351351351351351
58641,7,0.1379310344827586
34817,0,0.0072992700729928
66018,20,0.0165016501650165
58756,0,-0.0263157894736841
58772,0,0.125
58799,18,0.1333333333333333
34825,18,0.2138364779874213
58026,0,0.0425531914893617
34833,0,0.0529801324503311
66667,25,0.0588235294117647
59089,25,-0.073394495412844
59110,9,0.07
56733,0,0.0052083333333332
23026,0,0.0629370629370629
59222,0,-0.0434782608695651
13610,0,0.025522041763341
64063,0,0.0546875
63714,0,0.1212121212121211
59839,10,0.1707317073170731
27385,0,-0.024
59871,0,-0.1481481481481481
59898,9,-0.0833333333333333
55036,0,0.0175438596491228
90721,0,0.0178571428571427
60063,9,-0.0719999999999999
34913,0,0.0
60098,28,-0.0393700787401575
20394,0,0.125
51457,23,0.1027397260273972
24811,0,0.064
44230,0,0.0847457627118644
22509,20,0.0433333333333332
42112,20,0.048780487804878
60506,0,0.0918918918918918
16870,0,0.0314465408805031
60310,0,-0.0289855072463768
60792,0,0.1034482758620689
66026,20,0.0650406504065039
42833,0,0.0518518518518518
75083,0,0.0784313725490195
61031,0,-0.05
61058,0,0.0270270270270269
22082,0,0.0379746835443037
61138,10,-0.0806451612903226
61146,0,0.0566037735849056
61242,0,-0.0105263157894737
61269,0,0.0666666666666666
41355,0,0.0117302052785923
61322,0,-0.0204081632653061
70914,0,-0.15
67037,0,0.1111111111111111
61496,0,0.1818181818181818
57509,0,-0.0625
68638,0,0.5
63722,0,0.2777777777777777
61640,0,-0.0394736842105263
61787,9,0.0562499999999999
57138,12,-0.125
60687,0,-0.0344827586206896
44353,0,-0.0848806366047745
62010,0,0.0166666666666666
22517,20,0.0445859872611464
62034,28,0.0524475524475525
35203,0,0.0
35211,0,-0.0170731707317073
13821,0,0.0962566844919785
13856,0,-0.0040816326530612
50550,0,0.0227272727272727
27713,0,-0.0381355932203389
21936,0,-0.0178217821782178
17806,0,0.0833333333333332
21776,0,-0.0047619047619047
52898,28,0.0422535211267605
13901,0,0.0679611650485436
13928,0,0.048
62907,0,0.0512820512820513
63088,0,0.1044520547945204
63125,0,0.01
10120,0,0.09
24459,23,-0.0754098360655737
43588,30,0.0648148148148148
63240,0,0.0652173913043479
53815,0,0.0178571428571427
63395,0,-0.0373831775700934
35422,0,-0.0727272727272727
60695,0,-0.0648648648648648
26438,28,0.0823529411764705
63483,0,0.0113636363636364
56143,0,0.0277777777777776
63300,20,0.0163934426229508
17902,0,0.1153846153846154
49744,23,0.0422077922077921
23501,8,0.0921052631578946
35529,0,0.0416666666666667
63811,0,0.0909090909090908
63830,0,0.1102362204724409
63749,12,0.0
64195,0,0.4864864864864864
18163,0,0.0444964871194379
64291,28,-0.0576923076923077
55511,0,0.0543478260869565
64646,8,0.0169491525423728
64654,12,0.2631366208569119
25443,0,0.04
65032,0,0.2321428571428572
64929,0,-0.0675675675675675
24539,0,0.0788530465949821
20183,28,0.0
64961,18,-0.1388888888888888
64996,10,0.0212765957446807
65024,9,0.2657004830917875
65083,0,-0.0784313725490196
27756,0,0.0270270270270269
65091,0,0.0357142857142858
65155,12,0.03125
65163,0,0.024390243902439
66683,28,-0.0303030303030302
46893,6,0.0597014925373133
52097,25,-0.042016806722689
65700,0,0.0256410256410255
65761,0,0.0
64346,28,-0.0034722222222222
18286,0,0.0277777777777776
24942,0,0.0135135135135135
46228,0,-0.086206896551724
14154,0,-0.024390243902439
65964,0,-0.4094488188976378
91380,0,0.1882845188284518
66078,0,0.125
58771,0,0.0373831775700934
66369,0,0.0666666666666666
66393,0,0.108695652173913
66422,0,0.0923076923076922
57146,0,0.0273972602739727
66545,10,0.1111111111111111
66553,0,0.046875
66617,0,0.0
66799,0,0.0594594594594595
18921,23,0.0494791666666667
66801,0,-0.1224489795918367
66836,0,-0.5166666666666666
59432,0,-0.0376984126984126
46762,0,-0.0434782608695651
67300,0,0.0869565217391303
26737,0,0.0662983425414365
18948,25,-0.040133779264214
35991,0,0.0150943396226415
23990,25,0.0401606425702811
64477,0,0.0
36003,0,-0.0153846153846153
39570,20,0.1475409836065573
91564,0,0.05
45495,0,-0.0571428571428571
67847,0,-0.0461538461538461
26884,0,0.0428571428571429
54818,0,0.2519083969465649
66050,30,-0.0901639344262295
33961,0,-0.1538461538461538
47490,28,0.0386266094420599
68049,0,-0.1551724137931034
27633,0,0.0398009950248756
68102,0,0.09375
68161,0,0.0495867768595041
68196,0,-0.0539380821917807
54199,28,-0.0209059233449477
27780,0,0.0441176470588235
68313,9,-0.0555555555555555
68340,0,0.1984126984126983
46340,0,0.0047846889952152
65066,0,0.0294117647058822
76149,0,0.0421052631578946
68567,12,0.1162790697674418
24467,0,-0.0140186915887849
68591,9,-0.0230769230769231
52943,10,-0.0892857142857143
36177,0,0.0576923076923077
91687,9,-0.0612244897959183
68743,0,0.0
76122,0,0.0
66069,0,0.0
22840,20,-0.0294117647058823
67715,6,-0.0402684563758389
69033,0,0.2325581395348837
23085,28,0.0379008746355684
69060,0,0.1428571428571428
25013,0,0.0469387755102039
12253,0,0.0555555555555555
45671,0,0.0072202166064982
69332,0,-0.0526315789473684
18032,0,0.1052631578947369
36281,0,0.0619469026548673
69607,0,0.3481012658227849
62690,0,-0.0483091787439613
61049,28,0.1351351351351351
69885,7,0.1333333333333333
41574,0,0.101123595505618
70018,0,0.0434782608695651
51625,6,0.0242718446601941
54412,0,-0.0681818181818182
70280,28,0.0
36468,28,0.0357142857142858
56434,0,-0.0671641791044775
67723,0,0.1170212765957445
49138,12,0.0930232558139534
70536,30,-0.21875
70616,0,0.109375
70632,0,0.1243243243243243
70691,0,0.0476190476190476
70790,25,-0.3680555555555556
19852,0,0.1313131313131312
60206,6,-0.0167785234899329
91871,12,-0.0303030303030302
21514,0,0.0772357723577235
71176,0,0.1585365853658535
49437,10,-0.0119047619047618
15720,12,0.0485436893203883
71475,20,-0.0333333333333333
18411,20,0.0333333333333334
71555,12,0.4285714285714286
55204,23,0.1270491803278688
76091,0,0.0425531914893617
58683,0,0.0333333333333334
66093,0,-0.0344827586206896
71942,0,0.263157894736842
71985,0,0.0882352941176469
17523,0,-0.108695652173913
72072,7,-0.0999999999999999
55060,18,-0.1470588235294118
11760,0,-0.25
72232,0,0.0
44062,23,0.1757322175732216
72304,0,0.0789473684210526
16715,0,-0.119047619047619
39220,25,0.0704225352112675
36775,28,0.017094017094017
72494,0,-0.0406976744186046
36783,0,0.0347222222222223
43481,0,0.0571428571428571
72523,0,0.4615384615384614
71124,0,-0.0113636363636363
43350,28,0.0155279503105589
92057,0,0.2857142857142858
18438,23,-0.0348837209302325
53399,0,-0.0983606557377049
92073,0,0.0298507462686568
36898,0,0.0849056603773585
45882,0,-0.0729166666666666
65074,0,0.0
72980,0,-0.096551724137931
18198,0,-0.0114503816793892
36978,0,0.1367521367521367
58464,0,0.1384615384615384
73075,9,0.1858407079646018
73139,0,0.179245283018868
73219,0,-0.0381355932203389
50921,12,-0.1428571428571429
72733,0,-0.0211864406779661
73438,0,-0.0555555555555555
37022,0,0.0
26454,25,0.0132978723404255
57963,0,0.1212121212121211
20693,16,-0.0714285714285714
73614,9,-0.0685714285714286
52396,0,-0.04296875
47861,0,0.08
73681,0,0.1785714285714286
44345,7,0.3333333333333332
66739,0,0.0
73940,0,0.09
43334,0,0.1
73956,0,-0.0357142857142857
52038,0,0.0441988950276244
74086,0,-0.0245901639344262
92241,0,0.2666666666666666
37161,20,0.0522875816993464
61866,0,0.1666666666666667
62420,18,-0.125
30728,0,0.0
74406,0,-0.0374999999999999
18681,25,0.0813953488372092
74481,0,0.1224489795918366
39466,10,-0.0192307692307692
66333,0,0.0340136054421769
74617,0,0.2222222222222223
15560,6,0.0833333333333332
42219,0,-0.0283018867924528
37196,0,0.0
74828,0,-0.0112359550561798
74836,0,0.032258064516129
74895,0,0.03125
74908,0,0.1785714285714286
74932,0,-0.0643564356435643
57007,0,-0.018348623853211
75030,27,0.1441717791411043
57736,0,0.0384615384615385
75089,0,0.0306122448979591
43123,0,0.078125
44329,28,0.1340996168582375
63773,28,0.1013513513513513
60142,0,-0.0625
75257,0,0.125
75273,10,-0.1111111111111111
66114,0,0.0734908136482939
75388,0,0.0
75460,0,0.0416666666666667
51369,0,-0.0471698113207547
37284,0,-0.0459770114942529
14736,23,0.0517598343685299
15579,0,-0.0110062893081761
24563,0,0.052
23579,0,0.0167064439140811
62092,0,0.070469798657718
75986,0,-0.0854700854700855
38578,28,0.0121951219512195
45129,25,0.0353982300884956
50606,25,0.021505376344086
76268,0,0.1153846153846154
40635,23,-0.0082987551867219
14795,0,0.0648854961832061
76340,0,0.119047619047619
48696,0,-0.025
37399,0,0.0
14816,0,0.0570824524312896
61663,0,0.0294117647058822
76639,0,0.0679012345679013
76807,0,0.0666666666666666
37460,0,-0.0277777777777777
58472,0,-0.0692307692307692
77228,0,0.0555555555555555
60003,12,-0.2307692307692307
65787,0,-0.0187793427230047
77295,0,0.6481481481481481
77332,0,0.0851063829787233
55001,0,-0.0925266903914591
77367,0,-0.108695652173913
77463,0,-0.0128205128205127
92591,0,0.0701754385964912
77527,0,0.1025641025641026
48389,0,0.2173913043478261
62463,20,0.1081081081081081
75191,0,0.0719424460431654
59600,28,0.01875
45356,6,-0.0572207084468664
76185,0,-0.0256410256410256
77730,0,0.0320855614973261
19596,0,-0.2185039370078739
42569,0,0.0
77973,9,0.0555555555555555
78044,23,0.0641711229946524
78095,0,0.0784313725490195
78116,0,0.05
14883,23,0.0413223140495868
15659,0,0.0660377358490567
44433,0,0.0789473684210526
24985,0,0.0909090909090908
48725,23,0.0419426048565121
14955,0,0.0206185567010308
78530,23,0.03125
78749,0,-0.1612903225806451
92655,0,0.0083102493074791
41371,20,0.1388888888888888
54420,18,0.0754716981132075
28847,12,0.0196078431372548
79119,0,0.0236486486486486
79250,12,-0.0055865921787709
17830,0,-0.0622568093385214
39087,0,0.050179211469534
79330,0,0.063157894736842
16117,23,0.0679611650485436
67360,20,0.0522388059701492
16555,0,0.0448717948717949
79573,7,0.25
79629,18,-0.1285714285714285
79637,0,0.062200956937799
14891,0,0.0131004366812226
26681,0,0.0300429184549355
79776,0,0.1818181818181818
26606,28,0.0438596491228069
43553,25,0.0789473684210526
79848,0,0.0456621004566211
79864,0,-0.0612244897959183
80128,28,0.05
63044,0,-0.0185185185185184
27043,23,0.0140350877192982
62471,7,0.1538461538461537
80566,0,0.1717171717171717
37815,0,-0.0285714285714285
61700,0,-0.0666666666666666
80785,0,-0.125
57808,0,0.043343653250774
14306,0,0.0621468926553672
92903,0,0.0833333333333332
81219,0,0.0714285714285714
15202,28,0.0027247956403269
45137,0,0.017094017094017
56063,0,-0.0526315789473684
81382,0,-0.0561797752808989
81510,12,-0.0476190476190476
24678,0,-0.0132575757575758
21231,28,0.0066225165562914
53225,28,0.0183783783783784
24969,20,0.0695652173913043
57381,0,0.0943396226415094
81700,0,-0.2258064516129032
46420,0,-0.0548523206751054
46068,0,-0.0075187969924812
81737,28,0.0266666666666666
81753,12,-0.1176470588235294
23034,0,0.0483870967741935
61233,0,-0.0648148148148147
39562,0,-0.0714285714285714
45903,0,-0.04
42059,0,-0.0148514851485148
46076,0,0.0854700854700853
63829,0,-0.0769230769230768
62498,0,0.0693641618497109
58085,16,0.0297029702970297
66384,0,0.196078431372549
82326,0,0.4090909090909091
82502,0,0.00625
38033,0,-0.1496598639455783
39917,0,0.05
45399,0,-0.0224719101123596
82959,0,0.1502890173410405
38156,0,0.1353711790393013
64135,0,-0.0789473684210526
38172,9,0.0555555555555555
83142,0,0.0126582278481013
24803,0,0.0755813953488371
66747,0,-0.1688311688311687
23536,0,0.0890052356020942
58819,23,0.036697247706422
25099,23,0.0309734513274335
83345,0,0.0390625
38375,0,-0.0127118644067796
83396,0,0.1818181818181818
42286,0,0.0117647058823529
83433,0,0.0163934426229508
44337,0,0.1875
15472,9,-0.131578947368421
44476,6,0.0895522388059701
51254,28,0.0853658536585366
75153,0,-0.024390243902439
41072,0,-0.0336787564766839
83863,0,-0.15
59483,0,0.0863309352517984
38295,18,0.1212121212121211
18067,0,0.0428571428571429
69155,0,0.1607142857142858
43537,0,0.0606060606060605
84102,0,0.0
45970,20,-0.0679012345679012
84153,0,-0.0454545454545454
84161,0,-0.0769230769230768
84241,0,0.0882352941176469
90756,0,0.0975609756097561
90676,20,-0.1333333333333333
75368,0,-0.0869565217391304
93316,0,0.0625
72996,0,-0.125
60090,0,-0.0769230769230768
92770,0,0.0
87426,0,-0.0238095238095238
91492,7,-0.1666666666666666
86167,7,-0.0714285714285714
68304,0,-0.0514705882352941
87856,10,-0.032258064516129
68072,0,0.1052631578947369
89763,0,-0.2142857142857143
85586,0,0.0188679245283018
90916,0,0.24
68452,0,0.0192307692307691
85893,30,-0.0962962962962963
10019,28,-0.1612903225806451
86765,12,-0.1363636363636363
87223,0,0.0480769230769231
70332,0,-0.0635696821515892
90537,0,-0.109375
10116,0,-0.2459016393442623
55985,0,0.0441176470588235
90289,0,0.0731707317073171
10080,9,0.0555555555555555
10094,12,0.2142857142857142
10095,12,-0.4307692307692308
10064,20,0.2142857142857142
10035,0,-0.0576923076923077
85017,9,0.0
90625,0,0.0344827586206897
88939,7,0.5517241379310345
87127,0,0.0504201680672269
75894,0,0.0327868852459016
75193,0,0.006993006993007
75216,0,-0.0192307692307692
85359,0,-0.032258064516129
89499,0,0.0379746835443037
10147,0,0.1018518518518518
38149,16,0.3333333333333332
88592,9,-0.0185185185185184
86626,0,0.0476190476190476
90852,0,-0.1578947368421053
50657,0,0.078125
91273,12,0.0212765957446807
10140,0,-0.0163934426229508
10078,0,0.0787878787878788
10138,0,0.0589622641509433
10042,0,0.0
10108,0,-0.0551724137931034
10214,0,-0.0666666666666666
10192,0,0.1518987341772151
10143,0,-0.1999999999999999
10200,12,-0.28125
10235,0,-0.0166666666666667
10163,0,0.2105263157894736
92100,10,0.146341463414634
10272,7,-0.088235294117647
10307,0,0.1111111111111111
10302,0,0.0384615384615385
75072,0,0.0163934426229508
10351,0,-0.0945945945945946
10363,30,-0.0642201834862384
10333,12,-0.0952380952380952
11040,16,-0.1363636363636363
10353,0,0.05
10071,0,0.0656565656565657
10382,0,-0.0175438596491228
10394,0,0.1271186440677967
10383,12,-0.0277777777777777
92260,18,-0.3170731707317072
10043,0,-0.1111111111111111
12282,0,-0.0096153846153845
10407,12,0.0
10412,16,0.1999999999999999
10442,0,0.140625
10398,0,-0.4285714285714286
10423,10,0.0212765957446807
10462,0,-0.1290322580645161
10352,0,0.0422535211267605
10446,0,-0.1538461538461538
10376,0,0.0612244897959184
10410,10,-0.2823529411764706
10371,0,0.0652173913043479
10421,0,0.0465686274509804
10422,7,-0.04
68945,0,0.0845070422535212
10439,0,0.1608391608391608
10530,10,-0.0303030303030302
10537,0,-0.1794871794871795
10606,0,0.043010752688172
10555,0,-0.0857142857142857
10544,0,0.1938775510204082
10141,0,0.0
75070,0,0.0673076923076922
75099,0,0.0153846153846153
68857,0,0.2192513368983957
85965,0,-0.0555555555555555
10586,16,-0.1875
76123,0,0.1658291457286431
10572,0,0.0256410256410255
10456,0,-0.0217391304347825
10676,0,-0.024390243902439
10611,0,0.1208791208791209
75469,0,-0.0571428571428571
70252,0,0.0833333333333332
45225,0,0.0731707317073171
75596,23,-0.0431034482758621
10738,7,0.1
10693,16,0.1571428571428572
10713,0,-0.0675675675675675
10649,18,-0.097560975609756
86597,0,-0.0294117647058823
10704,0,0.1789473684210525
86319,7,0.0769230769230768
10749,0,-0.0256410256410256
75517,0,-0.0789473684210526
10739,0,0.0135135135135135
10721,0,0.058139534883721
10716,0,-0.0676691729323308
75071,0,-0.0625
10696,30,0.0731707317073171
10837,12,0.03125
75778,0,0.0357142857142858
10733,0,0.0370370370370369
10765,0,-0.0434782608695651
10761,0,-0.0784313725490196
10745,0,-0.0095238095238094
70260,0,-0.1875
10750,0,-0.0410958904109589
10785,18,0.0523255813953489
10791,9,0.0677966101694915
54245,18,-0.1293103448275862
10814,0,-0.024390243902439
70471,0,-0.0571428571428571
93236,12,0.0862068965517242
23019,12,0.0
10821,0,0.0727272727272727
10820,0,0.08
10818,9,-0.140625
10194,0,-0.0212765957446808
70500,25,-0.0220588235294117
10828,0,0.1891891891891892
10830,0,-0.0714285714285714
70965,0,0.3529411764705883
75224,0,0.0696517412935322
71191,0,-0.0196078431372549
10484,0,0.0625
10853,0,0.3090909090909091
10876,0,0.1884057971014492
10026,0,0.0
10929,0,0.0742049469964665
10812,0,0.1694915254237288
10908,0,-0.0833333333333333
10909,0,0.2972972972972973
88779,0,0.1785714285714286
10924,9,0.631578947368421
75222,0,0.0474452554744526
10935,0,0.0526315789473683
10933,0,0.0770440251572326
10860,0,0.0
92866,0,-0.1041666666666666
10443,0,0.2333333333333334
10032,0,0.0
70375,0,0.3043478260869565
11701,0,0.0823529411764705
71538,0,0.1111111111111111
10001,20,0.0882352941176469
11035,0,-0.0476190476190476
11014,0,-0.3529411764705882
10455,0,0.1111111111111111
11038,0,0.0869565217391303
10657,0,0.098360655737705
70674,20,-0.0666666666666666
71001,0,-0.4435215946843853
75215,0,0.0
11037,0,0.1351351351351351
11127,0,0.0222222222222221
11065,0,-0.0162601626016259
11036,0,-0.2467532467532467
75035,0,-0.032258064516129
10999,0,0.0227272727272727
71984,0,-0.0909090909090909
11141,0,0.0
71909,0,-0.0098039215686274
75149,7,0.1923076923076923
11082,0,-0.0769230769230768
11923,0,0.1492537313432835
10170,12,0.1666666666666667
10362,0,-0.025
10545,0,0.0088495575221239
11138,0,0.1358024691358024
10879,0,-0.0476190476190476
75523,9,0.0
75084,0,-0.0357142857142857
11194,0,0.0526315789473683
11211,20,0.0652173913043479
10827,20,-0.0303030303030302
11162,0,0.0759493670886075
11031,18,0.0363636363636363
11212,12,-0.1428571428571429
11265,0,-0.0888888888888889
72100,0,0.2368421052631579
40708,0,-0.1428571428571429
11209,0,0.1590909090909091
11246,0,0.0
92508,0,0.0161290322580645
11192,0,-0.1333333333333333
29621,0,0.0476190476190476
11283,0,0.0275229357798165
11291,9,0.1704545454545454
11330,0,-0.032258064516129
11347,0,0.3214285714285714
75545,0,0.032258064516129
11345,25,0.0093457943925232
11314,16,0.8666666666666667
11372,30,0.1807228915662651
11342,0,-0.1111111111111111
75467,0,-0.0253164556962025
11415,10,0.1140939597315435
11365,0,0.1858108108108107
11385,0,0.0769230769230768
11339,16,0.06
11000,20,0.1176470588235294
11346,7,0.0
11371,0,0.1690140845070422
75058,0,-0.0232558139534884
11378,0,-0.1454545454545455
11384,0,0.0267857142857141
11416,0,0.0
11393,0,-0.1034482758620689
11401,0,-0.037037037037037
11409,0,0.0476190476190476
11425,0,-0.0789473684210526
75103,0,0.036144578313253
11403,0,-0.1567164179104477
11170,0,-0.0075757575757575
11452,10,-0.1999999999999999
11478,0,0.0263157894736842
11450,30,-0.0697674418604651
11465,0,-0.015625
11481,12,-0.0769230769230768
75055,16,-0.1166666666666667
10857,18,0.1833333333333333
11483,10,0.1666666666666667
11459,0,0.1929824561403508
11531,10,0.0579710144927536
75101,0,-0.0462962962962962
11571,0,-0.1363636363636363
11525,30,0.0083333333333333
75053,0,0.0640394088669951
11545,0,0.0909090909090908
11215,0,-0.0384615384615384
11522,0,0.0648148148148148
75107,0,0.0769230769230768
75553,9,0.3401015228426396
11547,9,0.0392156862745098
11554,0,-0.0520833333333333
11233,7,-0.2692307692307693
75554,0,0.0777777777777777
75173,18,-0.1111111111111111
75375,0,0.0178571428571427
11600,0,-0.0142857142857142
11601,0,-0.0416666666666666
75002,0,0.1013513513513513
75558,0,0.1339285714285714
75104,0,0.1555555555555554
10451,0,0.0208333333333332
11638,0,-0.0749999999999999
11636,0,-0.2249999999999999
11641,0,-0.0833333333333333
11622,30,0.0232558139534884
11662,0,0.0
11533,0,0.0683760683760683
11707,0,0.0588235294117647
11630,0,-0.0512820512820513
11591,0,0.0
75196,0,-0.0833333333333333
11723,0,-0.2375
11775,0,-0.045
11773,0,-0.036144578313253
11761,0,-0.1946308724832215
75233,12,0.4166666666666667
11678,0,0.0625
75186,0,0.0808080808080808
11534,0,-0.0266666666666666
11614,0,0.0229007633587785
11590,0,-0.1999999999999999
11184,0,0.1074380165289257
75244,0,0.0
11809,0,-0.1129032258064516
19289,0,0.0666666666666666
11731,6,-0.1125827814569536
75106,28,0.0247933884297519
22074,0,-0.0073529411764705
11338,0,-0.1764705882352941
75261,25,0.1099476439790576
11828,0,-0.1071428571428571
37217,0,0.0818181818181817
75272,0,-0.0666666666666666
11599,27,-0.0545454545454545
11726,0,0.1147540983606556
11764,0,-0.0576923076923077
75262,0,-0.125
11618,0,0.0740740740740741
10965,0,-0.1111111111111111
11958,0,0.143939393939394
11364,16,0.0
11896,0,-0.0721153846153845
11913,0,0.1818181818181818
75902,12,0.1481481481481481
11861,0,0.0144927536231884
75266,0,-0.1379310344827586
10180,0,-0.1521739130434782
75577,0,-0.1548672566371681
10360,0,0.0317460317460318
11004,0,0.0757575757575756
11853,9,-0.2558139534883721
11908,0,0.2611464968152865
75259,9,0.1263537906137184
62084,16,0.0
75320,0,0.1206030150753769
10967,0,0.0
11796,0,0.078125
75308,0,-0.0196078431372549
11927,30,0.0074074074074073
10901,0,0.0606060606060605
75316,23,0.01
11891,10,0.1390374331550801
11868,12,-0.125
75228,0,0.0305343511450382
75286,0,0.0384615384615385
11994,0,0.0652173913043479
75288,0,0.0079365079365079
11964,0,-0.086206896551724
11849,0,0.0578512396694215
11509,23,-0.0204081632653061
11874,20,0.0447761194029849
11899,10,0.1666666666666667
75328,10,0.032258064516129
11936,25,-0.0170940170940171
11752,0,-0.015625
11970,7,0.0232558139534884
11468,12,-0.21875
12193,12,0.2666666666666666
75295,0,0.1219512195121952
12149,0,0.028169014084507
12248,0,0.0333333333333334
75579,16,0.0512820512820513
12067,0,0.0575539568345324
75573,0,0.0496894409937889
11917,0,0.0571428571428571
11887,0,-0.0374999999999999
11976,0,0.1057142857142856
75359,0,-0.0181818181818181
75326,0,0.0841121495327101
12134,0,0.1730769230769231
12284,12,-0.125
75880,25,-0.0614334470989761
75348,0,0.1267605633802817
12048,0,-0.2439024390243902
12022,0,0.0263157894736842
75585,0,-0.196078431372549
12259,0,0.1515151515151516
75422,0,-0.0266666666666666
12226,0,0.0
12260,16,-0.1857142857142857
12074,25,0.0574712643678161
75390,0,-0.0999999999999999
12214,0,0.0
12062,0,-0.125
12190,12,0.1071428571428572
12237,18,-0.0344827586206896
75333,0,-0.0574018126888217
75462,0,-0.0310077519379845
75432,0,-0.2402773333333333
75383,6,0.0198019801980198
75444,0,0.0101522842639594
75445,10,-0.025
11975,27,-0.046875
12174,10,0.25
75448,0,0.0157480314960629
12131,0,0.0
10278,0,-0.0872483221476509
61671,0,0.0857142857142856
64071,0,0.0888888888888888
75449,28,0.0054347826086955
12169,0,0.0568181818181818
75591,0,-0.009493670886076
75483,9,0.0602409638554217
12215,0,0.3333333333333332
75482,0,0.0654205607476634
75481,25,0.2033898305084744
75477,12,-0.15
75480,9,-0.0075757575757575
75447,0,0.2941176470588236
10425,0,0.0
75604,0,-0.0625
63467,0,0.0740740740740741
75647,0,0.0769230769230768
75957,0,-0.1224489795918367
75488,0,-0.0273972602739726
75485,16,-0.0277777777777777
75878,7,-0.0425531914893616
76133,10,-0.0595238095238095
75593,10,0.0526315789473683
75602,0,0.1258278145695364
75597,0,0.0746268656716417
75645,12,0.0
75792,0,-0.0072463768115942
75643,0,0.0
75490,0,0.1875
75609,0,-0.0169491525423728
75627,9,-0.037037037037037
75606,0,-0.1830985915492957
75607,7,0.069767441860465
75654,0,0.2807017543859649
75795,0,0.0526315789473683
75815,0,0.1132075471698113
75603,0,-0.0544354838709677
75818,0,-0.0314285714285714
75808,0,-0.0572687224669603
75801,0,-0.0681818181818182
75800,0,0.4750000000000001
75608,0,0.0
76070,0,0.064516129032258
75825,0,-0.1358695652173913
75853,7,-0.127659574468085
75945,0,0.0179738562091502
75854,0,-0.0067114093959731
76148,7,-0.0999999999999999
78717,0,0.2448979591836735
75831,0,-0.1166666666666667
75828,7,0.0178571428571427
75834,0,0.0964912280701755
75835,12,0.0
75869,12,0.3333333333333332
75660,0,-0.0760869565217391
75850,0,-0.0087719298245614
75794,0,-0.0077519379844961
75833,12,-0.3409090909090909
75858,16,0.0212765957446807
75861,0,0.1
75862,12,0.1818181818181818
75822,0,0.1111111111111111
75819,0,0.1231884057971015
75873,0,0.0
75865,0,0.1911764705882352
75849,12,-0.1296296296296296
75866,0,-0.25
75993,12,0.25
75913,10,-0.1627906976744185
75888,0,-0.1462264150943396
75914,0,0.0588235294117647
75881,0,-0.046875
75918,12,0.5294117647058822
75900,0,0.1063829787234043
75904,0,0.0987654320987654
63562,0,0.0
76177,0,-0.0674157303370787
75929,16,0.2650602409638554
76090,9,-0.021097046413502
76082,0,-0.0718562874251497
76085,0,-0.0120481927710843
76079,0,-0.0294117647058823
76080,7,0.0769230769230768
76095,16,0.069767441860465
76098,0,0.2131147540983606
76101,0,0.0555555555555555
76142,0,0.1774193548387097
76104,10,-0.0699999999999999
76116,0,0.0962962962962963
76111,12,-0.16
76127,0,0.1014492753623188
76128,0,0.2105263157894736
76110,12,-0.0588235294117647
76162,0,-0.0346534653465346
76135,0,0.0696202531645568
76134,9,0.0327868852459016
76146,0,0.097938144329897
76141,0,-0.073170731707317
76165,0,0.0672645739910313
76166,7,-0.275
76169,12,-0.0571428571428571
76170,12,-0.4
76199,0,0.0666666666666666
76195,25,0.1011904761904762
76194,12,-0.1351351351351351
76158,0,-0.0718954248366012
76150,12,0.2105263157894736
59790,0,-0.0666666666666666
76168,12,-0.2272727272727273
76173,20,0.0222222222222221
76200,0,0.0
76201,0,0.098901098901099
76207,0,0.1238095238095238
84911,0,0.0406504065040651
76212,0,0.1111111111111111
76214,0,0.1346153846153845
76208,0,-0.0294117647058823
11644,0,0.0163934426229508
76224,0,-0.0196078431372549
76206,0,0.0689655172413792
75382,7,0.1935483870967742
19968,0,-0.0131578947368421
66122,0,-0.035820895522388
54594,28,0.0277777777777776
10154,0,-0.0769230769230768
10867,0,-0.0128205128205127
11790,0,0.0
12117,9,-0.1290322580645161
12320,0,-0.0457142857142857
13056,0,-0.025
13283,0,-0.0068027210884353
50091,23,0.0387323943661972
14526,0,0.0740740740740741
11581,25,0.0490797546012269
15203,0,-0.15
15828,0,0.0
16126,0,-0.0714285714285714
85885,12,0.0
85914,0,-0.1515151515151515
55044,8,0.0240963855421687
18092,0,-0.0542168674698795
18244,0,-0.1153846153846154
55108,18,0.0256410256410255
20336,0,-0.05
20670,0,-0.0294117647058823
64899,0,0.0089285714285713
22905,20,-0.1999999999999999
23115,0,-0.6016260162601625
47175,0,0.0670731707317073
23660,0,-0.0458015267175572
23975,23,-0.0217391304347825
24548,16,-0.1111111111111111
30680,6,0.0242718446601941
53401,0,0.0842105263157895
25583,12,0.0769230769230768
56274,0,0.0409836065573769
48637,0,0.0625
36150,0,0.0740740740740741
64565,7,-0.017391304347826
12044,0,0.0265486725663717
87207,0,-0.0535714285714286
63554,0,0.1064814814814814
31318,0,-0.0476190476190476
31536,0,0.0539419087136929
54391,0,0.0144927536231884
31983,12,0.0
32046,0,0.0360360360360361
32054,0,-0.1686046511627906
47511,30,0.0275229357798165
33639,0,0.04
48143,6,-0.0588235294117647
34041,0,0.0204081632653061
23552,10,0.0163934426229508
60628,0,-0.1103678929765886
63597,0,0.0909090909090908
57330,23,-0.1047619047619047
37875,28,0.0
20765,0,0.0978260869565217
10608,12,-0.1666666666666666
66923,0,-0.0476190476190476
17144,0,-0.0869565217391304
88357,0,-0.0714285714285714
38907,9,0.0277777777777776
32205,0,0.019108280254777
39328,0,-0.0508474576271186
26657,0,-0.063953488372093
40540,0,0.0810810810810811
22250,0,-0.0408163265306122
64979,0,-0.0230414746543778
41452,0,-0.0084745762711864
27879,0,0.0945945945945945
50382,0,-0.0799999999999999
52716,20,0.1506849315068492
42586,0,-0.1818181818181817
62287,0,0.0076923076923076
44821,0,0.1285714285714285
44856,0,0.024390243902439
45103,0,-0.0075757575757575
53129,20,-0.0078740157480314
89181,7,0.2105263157894736
46739,28,0.0894736842105263
46843,0,0.0
47563,0,0.1666666666666667
89392,0,-0.0470219435736677
61137,0,0.1565217391304347
61145,0,0.0273972602739727
50462,25,0.0294117647058822
49585,0,-0.1090909090909091
64020,6,0.0166666666666666
11198,0,0.1724137931034481
59926,25,0.0
51423,25,0.0434782608695651
67328,0,-0.0314465408805031
45022,0,0.0
67002,0,-0.2808988764044944
52090,0,-0.0493827160493827
59942,23,0.0211267605633802
52602,0,0.2432432432432432
53613,0,0.0794223826714801
54114,25,0.1100478468899521
55213,0,-0.0274725274725274
64442,0,-0.0588235294117647
55862,0,-0.25
65373,0,0.0566037735849056
56363,25,-0.0364963503649634
52337,0,0.088
51377,0,-0.0217391304347825
22066,28,0.0528846153846154
57665,27,0.0292887029288702
67010,0,-0.086206896551724
25232,0,0.0802919708029197
34948,0,-0.11328125
35107,0,0.1434782608695652
58675,0,-0.0208333333333333
61621,10,0.1452991452991452
45823,0,-0.0277777777777777
51692,0,-0.0327868852459016
63096,0,-0.0248091603053435
40571,0,0.2171052631578947
64427,30,-0.1612903225806451
65058,0,-0.0246305418719211
65307,0,0.0294117647058822
79733,12,0.0416666666666667
66828,9,-0.078125
66852,0,0.0
46922,0,0.0
67193,27,-0.0123456790123457
67679,0,0.0
67732,0,0.0447761194029849
67970,0,0.2195121951219512
91679,0,0.2033898305084744
69199,0,0.0434782608695651
69220,0,0.1682692307692308
69682,0,0.0
70288,25,0.0769230769230768
38850,25,0.0135135135135135
71002,0,0.2954545454545454
25283,8,0.0653266331658291
71934,0,0.1818181818181818
72128,0,0.0454545454545454
72291,0,-0.0384615384615384
72486,0,0.0526315789473683
72603,7,-0.0476190476190476
72710,0,0.005181347150259
27764,0,-0.0096153846153845
54471,0,-0.063157894736842
44951,0,-0.0537190082644628
76022,0,0.0
74500,0,-0.057761666123707
60353,0,-0.1153846153846154
74561,0,0.1707317073170731
65752,12,0.0384615384615385
74975,10,0.0208333333333332
40061,0,0.1106194690265487
75433,0,-0.0576923076923077
40694,0,0.0446096654275092
37640,0,0.064516129032258
48709,0,-0.0543478260869565
92524,0,-0.1428571428571429
47183,0,-0.02803738317757
61217,0,0.0264150943396226
65306,0,-0.168141592920354
37612,10,0.09375
79303,0,-0.0512820512820513
47917,0,0.1499999999999999
80013,0,0.0
92874,12,0.2941176470588236
81294,0,0.0253164556962024
19502,0,0.0068728522336769
81614,7,0.0476190476190476
81702,0,0.0319148936170212
82449,0,-0.1818181818181817
51086,0,0.1
53671,0,-0.0714285714285714
83601,0,0.1081081081081081
83919,12,0.0666666666666666
88381,0,0.0295698924731182
62042,0,-0.0167597765363128
88445,30,0.1627906976744186
90107,0,0.4444444444444444
68670,0,-0.0816326530612244
88867,0,0.0909090909090908
21785,18,0.0540540540540539
65067,0,-0.125
10079,0,-0.0746268656716417
10048,0,0.1355932203389831
10175,0,-0.2068965517241379
10361,0,-0.2142857142857143
10434,0,-0.0980392156862745
70148,0,-0.0503597122302158
75510,0,0.1376146788990826
10634,0,0.0303030303030302
10800,0,-0.2666666666666667
10914,0,0.127659574468085
10972,0,-0.2115384615384615
11124,0,-0.0086206896551723
11020,30,0.0126582278481013
10087,16,0.0
11136,0,-0.12
11353,0,-0.1206896551724138
11344,12,0.0
75033,0,0.0545454545454544
75068,0,0.0218579234972677
75094,0,0.0
11596,0,0.0277777777777776
75174,0,-0.0675675675675675
75557,0,-0.125
11661,0,-0.2842105263157894
11694,0,-0.0384615384615384
11727,9,0.0
75110,0,-0.125
10114,0,-0.0635838150289017
12099,23,-0.0357142857142857
75335,23,0.0138888888888888
11106,0,-0.0697674418604651
12041,18,0.0373831775700934
12006,0,0.0491803278688525
12211,0,0.0490405117270789
75434,0,0.127659574468085
75625,0,0.0426908150064682
75817,0,-0.03125
75657,0,-0.0833333333333333
75857,0,0.0746268656716417
76072,0,0.2073170731707316
76094,0,0.0
76190,0,-0.0949999999999999
76138,8,0.0285714285714284
