firms,clusters,mom1
11499,83,-0.0879807692307692
81912,82,-0.0938931297709924
27991,67,-0.0293851717902351
20482,18,-0.0260902685202818
10656,36,0.0076190476190476
60038,18,-0.0432464454976303
10779,90,-0.0841121495327104
61487,9,-0.1434415750447455
61241,58,-0.2562225475841874
88845,67,-0.0921808643517361
28222,18,-0.0671796750946622
11368,36,-0.0601503759398496
28804,27,-0.0249437034470811
11587,44,-0.0349464418309187
11691,18,-0.1390525571529578
11790,36,-0.0753295668549904
71271,89,-0.0349879259763153
10145,58,-0.081572892700272
45911,59,-0.1294231701405719
24643,36,-0.25234375
28484,89,-0.1159420289855073
90893,30,-0.0161001788908765
81073,83,-0.1481380439230664
10225,18,-0.0532212885154061
12758,89,-0.1541826134499726
24109,18,-0.0157908361377168
59176,87,-0.0967612150472742
66800,78,-0.1334386103434662
13507,36,-0.0761739594450372
58560,89,-0.0947508896797153
13769,28,-0.0802675585284281
11144,9,-0.0653266331658291
85257,89,-0.1563459570112589
14008,89,-0.0080317660860933
64864,75,-0.2464539007092198
18075,36,-0.0412564463197374
14219,50,-0.1280653950953677
14227,83,-0.0342914775592536
83112,9,-0.1636408853519024
39490,58,-0.2214999514892791
14593,21,-0.009120858797933
14761,57,-0.1633165829145728
10516,89,-0.1288623595505618
14868,36,-0.0251379521765787
77595,36,-0.2179176755447942
29209,58,-0.1096153846153845
24272,28,-0.1673269194491604
15457,5,-0.0529668119342943
15553,18,-0.0164171897633993
15721,58,-0.1836540746020433
44644,58,-0.0575654607235659
16030,75,-0.1996086105675147
44601,36,-0.138440398488492
27684,82,-0.0060975609756097
40416,36,-0.1312056737588651
53110,89,-0.1741364544675993
52484,23,-0.1516629711751663
75034,9,-0.244804450990018
10318,44,-0.0966101694915253
57568,76,-0.1364142538975501
24221,89,-0.0111717329176409
16505,23,-0.2788461538461538
16548,36,-0.1243685350012028
49656,23,-0.1006289308176101
46877,58,-0.0810413604870879
39693,28,-0.1637706342311033
47423,67,0.0381978452497551
27887,18,0.0028581636298679
29612,83,-0.1129980404964076
39642,18,-0.0990415335463259
17444,89,-0.1010638297872341
65875,82,0.0175584128300843
65509,89,-0.1027522935779817
43772,18,-0.0563425627817127
17778,8,-0.0270477092803979
61508,58,-0.1101234567901234
18033,75,-0.0465116279069768
61946,89,0.0013071895424836
65154,27,-0.1501272264631044
19561,58,-0.0949745737361651
42024,23,-0.226475279106858
18650,89,-0.0908265213442325
52230,89,-0.1128762541806021
87146,28,-0.0199037620297461
60898,89,0.0095537848605578
19393,67,0.0547899159663864
10874,28,-0.1164254247954689
55597,67,-0.2097560975609755
19880,10,-0.2067567567567567
10890,66,-0.1080159181353042
20117,36,-0.0300820419325432
45655,36,-0.0515097690941385
64186,3,-0.1026957637997433
67838,89,-0.060281690140845
20336,36,0.0002286236854138
62148,23,-0.1490428441203281
28564,18,-0.1531249999999998
86290,17,-0.2598684210526315
46690,28,-0.2802788266047051
20504,89,-0.1009009009009008
20750,23,-0.0619703389830507
21371,18,-0.0145882352941175
27334,67,-0.1869421066054578
23114,58,0.0598360655737706
20618,27,-0.1105607291460273
30402,36,-0.098846787479407
18542,27,-0.1885714285714285
89792,18,-0.0530657135001374
22437,83,-0.0715429791777896
64557,3,-0.0391218688432311
63503,6,0.0112004595060311
60599,82,-0.0838174273858921
22374,58,-0.1425382653061224
90011,83,-0.031481852817325
22921,36,-0.108338804990151
64194,28,-0.0532299741602066
23182,67,-0.0166707526354498
14541,83,-0.0632335087009308
30509,58,-0.0470238095238094
23297,83,-0.0735163861824622
23393,76,0.0151584749655488
79026,28,-0.1084970306075834
68320,30,-0.0697674418604651
47677,18,-0.0884955752212389
86685,66,-0.1251580278128951
23916,36,-0.1588327021608376
27422,42,-0.3823777911888955
46578,58,-0.0483500717360115
24193,36,-0.0501433691756272
11995,18,-0.0096428571428571
11308,83,-0.0410220014194464
24441,61,-0.2479831638021746
24476,3,-0.0282741461207871
30648,36,-0.1091073038773668
18729,9,-0.0143381127042346
61735,58,-0.1016477637491974
89525,88,-0.0274291027429102
25129,89,-0.1218094516047511
25452,83,-0.1083676268861454
25487,6,-0.264638783269962
25778,89,-0.0752739399714148
40125,23,-0.1242661448140899
26084,44,0.0
79618,44,0.1418918918918918
26463,18,-0.0579819277108433
11404,83,0.0144102472869596
41929,36,-0.1352090660414224
26607,66,-0.099829918610523
23229,83,0.0045685279187817
30840,36,-0.0982019363762103
91983,63,-0.1345500089461442
21979,18,-0.0265934993668215
27430,36,-0.1022258862324814
59248,89,-0.0946285714285714
22293,36,-0.1776447105788423
27474,90,-0.117408906882591
20204,83,-0.1552662721893491
27618,57,-0.2524407252440724
38420,26,-0.2424471299093655
53575,44,0.0386740331491712
17726,83,-0.1370171976318015
59256,84,-0.1191325301204819
31077,18,-0.0682089196279512
27888,89,-0.100607962345558
41080,27,-0.1211795092552734
18091,89,-0.063657031503735
19828,89,-0.0574948665297742
28629,31,-0.24408014571949
29050,58,-0.327054794520548
29058,30,0.0013180352740376
29103,75,-0.202247191011236
91926,76,-0.0039840637450199
29285,28,-0.0845948352626891
61743,67,-0.1595119746949841
11674,67,-0.0304588607594936
76708,36,-0.1634223630602082
29867,76,-0.2351097178683385
40440,89,-0.0394553072625698
79322,22,-0.0741483516483517
44943,89,-0.1048951048951047
26403,82,-0.1145038167938932
10886,89,-0.1842818428184282
64936,58,0.0416495691423881
38682,36,-0.0740983606557377
30593,6,-0.3287671232876712
25953,3,-0.1898470097357441
20626,89,-0.2105448154657293
30681,18,-0.0914919852034523
11703,83,-0.1719494510047648
63132,89,-0.1928879310344826
27959,58,0.0571126388154414
88590,36,-0.0841680370757961
30940,89,-0.2156031375874496
31051,31,-0.2857142857142857
31070,36,-0.0944162436548222
31078,27,0.0086705202312138
42200,18,-0.160034980323568
63159,22,-0.1308016877637131
31480,83,-0.0579190158892877
11762,23,-0.1734575087310826
70578,67,-0.0878731343283582
82855,38,-0.0722752240531945
32054,58,-0.2136243386243385
32062,22,-0.164319248826291
22103,18,-0.1125671321160042
81124,22,-0.0556172839506172
23042,58,-0.0660240963855421
32540,23,-0.0711175616835992
32548,90,-0.0605187319884726
26470,18,-0.1672097759674135
32791,36,-0.2872154115586689
32986,58,-0.0324985092426951
52476,18,-0.0491803278688524
33532,26,-0.0099800399201596
31691,83,-0.1060138781804163
42550,21,-0.0942866826268298
87696,36,-0.0577557755775577
87717,28,-0.1087912087912088
33823,89,-0.2210682492581601
87725,30,-0.0391221374045801
11850,58,-0.0187787084571737
19166,67,-0.0891610694060319
24205,82,-0.0476022566995767
34367,75,-0.0282186948853615
47706,76,-0.1889908256880734
21135,36,-0.2652329749103941
34666,75,-0.1095890410958904
34818,36,-0.1889893179950699
35044,23,-0.2665198237885462
35167,23,-0.0882825040128412
35263,89,-0.1558139534883721
10777,36,-0.0972327672955976
35554,89,-0.0811095044038384
66157,89,0.014218009478673
36397,23,-0.1534090909090909
54244,41,0.0197183098591549
36768,3,-0.0019973368841543
88924,36,0.0215223097112859
88853,18,-0.2333662714097497
37154,26,0.0481283422459892
25785,9,-0.1303956834532373
45241,58,-0.1007593457943926
37234,23,-0.2604006163328196
37402,36,-0.0926530612244898
37568,83,-0.1545094383593567
37584,83,-0.2024683122081387
58421,44,-0.0721868365180467
37955,18,-0.0949681077250177
12036,58,-0.1453392167677881
38093,58,-0.0677064870613257
47941,36,-0.174891774891775
12052,89,-0.1122034956304618
12060,30,-0.0668301655426117
46834,20,-0.1320754716981131
55212,36,-0.2035507119001581
38659,10,-0.073039121217961
46674,3,-0.0766993820428936
39029,4,-0.131578947368421
57154,67,-0.0800835654596099
32299,30,-0.2497222222222221
12140,3,0.3532182103610675
16432,89,-0.1902086677367577
53604,18,-0.1544520547945205
85908,44,-0.1552511415525115
39571,3,-0.1352583586626139
60468,89,-0.0112893642305406
52695,38,-0.0295913024275599
39731,37,-0.0987654320987655
84808,18,-0.0802328524424195
23819,27,-0.3121478476448049
54084,75,-0.2567340067340068
40970,23,0.0135135135135133
25582,89,-0.1531598513011152
25304,76,-0.1517935258092737
52978,58,-0.1582343830665978
41188,87,-0.0797773654916511
10294,82,-0.1163793103448275
41241,27,-0.121655172413793
41292,89,0.0293367346938775
76927,36,-0.1246081504702194
32651,83,-0.301173402868318
32707,3,-0.2879691336373202
16600,27,0.0100596760443307
91575,18,-0.2053571428571428
61567,38,-0.0352633870265562
52716,18,-0.0092409240924092
32803,50,-0.6346153846153846
42140,67,-0.3381924198250728
42439,36,-0.0722599418040738
42455,82,-0.1538461538461538
91207,18,-0.1288150807899462
21792,3,-0.0194902548725637
32934,67,-0.1708171923999262
42877,67,-0.1012689723811893
42906,36,-0.043824701195219
88795,75,-0.1327433628318584
12570,89,-0.1128010139416983
80210,89,-0.1227944682880305
21928,58,-0.0109947643979058
56573,18,-0.1061452513966479
43634,22,-0.0178571428571429
43757,87,-0.2019950124688279
51633,18,-0.0105955425648521
12431,89,-0.1617427633542225
44274,36,-0.2994555353901996
46463,36,-0.0640732265446224
44506,36,-0.0901060070671377
59328,58,0.0598609041231992
77855,75,-0.2669039145907473
44768,3,-0.2135278514588859
12490,3,0.0172183119073934
40272,3,-0.031023784901758
45277,36,-0.0478374836173001
45306,50,-0.3383522727272727
21573,58,-0.1436464088397789
27705,58,-0.1829749890302763
45373,36,0.0491228070175437
45437,76,0.0103825136612021
45560,16,-0.1449579831932772
53065,18,-0.1657010428736964
45728,89,-0.0828025477707007
46042,88,-0.1110598369481619
46077,28,-0.1960684629723775
46181,27,-0.0880376344086021
52329,36,-0.1329215896885071
82694,89,-0.1126145787865561
22111,58,-0.0320668693009118
42534,18,-0.1728356336260977
46886,28,0.0436205016357689
46907,90,-0.2456896551724137
46923,23,-0.0574047274481428
46950,75,-0.1597938144329896
47002,3,-0.1844802342606148
42067,18,-0.1131147540983605
47088,89,0.0035760728218465
24432,18,-0.0127877237851662
12650,38,-0.0775480059084193
24053,28,-0.0086303939962475
47205,89,-0.1469363474122546
26825,18,-0.0208026509572901
47379,18,-0.2499999999999999
44134,83,-0.1117742810634834
47619,88,-0.1262626262626263
47715,36,-0.1473684210526316
17750,58,0.0267495662232506
59045,3,-0.0436046511627906
48072,23,-0.0980091883614089
48144,44,-0.1425287356321838
89456,82,-0.1546811397557665
49488,5,-0.2823529411764706
48267,83,-0.2393538913362701
12781,18,-0.0239294710327456
48486,82,0.0220667384284176
48523,83,0.0064335202903331
48531,22,-0.0637629097440501
48961,36,-0.2075029308323563
50286,75,0.1908396946564885
60943,58,-0.1081568273997296
65330,36,-0.0969441517386722
20415,41,-0.2345595680053999
50876,18,-0.0143961610237269
81678,23,-0.1475168968557155
49905,23,-0.0421455938697317
21178,89,-0.020892303544952
56223,30,-0.2353823088455772
76489,18,-0.1446712747146761
62906,75,-0.0153846153846154
59774,27,-0.1842346471127406
33849,16,0.0551558752997602
66245,23,-0.1339468302658485
23835,89,-0.1007497656982192
50623,67,-0.1517165005537097
50789,58,-0.0351126927639382
89790,36,-0.2119205298013246
51263,36,-0.396039603960396
81311,28,0.007329842931937
15069,36,-0.1983655274888559
45751,28,-0.1066621803499326
34032,23,-0.1972942502818488
51829,33,-0.0227272727272727
39538,3,-0.0364719017491625
51925,90,-0.1192384769539079
51960,3,0.0623196768609348
43449,3,-0.028647273531689
89915,18,-0.0020973154362415
17478,83,-0.0263595345523628
81061,83,-0.0904541473789566
52250,30,-0.0397483443708608
89813,89,-0.1339120797931289
10507,90,-0.1867954911433172
17005,58,-0.0646059593428012
22752,89,-0.0119353376642996
42796,36,-0.1224806201550388
53074,38,0.0540411571726811
87437,9,0.096
89857,23,-0.0470866141732282
53373,90,0.1397628350126807
53480,3,-0.0782626940830885
53640,89,0.0289761751448809
24010,36,0.0165618770127282
53859,18,-0.0615722924683892
54253,18,-0.1275080906148866
91109,36,-0.1988041853512705
22592,18,-0.1348517715112075
24248,18,-0.0622119815668202
54675,27,0.0658090724441435
54704,89,-0.2135416666666666
54827,58,-0.0677345537757437
76591,58,0.0713350785340314
42614,58,-0.1672955974842767
22779,17,-0.0045141363744358
28345,89,-0.1758118701007839
65365,58,-0.0670955882352941
69550,67,-0.1812048192771085
59408,90,-0.2509179926560587
84372,28,-0.0197330237957051
13303,27,-0.1701986754966887
90377,50,-0.0874764002517306
55993,88,-0.135522838807097
56040,36,-0.1531446540880503
78900,83,0.0015814443858725
25590,58,-0.2065199674001629
52337,9,-0.221590909090909
58501,38,-0.1982343499197432
34497,18,-0.104020618556701
56945,26,-0.1818710052295177
38658,58,-0.0140750670241286
64450,58,-0.0963701974103162
47466,36,-0.2897310513447433
60986,36,-0.1423410404624278
21207,87,0.0052698818268923
34673,44,-0.2644927536231883
57534,67,-0.1646058732612054
61815,83,-0.1987324581258488
64311,83,-0.0984042553191489
28118,18,-0.1735106244296701
44206,67,-0.0302593659942363
38762,83,0.0009363295880149
23931,28,0.0008107012565869
58246,76,-0.0895366996356066
24766,89,-0.0448553643354081
58318,23,-0.3639181649101053
58334,89,-0.024767801857585
90458,67,-0.0580949572397521
34817,36,-0.1230598669623059
58836,88,0.0625
34833,58,-0.1756974867419874
72611,44,-0.0917030567685589
58975,36,-0.1721714687280392
67029,76,-0.0256410256410256
59089,18,-0.0352432924056388
23026,89,0.0149152542372881
24440,3,-0.0451548451548451
13610,18,-0.0967903711133399
63714,28,-0.1440592393133625
59871,89,-0.0923076923076923
51457,75,-0.2293886707795849
60186,36,-0.0326086956521739
91531,67,-0.2539573296627666
77157,23,-0.2016895459345301
44230,42,-0.152129817444219
90531,22,-0.1523458091723775
22509,67,-0.0774252513382949
60506,89,-0.1012490034546904
13688,89,-0.0011806375442739
86136,82,-0.0194211728865194
61138,83,-0.1046081399260006
61146,23,-0.074585635359116
61269,31,-0.2432262129804663
58675,58,-0.2284710017574693
41355,67,-0.1402696445594444
61496,7,-0.0746268656716416
57509,76,-0.2621722846441947
61787,18,-0.1349424026330224
61955,75,-0.3174019607843137
22517,89,-0.0117728531855955
62034,18,-0.0673076923076924
13856,58,-0.0392674220083812
50550,23,-0.1816239316239315
62341,36,-0.1856362872742544
62368,58,-0.1510917030567684
21936,58,-0.0684931506849315
21776,89,-0.0118274582560296
52898,18,-0.0230978260869564
13901,31,-0.013975726369989
13928,58,-0.0697811076832671
62958,30,-0.155478562148116
63125,22,-0.2121546961325967
89968,23,-0.2475870751154006
24459,36,-0.0743476120137862
80185,67,-0.1123244929797191
23501,18,-0.028747433264887
63715,18,-0.1723677177979691
63830,38,-0.0512053676408075
18163,82,-0.0078517587939698
64486,30,-0.1769352290679303
55511,58,0.0982620320855613
23712,89,-0.0222677995898038
64929,3,-0.2225554889022195
64961,21,0.0541186698543796
65008,26,-0.2626728110599078
87043,89,-0.0717948717948717
27756,23,-0.0549626467449304
65270,87,-0.074579831932773
69649,18,-0.0754985754985754
66683,21,-0.3698841698841698
65700,83,-0.0574060949681076
24942,36,-0.0545917187138561
58771,58,-0.2281000170096955
76711,36,-0.0460392687880839
76282,5,-0.1882119861317484
66617,36,0.0022222222222221
80294,58,-0.4704341616680948
84381,83,-0.1267737408389209
35991,27,-0.2153599358331661
89142,82,-0.0974137931034482
45495,83,-0.1630163570834488
67847,42,-0.1645800730307772
54818,83,-0.0464661286378087
66050,90,-0.292225201072386
27633,18,-0.2032710280373831
68196,36,-0.1011104617182933
54199,89,-0.0664665523156089
41320,59,-0.1792498782269849
76149,36,-0.0927441352973267
68591,67,-0.2053140096618357
22840,83,-0.0936807095343679
23085,18,0.0057185479860766
36281,27,-0.2195799090515374
85926,36,-0.0933767643865365
41574,36,-0.1253561253561254
51625,28,-0.1037181996086106
50243,82,-0.0114285714285713
88742,76,-0.1886380189366351
36468,67,-0.0187483496171112
49138,3,0.1115151515151515
70536,67,-0.0403789408293213
70616,18,-0.2051282051282051
65402,89,-0.1847798421990327
60206,58,-0.1608391608391608
64995,76,-0.1069277108433734
71176,18,-0.1063627730294396
26614,58,-0.0345429846691247
63335,59,-0.4319620253164558
15720,89,0.0285022855606347
71475,18,-0.044225352112676
18411,67,0.0244197292069632
76091,42,-0.031279847182426
58683,36,-0.0672853828306264
66093,89,0.0014044943820223
63765,89,-0.1217391304347826
71942,18,-0.0480167014613778
71985,36,-0.0982532751091703
17523,44,-0.2460984393757502
72232,75,-0.3478260869565217
72304,61,-0.0476190476190475
39220,27,-0.0151860288534547
72494,23,-0.0996441281138791
43481,83,0.0697594501718212
43350,6,-0.2078089706356888
18438,89,-0.0109890109890109
72726,36,-0.0945945945945947
36898,3,-0.1119629874421678
27254,36,-0.1538461538461538
72980,76,-0.0724029380902413
73139,89,-0.035012285012285
73219,40,-0.2191163210099189
14656,88,-0.1869428421604614
52396,58,-0.1027874564459929
47861,83,-0.0673164174088388
73681,36,-0.1132752434648898
73817,36,-0.050880626223092
66739,8,-0.2110210696920583
43334,89,0.0602409638554217
52038,18,-0.0726817042606516
37161,58,-0.0639344262295082
62420,59,-0.1085972850678732
74406,87,-0.4015904572564612
15560,36,-0.1068408916218294
74836,13,-0.02803738317757
44513,23,-0.1488095238095238
74908,74,-0.0845070422535211
74932,23,-0.1329987452948556
57007,89,-0.1221037146009562
43123,18,-0.261971268954509
44329,18,-0.0651947148817801
63773,36,-0.1708934841982051
75257,23,0.0514705882352941
75460,38,-0.1954049135577799
84375,42,-0.2194452910697958
51369,87,-0.0900826446280991
37284,59,-0.1907730673316708
15579,82,0.0167874856924836
23579,36,0.045643153526971
62092,18,-0.0780993992353904
38578,58,-0.0863095238095238
76100,67,-0.0472854640980734
50606,18,-0.2154850746268657
14795,3,-0.1659466327827192
62308,36,-0.0876733839309081
76639,18,-0.0672176308539944
76946,10,-0.0378151260504202
61209,83,-0.0980582524271845
55001,83,-0.2231494920174165
92583,30,-0.2017543859649122
48389,28,-0.0467511885895403
59600,5,-0.313159927890806
45356,58,-0.0199615199615199
76185,3,0.0019817677368212
77730,28,-0.0062965082999427
91103,26,0.0424959655728887
17929,18,-0.1172715053763441
50278,36,-0.1542629027658968
79244,23,-0.2840425531914893
77973,88,-0.0420168067226891
78044,13,-0.2718360071301248
24985,89,-0.0161929940515532
48725,28,-0.1139199305630899
63781,58,-0.2258335080729712
89329,76,-0.1910766246362755
78749,6,0.0287030206085343
92655,27,-0.0294612794612796
53663,9,-0.0303297997644287
78829,89,-0.1727694687983497
87447,58,-0.0629173467873571
79039,90,-0.1808510638297872
79303,23,-0.1369689283449587
17830,58,-0.0523905723905724
39087,36,-0.1914893617021276
79338,23,-0.1927437641723356
67360,18,-0.0179732313575525
59619,83,-0.1045392022008254
16555,89,-0.118918918918919
79573,82,-0.2077922077922077
79637,89,-0.1826923076923077
79776,89,-0.0116343283582089
43553,10,0.0381001195967878
79864,76,0.0427074939564866
80128,83,-0.1576785907273317
27043,58,-0.0842696629213484
81116,42,-0.3289328932893289
61700,23,-0.0857142857142856
57808,67,-0.2666666666666667
15202,23,-0.213245789323437
86008,89,-0.0729394602479941
21231,58,-0.0553675048355899
53225,36,-0.0809253687619359
24969,67,-0.0602836879432623
46068,28,-0.1231733512334284
81702,36,-0.0419790104947526
42059,58,-0.0521739130434781
63829,28,0.1504854368932038
79066,75,0.2138775510204082
62498,18,-0.0752741774675971
66384,82,-0.1278399457443201
59467,89,-0.2502415458937198
38033,89,-0.0197802197802197
39917,90,-0.1375485302273987
25419,36,-0.2038602647950231
38156,58,-0.0981845127825119
64135,23,-0.1938588450962419
91624,23,-0.232166018158236
66747,83,-0.0530303030303029
58819,28,-0.0465861473995563
25099,18,-0.0289594567605353
42286,38,-0.0867893435869265
84403,58,-0.1548426896977175
27983,36,-0.1602409638554217
63079,3,-0.3405142460041696
59483,75,-0.9353562005277044
88857,58,-0.092540661805945
84129,36,-0.1926605504587156
84161,10,-0.121580547112462
90756,23,-0.2018255578093305
72996,23,-0.1170212765957446
87426,89,0.0035158211953791
86191,58,-0.2285714285714284
88664,67,-0.008891928864569
87856,90,-0.0775193798449612
15318,76,-0.1545454545454544
71563,36,-0.0430686406460296
80072,36,-0.1093355761143819
85586,89,-0.0453494985565051
90916,74,-0.2045454545454545
35917,23,-0.1662870159453302
70332,28,-0.1450847457627119
10116,90,0.1038961038961039
10147,67,-0.0708277999114652
10100,42,0.0453322503680391
38149,36,-0.1402166985340981
87637,67,-0.065
10028,17,-0.0548424737456243
69032,90,-0.2279999999999999
10138,18,-0.1067688855646969
10107,18,-0.0642857142857142
10200,36,-0.0151057401812689
10163,82,0.0191256830601092
89954,87,-0.0386627245849441
10302,67,-0.0549242424242423
10299,8,-0.0342298288508557
12217,21,-0.1687479987191802
10363,75,0.0453257790368273
10333,33,-0.1071428571428571
10382,58,-0.1540017336030048
10397,58,-0.1052405498281787
10257,13,-0.1683673469387755
76565,83,-0.1581508515815085
10463,30,-0.0825242718446602
70033,83,-0.1120020693222969
10421,36,-0.0972549019607843
91204,58,-0.0178275290215588
10530,36,-0.1491891891891892
79698,27,-0.0210555867490174
10606,89,-0.0589689265536723
10550,42,0.1173184357541898
79785,82,-0.0510919402985075
75070,31,-0.1208939149165321
89849,36,-0.1951219512195121
10547,62,-0.1816920943134534
68857,23,-0.1290143964562567
76123,23,-0.1870932754880694
79903,76,0.0666666666666666
10667,36,-0.0908660672030288
10355,9,-0.0678571428571428
10661,5,-0.0141676505312869
45225,17,-0.0854296809049467
75596,36,-0.3428571428571427
10693,83,-0.3020102851799907
10649,89,-0.0716279069767441
79909,23,-0.2706310679611651
75517,89,-0.0620239390642002
10696,58,-0.090632276553824
10772,13,-0.3019693654266959
89386,22,-0.0663841807909604
10644,89,-0.1624999999999999
89891,23,0.0695970695970695
70500,67,-0.0992034757422158
75224,18,-0.2102790826195081
89659,23,-0.0124610591900311
35124,75,-0.0656742556917688
71191,36,0.0
10853,36,-0.1201956673654787
22323,22,-0.1749999999999999
10026,3,-0.0505828887571626
10812,89,-0.1078947368421051
10909,89,0.0388114008489994
88779,75,-0.189655172413793
90441,83,-0.1036479444122755
75222,13,-0.3473336479471449
10860,67,0.0859481582537518
10443,75,-0.1005785491766799
10032,89,-0.1489841986455981
70308,67,-0.0163378545006164
85570,36,-0.2137176938369781
11701,89,-0.0711024135681669
71538,36,-0.0703125000000001
10001,41,0.0009107468123861
11038,23,-0.2421875
75215,10,-0.0844667143879743
76672,89,-0.1866666666666666
77453,89,-0.0409244102070293
11137,83,-0.0272727272727272
10838,75,-0.113157894736842
11292,61,-0.208955223880597
87816,63,-0.0170212765957447
64390,18,-0.0740354535974973
65294,58,0.0056944005061689
12173,18,-0.0765765765765766
11378,18,-0.0790139064475348
11403,83,0.0
11478,44,-0.2784009789924535
85991,88,-0.1722222222222222
11481,23,-0.1025641025641025
11402,42,-0.0909090909090909
75470,3,-0.1254266741140695
11552,58,0.0410290902976289
75107,58,-0.1133440514469453
11547,18,-0.0187633262260127
87514,5,-0.1297953180536831
90196,36,-0.2907801418439716
89048,75,-0.2830188679245283
11600,18,-0.128125
75104,27,-0.1889020070838253
11043,89,-0.15521327014218
11654,37,-0.1693877551020408
11638,27,-0.1318216756341276
11641,44,-0.0432757325319308
11394,86,-0.2619047619047618
75526,23,-0.1588265048052605
11533,58,-0.1455968688845401
11707,82,0.0140845070422535
11775,3,-0.0278128950695322
11781,36,-0.083861874559549
75233,28,-0.0802997858672377
75186,23,-0.0874493927125505
89686,83,-0.136082474226804
11809,36,-0.0477074438462966
11731,18,-0.1605335786568537
11825,58,-0.0909090909090908
75261,75,-0.2117647058823528
37217,36,-0.039177657098526
75272,27,-0.0622074074074073
88197,89,-0.1657579062159214
89502,58,-0.0453560113390028
85789,23,-0.2223206377325066
11618,36,-0.0056767254257543
11896,67,0.0121475054229933
84769,58,-0.1321839080459769
10180,50,-0.0298507462686565
11884,58,-0.0670289855072463
75182,51,-0.5451897697278603
75577,44,-0.133553173948887
75241,27,-0.1586286299091723
75320,89,-0.0830249768732656
75285,36,-0.1653426017874877
10901,58,-0.0459583671262504
75316,83,-0.2590701424348294
11903,6,-0.0207336523125997
11891,36,-0.1607949412827463
11955,89,-0.0145278450363195
89715,90,-0.28125
84176,89,-0.1666666666666667
11752,23,-0.114148316881802
81774,23,-0.3536404160475482
12149,86,-0.1558441558441559
12248,89,-0.0537471612414838
12067,67,-0.0253843403646762
75573,75,-0.2076923076923077
11976,18,-0.0504801772962323
75326,36,-0.2821270310192023
84387,21,-0.104287369640788
17743,58,-0.0388475234703787
12226,30,-0.1729200652528547
87137,89,-0.1826625386996904
12062,58,-0.0536334251167245
12190,17,-0.1919122686771761
80926,7,-0.3269565217391303
12209,89,0.0171591992373689
75432,89,-0.0833869929169349
11992,36,-0.1145170618854828
36346,58,-0.0843956043956044
85269,82,-0.2174295774647886
92029,61,-0.2317640972581479
12169,75,-0.3312883435582821
75591,58,-0.1619150080688541
82540,26,-0.2658429165647173
75734,6,-0.2429328621908126
75447,36,-0.2264808362369337
76573,44,-0.1812009335879482
75730,90,-0.5115942028985507
10375,23,-0.1226053639846742
75694,58,-0.0615427073271698
63467,18,-0.1527843883864826
75649,89,-0.1140979689366785
75646,3,0.0069673634030069
75607,18,-0.0495626822157433
75654,10,-0.1531249999999999
12073,36,-0.0297872340425531
75603,5,-0.0289855072463768
10051,28,0.0058572949946751
75825,89,-0.2330705259747272
75853,87,-0.2147058823529412
75854,44,-0.0674955595026642
11131,36,-0.0999999999999999
76148,89,-0.1246246246246246
15070,36,-0.0615773935048502
75556,41,-0.0451925925925925
86124,89,-0.1283534981588637
11628,64,-0.1534044298605413
75831,83,-0.1249005568814638
11748,30,-0.0980156343956704
75828,82,-0.0943312666076173
11348,28,-0.1306626731561213
11506,8,-0.0232067510548523
23799,89,-0.0559646539027982
11285,23,0.0297435897435895
11442,36,-0.1112940401712216
10769,31,-0.0205714285714285
86896,18,-0.093487814622453
11018,4,-0.1715976331360946
11513,75,-0.2304309586631486
87952,76,-0.1859252823631625
35503,75,-0.3634920634920635
10252,89,-0.088469601677149
89440,82,-0.1333333333333333
90086,18,-0.0165258905618802
10290,36,1.053017091035926
11652,89,-0.0161516853932585
12189,83,-0.026938775510204
11208,36,-0.1256781193490055
52936,89,-0.0293596557833458
91897,36,-0.05828125
56710,30,0.0614634146341463
10297,58,-0.0720306513409962
12068,36,-0.0499490316004077
75860,42,0.0092081031307551
11786,18,-0.197048611111111
75509,75,0.0146341463414634
81577,36,-0.1523619427811043
12106,37,-0.0890688259109312
10932,89,-0.1546961325966851
11293,89,-0.1068111455108359
11750,75,0.0684
11593,90,-0.0872483221476508
69586,23,-0.1301775147928994
35685,18,-0.1358797745773324
89207,36,-0.3338485316846986
10308,36,-0.079021879021879
77519,76,-0.0449678800856531
92807,82,-0.1402714932126697
83469,89,-0.0389681668496156
86814,36,-0.0270270270270269
86384,89,-0.0545722713864307
10781,36,0.0292553191489362
84725,58,-0.047
83642,18,0.0062565172054223
83641,58,0.0084075173095945
75773,23,-0.0764331210191083
87759,26,0.1383561643835618
86566,18,-0.0742574257425742
90534,89,-0.0889025137952176
12166,90,-0.1927083333333332
10913,75,0.0
77643,23,-0.1777777777777777
77379,89,-0.1097087378640775
11006,89,-0.0478991596638656
86382,23,-0.106776180698152
77889,90,-0.1681818181818182
88976,28,-0.1572991324028668
11565,83,-0.0018870056497175
75714,19,-0.2165605095541402
76359,89,-0.1698113207547169
81620,28,-0.157235354573484
75912,58,-0.1455555555555555
85299,89,-0.0514233241505969
10002,90,0.0
89738,90,-0.1666666666666666
77415,36,-0.0836614173228346
90561,90,-0.0089020771513352
47723,66,0.0011695906432749
83155,36,-0.0189873417721517
79851,75,0.0161290322580645
89211,18,-0.0711854792966534
11844,36,-0.0776237623762376
89141,67,-0.1705903658094893
76266,36,-0.0385454545454545
91855,36,-0.0573414422241529
85726,67,-0.121372031662269
75906,36,-0.0492917847025494
77236,18,-0.0007044734061288
11056,71,-0.1188612099644128
77528,36,-0.1288409703504043
79747,36,-0.024567788898999
75755,10,-0.0139442231075695
89828,76,-0.0552799433026222
11397,18,-0.0838351088466882
76013,67,-0.017117117117117
89903,27,-0.1926751592356688
20395,89,-0.1191294387170676
84516,23,0.0206489675516226
77300,18,-0.0815485996705107
75930,21,-0.1270333075135554
76215,31,-0.1930541368743614
87652,36,-0.1572844333580531
76082,42,-0.183891378855787
76095,89,-0.0859375
76391,10,-0.0622107969151671
76963,89,-0.1162790697674418
76127,89,-0.2468292682926829
76128,89,-0.2249778565101859
76435,23,-0.0595611285266457
76135,23,-0.0945489628557646
78981,18,-0.0229686342306741
76138,83,-0.0493827160493827
76139,89,-0.1815856777493606
76415,75,-0.0833333333333332
76868,36,-0.1005139920045689
88965,23,-0.0539772727272727
79584,36,-0.1595858290383991
89655,44,-0.0817438692098093
76392,89,-0.0969072164948453
89885,75,-0.1627906976744186
88871,58,-0.0976414316345044
85875,36,-0.1597444089456868
76544,36,-0.190961038961039
76195,75,-0.2041198501872658
83671,58,-0.193594306049822
76202,36,-0.0971993410214168
76201,83,-0.1188182402055234
87053,63,-0.1777777777777777
76207,65,-0.0758928571428571
76355,37,-0.0370706887152462
76360,64,0.0
89369,36,-0.0103359173126614
90069,23,-0.0355029585798817
81651,90,-0.0491803278688525
90053,19,-0.076300578034682
77486,23,-0.2268518518518519
76330,23,0.0891719745222929
76230,83,-0.0966612816370491
76461,89,-0.0533642691415312
76223,36,0.0569395017793594
89948,8,0.0423940149625934
11644,23,-0.2402948402948402
76261,3,-0.0220066256507335
76224,36,-0.0398523985239852
89100,36,-0.0786516853932584
77256,89,-0.0191226096737907
76279,89,-0.217111315547378
76477,36,-0.1411690562470459
76478,36,-0.1739552964042759
90608,13,-0.4137594114604287
79037,18,-0.2082606166375801
78071,26,-0.1071428571428571
76529,18,-0.0020629190304279
76515,36,-0.0749086479902558
76504,36,-0.1123244929797191
76553,90,-0.3446327683615819
91902,27,-0.2512493537825262
76879,89,-0.0374398460057747
88284,23,-0.1827111984282907
76582,10,0.0216383307573413
76584,44,-0.1141602634467616
76613,22,-0.3309759547383309
76614,50,-0.0140606471285786
77004,40,-0.0455927051671731
76619,83,-0.1237834549878346
76978,89,-0.2198
76624,36,-0.018062397372742
76644,90,-0.269013616738625
76888,26,-0.2845528455284553
76837,18,-0.0644696848504239
76638,36,-0.2161702127659573
76661,23,-0.0947930574098798
76686,58,-0.0905660377358489
76695,44,-0.0973512809379071
76856,5,-0.1020976027397259
76709,3,-0.1354976184507396
76934,23,-0.2955223880597015
76721,3,-0.0683910565541429
76684,36,-0.1412556053811658
76732,28,-0.0813842482100237
91403,67,-0.1463273568536726
76736,83,-0.1205305651672433
76980,36,-0.0910179640718562
88031,51,0.0230895452414441
76744,67,-0.0178926441351888
76750,84,-0.165949911459651
76945,27,0.0843601895734595
76788,36,-0.2173566878980891
76795,67,-0.1388811578068466
76869,36,0.0044444444444442
76798,21,-0.1493293591654246
76999,75,-0.1128205128205128
76892,89,-0.0469512195121951
81564,36,-0.0224345658496052
76841,27,-0.0111464968152865
76843,36,0.0503432494279174
89213,36,-0.1366828741220962
77235,82,-0.0588235294117646
77037,58,-0.0980697384806973
85426,89,-0.2307080350039777
77202,84,0.1034482758620691
77090,30,-0.0096385542168674
77117,64,-0.1616871704745168
77114,21,-0.1412125863392171
77165,36,-0.0550239234449759
77182,5,0.0250158328055731
77191,36,-0.0587644399799096
77175,75,-0.4279475982532751
77178,83,-0.0549941702293043
77173,22,-0.1374269005847952
77259,36,0.0055555555555555
77264,23,-0.1839080459770115
90464,28,-0.1298615688859591
77271,82,0.1572123176661264
77274,89,-0.0272032092265263
77292,36,-0.0916530278232407
77279,58,-0.0788098110172899
77282,89,-0.1227272727272728
77281,21,-0.0110539067231981
77289,50,-0.1513761467889908
77327,33,0.0816326530612243
77340,23,0.0282608695652175
77338,3,-0.1044834307992204
77366,76,-0.0800711743772242
77461,39,-0.258409180846854
77413,5,-0.1858974358974358
77418,28,-0.0533796588755527
77421,76,0.0450534138411518
77425,90,0.0091027308192457
78147,22,-0.24
77437,43,-0.1854838709677418
77447,67,-0.1067961165048545
77496,89,-0.1340060544904137
77768,28,-0.0508681084374047
77505,17,-0.0658285714285714
77507,76,-0.0175321637426901
77515,89,-0.0925925925925924
77520,18,-0.1930438842203549
77521,90,-0.0431034482758618
83738,18,-0.1417910447761193
77582,74,-0.140495867768595
77585,75,-0.163157894736842
77599,22,0.1010714285714287
77610,61,-0.0228291887484713
77605,36,-0.1283185840707964
77649,18,-0.0904288377874455
77629,83,-0.067472306143001
77630,5,-0.0018656716417911
77660,5,-0.0691350882267862
77661,89,-0.1406844106463879
77668,76,-0.2102684277801448
89810,67,-0.180522565320665
77683,58,-0.065891472868217
84776,36,-0.2255389718076283
77702,65,-0.0344381149663386
87505,89,-0.0686993438826708
90352,22,-0.0636363636363637
77763,83,-0.2570781426953568
77780,36,-0.1198979591836734
77785,58,-0.0816599732262384
77787,10,-0.1553267681289166
77868,18,-0.130225080385852
77892,90,-0.043478260869565
77900,83,-0.1324200913242008
77902,83,-0.1020036429872496
77918,3,-0.132470334412082
77917,67,-0.0697368421052631
77971,18,-0.052076002814919
77982,18,-0.0855803048065649
78001,47,-0.2245119305856833
78018,4,-0.05
78015,18,-0.1506636786760902
78186,8,-0.2763157894736842
92186,66,-0.4249076733688962
78051,17,-0.0928452579034941
78062,36,-0.2693181818181819
78077,83,-0.2377682403433476
78068,75,-0.1495601173020528
78073,75,-0.2857142857142858
78091,20,0.2120108695652174
78081,17,-0.1017728168089298
78082,15,0.0085836909871244
91402,19,-0.1080566716007612
78189,36,-0.1724137931034483
78139,89,-0.0945626477541371
78172,36,-0.1363268608414238
78170,5,-0.2071895424836601
78211,89,-0.1046511627906976
78137,82,-0.0961235068740139
78156,23,-0.0701486847121616
78193,23,-0.0211180124223603
78213,36,0.0184804928131416
78840,10,0.000505944852011
78195,23,0.038961038961039
91128,50,-0.1636112071947423
88944,76,-0.1414141414141415
78841,31,-0.2370486656200942
86889,23,0.0273972602739727
78908,38,-0.1403812824956671
79033,61,-0.0556799999999999
78875,36,-0.1988899167437557
78876,36,-0.12133072407045
78915,36,-0.159917990773962
78916,10,0.0168355184743742
79019,89,-0.0137414187643021
79065,75,-0.0496894409937889
79006,23,-0.127906976744186
48653,10,-0.0632405976300874
78955,23,-0.2134146341463414
78990,23,-0.0839857651245552
78950,67,-0.0933275185346708
78987,58,-0.0518134715025907
78977,58,-0.0268595041322313
79072,36,-0.0716685330347145
79089,50,-0.1609564227305662
79080,75,-0.0825688073394496
79108,66,-0.1358344113842173
79131,76,-0.0644038294168842
79116,36,-0.0931263858093126
79133,83,-0.1150950871632329
79103,44,0.0269728729963008
88597,44,-0.1520190023752968
78910,89,-0.1434782608695651
79150,30,-0.0914405010438412
79166,89,0.0228426395939087
79198,84,-0.3023255813953488
79159,26,-0.2455058160028198
79237,23,-0.1478043555872902
90783,13,-0.3261183261183261
79299,28,0.0218487394957982
79248,27,-0.0478683620044875
79249,18,-0.0258560447239692
83659,6,-0.3392
79336,8,-0.1867283950617285
79265,36,-0.0316969462698105
79444,6,-0.3862173419159409
18649,36,-0.0929961089494163
79382,18,-0.0352422907488986
79399,36,-0.1721611721611721
79666,3,-0.0416666666666667
79507,89,-0.0383480825958703
79472,23,-0.1006289308176101
79499,36,0.0350877192982457
79545,38,-0.1521221459588178
79490,63,-0.1917404129793509
88568,89,-0.0408921933085502
82763,23,-0.0457142857142857
79491,5,-0.0151289154059237
81103,8,-0.2650176678445229
80069,90,-0.2918181818181818
79564,18,-0.0567765567765566
79588,61,-0.1126599198014129
85913,89,-0.0696721311475411
79628,27,-0.1601371204701275
79668,18,-0.1547033759423141
79731,89,-0.0640341515474919
79712,75,-0.0913978494623656
79724,89,-0.1789440404679102
79758,23,-0.2159999999999999
79686,26,0.0472122302158273
79689,89,-0.1030927835051546
79734,36,-0.1240875912408759
79702,13,-0.2857142857142857
79824,23,-0.1165146909827761
79857,87,-0.2905073649754501
79906,5,-0.1306782825140012
79790,75,0.0
79862,76,-0.0855855855855857
79839,23,-0.2591662481165243
79795,18,-0.1403320835565078
79791,18,-0.060931899641577
79878,89,-0.213023560209424
79802,30,-0.0509554140127388
79915,82,-0.2225269343780607
79841,18,-0.1041886659626892
80223,36,-0.0576923076923077
79879,83,-0.2313030069390902
79796,76,-0.2468168462291871
79884,28,-0.1851851851851851
79799,89,-0.0764740221833041
79859,36,-0.0710382513661201
79885,23,-0.0402173913043477
79977,68,-0.0147515527950311
80034,28,-0.1666666666666665
80049,26,-0.3377308707124011
80080,3,-0.1716426930980297
80012,89,-0.005
80007,75,-0.172549019607843
80050,10,-0.1110425663170883
84723,16,-0.3354838709677419
79965,23,-0.1525179856115108
80079,18,-0.2259911894273127
80054,33,-0.015843997562462
80167,3,-0.0341447992412266
80113,82,-0.2423208191126279
80112,71,-0.417
80159,30,0.1014925373134327
80165,44,-0.0343698854337152
76697,89,-0.0396921830700688
80236,36,-0.088098918083462
80204,36,-0.107440350134124
80254,18,-0.137007874015748
80191,3,-0.2033129560244527
80193,75,-0.2843601895734596
80237,41,-0.1379310344827585
80266,36,-0.0923407301360057
80361,26,-0.0929755915781629
80306,23,-0.1636363636363637
80375,37,-0.1824324324324323
80343,88,-0.3441558441558442
80316,36,-0.0762195121951219
80362,58,-0.0449111470113086
80368,75,-0.3199999999999999
84584,31,-0.1138962689153286
80336,30,-0.0273885350318471
80357,67,-0.1114093959731543
80303,75,-0.2725250278086762
80439,83,-0.0325288562434415
80434,89,-0.0221543162719632
82541,89,-0.0959349593495936
80415,76,-0.1556795131845841
80478,44,-0.0975929978118161
80446,10,-0.1934255616194949
80539,23,-0.1528384279475982
46392,23,-0.139718804920914
80568,18,-0.1649703138252755
80587,22,-0.021103896103896
80569,36,0.0282574568288853
80524,13,-0.0499999999999999
80534,8,-0.1394362017804153
80498,89,-0.0532608695652172
80557,89,-0.2284382284382283
80560,31,-0.1273458445040214
80563,67,-0.1637779452398895
80575,18,-0.1231093914878649
80679,18,-0.0757967269595175
80621,82,-0.0531363400725763
80625,75,-0.2501874531367158
89099,36,-0.1070336391437308
80633,75,0.0561797752808987
80768,89,-0.0894039735099337
80759,89,-0.0802155043400179
80774,82,-0.1355379599441081
80828,44,-0.1070509521358722
80791,83,-0.1481004507405021
80795,75,-0.1266941661756039
80804,76,-0.165719696969697
80808,23,-0.1384462151394421
80816,89,-0.111304347826087
80837,90,-0.1039603960396039
80858,26,0.0173913043478262
80928,42,-0.2528189910979229
80924,63,-0.1611111111111111
80955,36,-0.0064308681672026
80864,89,-0.1792953667953668
80943,75,-0.2040816326530612
80951,86,-0.0878517501715855
81010,28,-0.1987899740708729
80960,75,-0.3742424242424242
80957,67,-0.0905300774270398
80969,36,-0.2489711934156379
80990,28,-0.0122137404580152
81084,36,-0.176056338028169
81095,76,-0.0008389261744966
81055,9,-0.1394136807817588
91517,90,-0.0565897244973938
81182,89,0.016146393972013
81162,18,-0.0633036597428288
81184,59,-0.2271207053815749
81173,87,-0.4476933073424302
81128,30,-0.202050997782705
88379,23,-0.0531665363565285
90359,23,-0.1093117408906882
81148,75,-0.0707874015748032
88865,75,-0.1443298969072165
86993,37,-0.0295999999999999
85205,75,-0.0609756097560975
81220,44,-0.1955366631243358
81241,67,-0.1393875395987328
81256,59,-0.0510328068043743
81259,89,-0.1379310344827586
81254,59,-0.1082474226804123
81292,36,-0.0978342046303212
81282,3,-0.0792377131394183
81278,89,0.0424058848983124
91731,41,-0.0197926484448632
81298,89,-0.0333333333333333
81501,36,-0.1010617381046008
87532,36,0.0117647058823529
81540,67,-0.0583628094997472
81566,89,-0.1658767772511847
81541,36,-0.0969325153374233
81546,30,-0.0935960591133006
81560,23,-0.0319148936170213
90470,36,-0.0657501494321577
81588,30,-0.1651376146788991
81533,89,-0.0732474064759509
81539,23,-0.2202166064981948
81565,67,-0.0328396557639106
81562,23,-0.3936619718309859
81575,63,-0.0078740157480315
81584,89,-0.0323054331864903
87476,18,-0.0721707385565852
81624,23,-0.1095890410958904
81621,23,-0.1069182389937106
81705,3,-0.0634573304157548
81736,36,-0.0703907006780755
85332,89,-0.024390243902439
81740,31,-0.0819462227912931
81741,90,0.1812953367875649
81756,61,-0.175438596491228
81857,83,-0.2005388760585066
81696,67,0.007642799678198
81666,23,0.0071770334928229
81665,89,-0.0577777777777777
81691,8,-0.0443159922928709
81677,3,-0.1317129249466251
88719,23,-0.0216535433070866
81776,75,-0.2492836676217765
89611,17,-0.1764302059496567
81893,83,-0.1379310344827585
82251,36,0.0092449922958397
81850,36,-0.0634328358208956
81869,75,-0.1578947368421052
82171,84,-0.0528414755732801
81925,8,-0.1910828025477706
91262,28,-0.321719641401793
82212,36,-0.0549132947976879
82179,18,-0.1030591775325977
82176,6,-0.0618729096989966
82234,30,-0.2020725388601035
82281,75,-0.1957671957671957
82272,83,-0.0408819476343592
82266,23,-0.3190045248868779
82287,22,-0.0626654898499559
82504,42,-0.1270718232044199
82508,36,-0.0549672213817448
82298,36,-0.1410638631727599
82518,36,-0.0699300699300699
82515,83,0.0096413420748167
82521,36,-0.1883289124668434
82513,17,0.0269097222222223
82307,67,-0.1482739874966022
82575,71,-0.1727037516170764
82567,5,0.0358851674641149
82581,67,-0.059171597633136
82618,87,0.1010914051841744
82649,84,-0.0685228409469823
82552,8,-0.0275662777731148
82643,58,-0.1542553191489362
82546,23,-0.1009055627425614
82547,36,-0.1380000000000001
82642,10,-0.1005529387671513
82651,3,-0.0548391135595344
86042,75,-0.3302325581395349
82634,27,-0.1032441100283704
82638,89,-0.1938250428816466
82587,76,-0.148599269183922
82635,50,-0.1132769400514895
82607,18,-0.0711481844946024
82599,89,-0.2556859867938372
82762,42,-0.1325301204819277
82779,76,-0.1351351351351351
82734,89,-0.0676923076923077
82720,36,-0.2261780104712042
82686,27,-0.0976336256826079
82759,58,0.0959051724137931
89736,36,-0.0571808510638297
82717,18,-0.1077931536780771
82768,89,0.0076744186046511
82664,36,-0.1614583333333332
82702,42,-0.0894763599389935
82699,10,-0.1173184357541898
82747,90,-0.2013616129876931
82800,82,-0.2599940775836542
82812,75,0.0135135135135135
82824,75,-0.313953488372093
82825,75,-0.2438162544169611
82839,23,0.005181347150259
83875,23,-0.2225165562913906
86122,76,-0.1737804878048779
91231,89,-0.0507462686567163
83113,89,-0.1114885731933292
83131,36,-0.2256738236637734
86098,89,-0.0864197530864198
87832,90,-0.0086206896551723
85838,23,-0.1129032258064515
83529,28,-0.1805273833671399
88177,17,-0.2526096033402922
84825,88,-0.0592755214050493
90710,75,-0.0202429149797571
83145,87,-0.0749999999999999
87471,87,-0.0625
91910,15,-0.3814432989690721
83149,89,-0.1479289940828402
83120,36,-0.2399445214979194
83123,23,-0.0122641509433961
84397,58,0.0030317199354439
91187,89,-0.0128888888888888
37381,30,-0.1477272727272728
83111,58,0.1055311070843041
83124,76,-0.0538922155688621
82859,47,-0.0757689422355588
83303,5,-0.1240875912408759
83307,89,-0.2320574162679425
83152,83,-0.1429525718102873
83143,18,-0.0282728948985863
83272,18,-0.1022546840266751
83317,15,-0.1111111111111111
88163,13,0.1503267973856208
83291,89,-0.1151761517615175
83283,83,-0.1124574024990533
85406,82,0.0034188034188034
83304,18,-0.1972789115646258
83244,30,-0.2654067378800329
83390,36,-0.1112359550561797
83373,58,-0.0967741935483871
86080,37,-0.0315789473684211
83413,83,-0.0549860205032618
83411,83,0.1224165341812399
91024,63,-0.1146845732461565
84215,23,-0.0817120622568093
83414,89,-0.1051987767584098
83421,23,0.0266203703703702
83366,50,-0.3597876590563633
83382,9,0.021081081081081
83405,89,-0.2281512605042016
83422,36,-0.0447284345047923
83520,58,0.1147058823529412
83504,7,-0.0703517587939698
83509,36,0.0118196811434854
83541,18,-0.1181310608286805
83462,10,-0.1918796992481203
83565,28,-0.0539165818921667
83503,36,-0.0499325236167341
83575,76,0.0999999999999998
83558,73,-0.3760107816711591
88811,16,-0.0279146141215106
86091,36,-0.0940643863179073
83616,36,-0.1249999999999998
83690,67,-0.2456367162249515
83651,13,0.0780141843971631
89202,75,3.703840882995912e-05
83621,3,-0.0915153760652093
83633,50,0.0546218487394958
83630,11,-0.0268156424581004
83661,83,-0.1043511744320369
83602,23,0.0533141210374639
83683,58,0.0417163289630511
83774,36,-0.019327731092437
83779,42,-0.2425142291512001
83800,58,0.2727272727272727
91050,20,-0.375
83799,23,-0.1899630216587428
83756,75,-0.2059925093632958
83916,18,-0.1409244644870348
83879,76,-0.1855571496891439
83832,67,-0.1330920788098111
83844,26,-0.1913580246913581
83908,88,-0.1310679611650486
83862,13,-0.2629449838187702
83910,3,-0.1690573770491803
83906,27,-0.0796944476114467
83885,75,-0.2443333333333333
83903,90,-0.0986394557823129
83831,23,0.0266666666666666
83934,23,-0.0216718266253869
83969,89,-0.1003984063745021
83928,83,-0.0818091942659416
88436,83,-0.1228455029771232
83950,61,-0.1076023391812865
83961,89,-0.1684711996535297
83965,22,-0.2020547945205478
88905,5,-0.0491803278688525
84026,90,-0.1319444444444444
89758,89,-0.0478745508966286
84103,36,-0.0231822971548999
89425,18,-0.0385487528344671
84062,5,-0.044617717132337
84636,18,-0.1827105763141229
84058,36,-0.4270742358078603
85996,47,-0.065
84042,67,-0.1228070175438595
84010,36,0.0683760683760683
84060,10,0.0181608532718362
84041,74,-0.0694921725849561
84032,83,-0.2253478523895947
84057,36,0.0054249547920433
84056,75,-0.0128089887640449
84168,18,-0.0958520179372197
84203,67,-0.1005235602094242
90666,26,-0.0947368421052631
84234,44,-0.0194753577106517
84281,10,-0.0878344270570418
84172,21,-0.0418538661622132
84262,36,-0.220738413197172
84210,28,-0.0353115727002968
89801,75,-0.272
84348,18,-0.0616901408450704
84325,27,-0.0470049504950496
84330,37,-0.0227272727272727
84311,62,0.0425531914893617
84365,58,0.0231441796674096
84342,23,-0.2394067796610169
84364,36,-0.0829297820823244
84302,27,-0.0969696969696969
84320,58,0.0276046304541406
84373,89,-0.0141801477930897
84319,50,-0.2379438261791202
84331,82,-0.011111111111111
86440,75,-0.1103896103896103
85176,83,-0.2183478621834786
88984,23,-0.0196721311475408
84438,28,-0.3077445652173913
84385,89,-0.1064257028112449
84413,36,0.0341463414634148
84559,36,-0.1439539347408829
84531,89,0.0007987220447285
84563,36,-0.0313735829158976
84546,21,-0.1150097465886939
84555,61,-0.147887323943662
84624,59,-0.1208836162814481
84604,71,-0.1016949152542372
84606,36,-0.0325752919483711
84389,36,-0.1201426024955437
84597,36,-0.0435772357723577
84737,8,-0.1590077267181781
84749,75,-0.1031941031941032
85211,23,-0.28325
84761,58,-0.037821482602118
84607,74,-0.3812500000000001
84656,83,-0.1311357936223576
84734,90,-0.1968852459016393
84780,28,-0.134007585335019
84827,23,0.2058570198105083
84788,21,0.0046461924452911
86075,89,0.0039275220372183
85079,87,-0.1140000000000001
85204,37,0.4968553459119496
85035,27,0.0192926045016077
85002,37,-0.096774193548387
85072,10,-0.0540441980891257
85067,36,-0.0565017572316843
85013,61,-0.1020408163265305
85047,71,-0.144014401440144
85077,23,-0.1203703703703703
85020,58,-0.078125
85059,36,-0.1297071129707113
85168,58,-0.2243931320307874
92245,75,-0.1790540540540539
85187,52,-0.057142857142857
85177,62,-0.0623556581986144
85173,83,-0.122614608466769
87364,86,-0.1789473684210527
89022,36,-0.0356265356265357
85198,76,-0.0787852112676056
85246,18,-0.2256762815722611
85680,23,-0.2544802867383512
89038,89,-0.1372549019607842
90942,61,-0.2227564102564103
85280,8,-0.2819786808794137
85291,27,0.0513618677042801
85320,61,-0.3117647058823529
85319,83,-0.0561625874125873
89898,30,-0.1214285714285713
85401,15,-0.4303135888501742
85349,23,-0.1644970414201183
90012,23,-0.1115498519249753
85333,89,-0.1420454545454545
85348,27,-0.0915946293912083
85372,38,-0.1690808533052409
91908,23,-0.1017543859649122
89270,36,-0.0308370044052863
89292,36,-0.1539115646258504
85395,83,-0.0867579908675799
85453,30,-0.016155758077879
90875,75,-0.0015360983102917
85418,36,-0.0316500711237554
85502,36,0.0641711229946524
85516,61,-0.4055482166446499
85482,83,-0.0186556114894878
85440,89,-0.3450439146800502
85488,38,-0.1378600823045267
88635,89,-0.0215264187866928
85517,89,-0.0437580437580437
85432,58,-0.0685425685425684
87139,83,-0.1855203619909501
85424,67,-0.1667697063369397
85445,23,-0.1153324287652646
89615,90,-0.1296296296296296
87837,87,0.0
85427,44,-0.148502994011976
85419,67,-0.1406685236768802
85496,36,-0.0475578406169665
85540,89,0.024390243902439
85590,58,0.0397665085735132
85621,38,-0.12124059772713
85627,87,-0.2226224783861672
85539,39,-0.1039999999999998
85571,30,-0.0771704180064307
85798,89,-0.0488949275362318
85593,58,-0.1045204222120238
85567,44,-0.2362279511533243
85576,61,-0.0886486486486486
85522,23,-0.0562390158172232
85526,30,-0.2272727272727273
85565,23,-0.2500000000000001
85686,42,-0.1318327974276526
85725,28,-0.0068085106382979
85675,58,-0.0057445868316393
85559,23,-0.1125827814569535
85645,87,-0.1608212147134302
91419,13,-0.2628062360801781
85710,18,-0.0476042314872433
85716,23,0.0
85647,61,-0.1514694800301431
85663,26,0.0095923261390886
91911,36,0.0499001996007983
85728,75,-0.0123456790123457
85883,36,-0.0395841663334667
89938,89,-0.0707482993197278
85751,89,-0.2078431372549019
85656,23,-0.0510083036773427
88183,23,-0.0757439134355274
85763,3,-0.1097262952101661
85744,67,-0.0953436807095343
85753,58,-0.0815409309791331
85768,75,-0.2299239543726234
85724,36,-0.2309958750736592
85738,67,-0.1732566498921639
85770,36,0.0186335403726707
85792,89,-0.0208441896821262
85839,18,-0.0838709677419354
85966,75,-0.1233333333333334
85886,87,-0.1043771043771043
85889,23,-0.1463414634146341
88384,75,-0.1428571428571428
85931,58,-0.1989109545163355
85903,83,-0.1198891198891198
85804,58,-0.0714285714285715
85739,61,0.0287162162162162
88203,36,-0.281293952180028
85963,83,-0.0661991584852734
86003,18,0.0404663923182442
86102,23,-0.010163749294184
86111,83,-0.0011139992573339
87014,36,-0.1302281368821292
85860,36,-0.0843230403800474
85863,67,-0.1193774909850066
87488,36,-0.0476987447698743
32687,89,-0.0882736019494979
85829,76,-0.2349799732977302
87501,36,-0.0999999999999999
87508,23,-0.3689427312775331
88820,23,-0.0849492151431209
89278,75,-0.1544117647058824
89530,23,-0.0123076923076923
88951,36,-0.0046242774566475
90972,23,-0.2481609195402299
80638,59,-0.23125
87538,37,-0.0010526315789474
85939,89,-0.0400572246065809
85951,42,-0.2483443708609272
90603,64,-0.0062578222778473
85953,13,-0.2518531287709016
85980,23,0.0375
86302,23,-0.0983606557377048
87614,36,-0.0734597156398103
89821,36,0.0014619883040936
85992,38,-0.0731297282151862
85972,36,-0.1506791171477078
86047,23,0.0022988505747127
89681,58,0.0280117531831538
90331,75,-0.0526315789473683
90544,90,-0.0939597315436241
86073,74,-0.0215827338129495
86062,24,-0.0592592592592593
86034,61,-0.3314827665972704
86026,19,-0.1049907578558225
86021,36,-0.0862577410793276
86083,8,-0.0828729281767957
86097,18,-0.022260769008384
86051,5,-0.3526383526383525
86113,89,-0.1703703703703704
86048,83,-0.0158311345646438
86196,10,-0.0764973314884365
86128,36,-0.0471281296023564
88341,23,-0.0960099750623441
86211,27,-0.0716959635416667
89279,18,0.0
87404,23,-0.3111638954869359
86150,89,-0.0204081632653062
87318,58,-0.0500403551251009
86157,36,-0.2171628721541156
86158,27,-0.0118203309692671
87067,36,-0.0590433482810165
86249,75,-0.0042613636363636
88836,13,0.0471014492753625
86199,89,-0.1234234234234233
89527,75,-0.3853658536585365
86155,36,0.0557620817843866
86178,83,-0.1348884381338743
86180,16,-0.1357142857142856
89578,30,-0.0693196405648267
86288,58,0.0154357170769832
90221,23,-0.0896358543417367
86228,18,-0.0757575757575758
88257,23,-0.046195652173913
89643,36,-0.0201680672268907
86240,88,-0.0524269965564794
87131,30,-0.0580945003872966
86299,90,0.3500000000000001
86236,87,-0.1347962382445141
86250,18,-0.1221995926680244
88516,90,-0.1543624161073825
86233,75,-0.2614678899082568
86260,36,-0.1604790419161677
86728,75,0.0188679245283018
86312,89,0.03
89419,76,-0.1703539823008848
87160,5,-0.2147806004618938
86322,23,0.0303180914512921
87089,23,0.1209964412811388
86305,89,-0.1192488262910798
86339,58,-0.0635505411006216
88850,76,-0.1373626373626373
86362,3,-0.0933333333333332
90733,75,-0.2356194690265486
86356,3,-0.0447035957240039
88940,83,-0.0892994611239414
86868,36,-0.186456720013767
87658,13,-0.2549575070821529
89109,89,0.011111111111111
91431,56,-0.4020356234096692
86253,89,-0.206581352833638
90914,89,-0.1463759909399774
86435,90,-0.0252100840336134
86432,89,-0.1365918097754294
90163,75,-0.2026578073089701
86534,36,-0.0962176509621766
86489,53,-0.1202770780856423
86544,58,-0.1255230125523013
86525,18,-0.1097560975609757
86531,22,-0.1464133288094429
86526,75,0.2664978002932943
86533,89,0.0339925977330555
87069,58,0.0690245293782085
86573,88,0.001082251082251
86578,37,-0.0122448979591838
90591,28,-0.0817567567567568
87342,17,-0.4860681114551084
86582,23,-0.0962732919254658
86547,22,-0.1839572192513369
89143,58,-0.1569767441860464
91608,30,0.0138461538461538
86560,23,-0.1407528641571195
86583,41,-0.0705035971223021
86719,82,-0.1066506890353505
92094,75,-0.2222222222222221
86709,75,-0.1919770773638969
86715,75,-0.2954545454545455
86595,44,-0.0427350427350426
86717,27,-0.1232041793643882
86720,18,-0.094775212636695
90590,18,-0.1167621776504298
86725,36,-0.0849999999999999
86759,23,-0.2046169989506819
86763,36,-0.0778260869565217
86778,84,-0.0650301464254952
86783,53,-0.1634218411305169
86810,89,-0.1211622807017542
86820,75,-0.015843429636533
86840,36,-0.0474683544303798
86822,89,-0.0433212996389892
86819,90,-0.128125
86827,36,-0.2079922965816081
86799,82,-0.2568988173455978
86830,44,-0.0198659645763522
87039,30,0.0273311897106109
86899,28,-0.0016348773841962
86916,81,-0.1538461538461538
86924,23,-0.1784232365145228
86926,83,-0.1435977190254017
86876,83,-0.2213970758876771
90780,75,-0.3942307692307693
86890,75,-0.1549295774647887
86946,36,-0.0023955283470855
86964,42,-0.1289689836949858
86988,23,-0.0892857142857143
86949,30,-0.1301921884686918
86990,89,-0.1832460732984292
88368,30,-0.2230046948356807
86996,18,-0.0875893093410955
87006,23,-0.1311703360370798
87013,44,0.0213785477331367
87000,5,0.0407331975560081
86965,89,-0.0951776649746193
86977,36,-0.3333333333333333
86979,36,-0.175346392737697
87016,26,-0.065745856353591
87077,42,-0.0768905787917194
87020,23,-0.1531531531531532
87121,36,-0.1541353383458646
90471,75,-0.2536262498239684
87066,27,-0.014629948364888
87075,3,-0.1580594679186229
87084,17,-0.3024662633783154
87056,27,0.0772350853473042
87074,88,-0.0177133655394525
87034,36,-0.1742472773862907
87086,89,-0.1681818181818182
89481,30,-0.2227979274611399
87162,36,-0.0682730923694781
87167,9,-0.1010248901903365
87165,36,-0.1988950276243094
87179,89,-0.1724637681159421
87173,36,-0.095890410958904
87182,89,-0.0783517121300058
87172,89,-0.1772575250836121
89529,75,-0.0596153846153847
87264,10,-0.1621287128712871
87242,5,-0.120682480233042
87261,36,-0.0350553505535053
87236,82,-0.0463320463320462
87267,30,-0.1016085584218513
87345,31,0.1013133208255159
87268,18,-0.1489423355549115
88475,27,-0.0505804311774461
87361,89,-0.0345368916797488
87269,36,0.0103825136612021
87277,23,-0.0658682634730538
87356,23,-0.0699373695198329
87302,31,-0.0531914893617021
90358,89,-0.0992167101827675
87299,36,-0.0938924339106656
87321,90,-0.0935828877005348
87337,47,0.0
87379,44,-0.1224611708482675
89597,63,-0.1222222222222222
87439,23,-0.1315240083507306
87430,66,-0.2896405919661734
90808,27,-0.1504453975585614
87394,28,-0.1493598862019914
87415,89,-0.0147275405007363
87414,23,-0.1238938053097344
87424,24,-0.1101321585903083
87373,36,-0.138157894736842
87510,61,-0.2644202757817051
87445,83,-0.1049642791720095
87496,89,-0.0962389380530972
87494,23,-0.2686567164179105
87498,66,-0.0412517780938833
87487,18,-0.0821917808219178
87492,10,0.0739017125837677
87499,15,-0.0072595281306715
91837,75,-0.1247974068071312
87525,89,-0.1184713375796178
88926,22,-0.1408450704225351
87632,22,-0.1680261011419249
87541,58,-0.0808678500986193
87589,89,-0.0799031476997579
87601,71,-0.2332268370607029
87771,75,-0.2746386333771354
87612,36,-0.0837043633125558
87797,76,-0.1333333333333333
87752,90,-0.3548951048951049
87825,23,-0.2661870503597121
87814,13,-0.2032854209445586
87785,39,-0.2490706319702602
87812,36,-0.0297946196123807
87777,7,-0.03758471965496
87657,28,-0.0552683896620278
87659,18,-0.1197668256491786
87750,75,0.0828402366863905
87827,18,-0.1589693728731162
87789,87,-0.0373425966131133
88207,83,0.0169934640522875
88152,28,-0.1350603621730381
88167,62,0.0338436744560837
88468,23,-0.2048192771084338
88173,36,-0.3236029411764706
88174,5,-0.1546304163126592
88195,36,-0.1959334565619224
88159,58,-0.2700534759358289
90354,13,-0.1435294117647059
90083,83,-0.0448548812664907
88370,36,0.1206896551724137
88246,90,0.0833333333333332
88646,23,0.0689836756187467
88182,89,-0.0123796423658871
88260,30,-0.1139240506329114
91171,89,-0.0432989690721649
23887,30,-0.1842456608811749
89572,5,-0.0867768595041322
88534,36,0.00625
88264,89,-0.1660231660231659
90071,89,-0.0951365187713311
88343,36,-0.1314641744548287
88352,10,-0.0447620546804234
88331,21,0.0708769994484279
91040,42,-0.3522415370539798
88281,36,-0.1358695652173912
88313,23,-0.1780821917808218
88280,89,-0.1425255338904364
88332,89,-0.1666666666666666
88287,44,-0.0534855769230769
88359,30,-0.0518518518518519
88439,27,-0.151595744680851
88417,23,-0.1176470588235295
19675,44,-0.4103975535168195
88457,22,-0.08
88466,81,0.0418851828543458
88485,75,-0.0973451327433627
88421,75,0.0992366412213738
88446,58,-0.2145873320537428
88511,43,-0.0124999999999999
88550,5,0.0118840579710144
88542,78,0.0337078651685394
88504,28,-0.0491918482080113
88497,31,-0.1568627450980392
88545,31,0.0205761316872428
88574,23,-0.0897097625329814
88535,26,-0.2467248908296943
88564,30,-0.0208333333333332
89617,28,-0.0554019566142067
89395,36,-0.1372239747634069
71862,37,-0.1445783132530121
90502,75,-0.2173734046932894
48506,58,-0.012325656827765
88648,22,-0.1486123545210385
88739,9,-0.0840895341802783
88992,23,-0.0855263157894737
90635,89,-0.0630897816122944
88615,89,-0.1046979865771812
88746,75,0.185111111111111
88661,44,-0.0780860903593027
91360,75,-0.03125
88740,75,-0.1484098939929328
88750,89,-0.1071012805587893
88868,44,-0.0448068669527896
89685,58,-0.3005450298468726
88817,88,-0.1689189189189189
89576,90,-0.1826086956521738
89925,71,-0.2625
88792,90,-0.179245283018868
88807,75,-0.1011904761904761
88786,66,-0.1057017543859649
88860,27,-0.2057591623036649
90478,36,-0.1037037037037037
88949,59,0.0948821161587119
88839,58,-0.0343249427917621
90029,6,-0.2249999999999999
88906,36,-0.4276169265033408
88908,23,-0.12248322147651
88892,26,0.0058446601941748
88897,44,-0.2294188861985472
88945,75,-0.2145328719723184
88991,18,-0.3057377049180326
88895,89,-0.3859964093357272
89004,36,-0.1542959964012595
89290,89,-0.021694637740483
89006,67,-0.0411193603655055
89110,28,-0.1189258312020461
88970,75,-0.2172351885098743
90696,81,-0.3306055646481178
89046,36,0.1663405088062621
88994,89,0.0546875
88987,61,-0.0447454844006568
89642,8,-0.0069306930693069
89031,36,-0.0314606741573034
89002,10,-0.007600899261321
89030,75,-0.2265193370165744
89014,89,0.0455806579468884
90176,22,-0.1037931034482757
89167,90,-0.152129817444219
89036,76,-0.092557251908397
89044,67,-0.1888667992047714
89215,23,-0.2722323049001814
89070,18,-0.0599402355422746
90216,75,-0.1262135922330097
89327,27,-0.1233386496544391
90980,8,-0.4490035169988275
90175,50,1.5566666666666666
89413,23,-0.1816958277254373
89203,44,0.0377935027339981
89179,58,0.0312796208530805
90223,28,-0.1264822134387351
89244,42,-0.037508261731659
89204,27,-0.2114412775419446
89312,89,-0.2406417112299466
89269,38,-0.1009720915647538
89168,75,0.0410654827968923
89217,87,-0.0431488801054018
90643,37,-0.3926453143534993
90204,66,-0.1906693711967544
89230,23,-0.2130556668001602
89252,36,-0.2307692307692307
89262,36,-0.1236702127659574
90081,36,-0.097591888466413
91379,61,-0.200464846019756
89297,83,-0.0514809590973202
89353,36,-0.0597701149425287
89321,23,-0.2460526315789473
91015,30,-0.0724489795918368
92174,89,-0.1483516483516483
89919,4,-0.1861111111111111
89409,89,-0.1017597551644988
90192,75,-0.121875
89332,23,-0.1378326996197718
90778,75,-0.2546368521407522
89424,23,-0.1716501650165015
89387,5,-0.0659418243434056
89394,23,-0.1146131805157594
91975,36,-0.2222711267605632
90280,63,-0.1411359724612735
92213,64,-0.1869918699186992
89445,89,-0.6775147928994083
91665,36,-0.1676891615541921
91152,10,-0.1109296755932941
91727,6,-0.2408602150537635
89753,75,-0.2103929024081114
89471,37,0.0212121212121212
89453,31,-0.2278846153846153
89932,67,-0.0476889214966984
89407,23,-0.2944983818770226
91269,75,-0.2264150943396227
89406,3,-0.2354456465739309
89626,36,-0.0775681716082659
89443,89,-0.0031736872475476
89916,6,0.0836065573770492
89636,89,-0.2278136688201292
89533,19,-0.2562047569803516
90601,89,-0.0232165470662727
89482,89,-0.0454928390901431
90313,23,-0.0578842315369261
89941,69,-0.3978641840087624
89484,75,-0.1093750000000001
90067,89,0.0217391304347827
89876,3,-0.0126091173617847
89653,89,-0.144108280254777
89826,27,-0.1098558628749513
89574,27,-0.1491863804184329
89546,36,-0.0123171670515781
89509,83,-0.2164861443240961
89549,36,-0.1777777777777777
89573,36,-0.036734693877551
89620,75,0.0
90436,58,-0.0970588235294117
90492,36,-0.2958579881656804
16852,75,0.0393700787401574
89781,37,-0.1970878835153406
89699,3,-0.0486577181208053
90874,44,-0.1160655737704917
89698,26,-0.3498098859315589
89644,83,-0.0390686661404893
89796,89,-0.1632653061224489
89793,89,-0.1917317708333333
89741,75,0.1276153732007716
89800,83,-0.0693745506829618
89850,58,-0.1439749608763693
89770,86,-0.1034482758620689
89799,89,-0.0581765557163531
89798,90,-0.0578231292517006
90080,89,-0.0849150849150849
90007,89,-0.0088945362134689
90716,16,-0.196660482374768
89901,23,-0.255359796221609
89866,3,-0.05625
89889,89,-0.1678321678321678
89964,9,-0.0218749999999998
89922,23,-0.1513859275053305
89913,31,-0.0869939707149008
90400,61,0.0052666227781434
89905,18,-0.0475206611570246
91086,8,-0.2337811900191938
89973,36,-0.0666208791208792
89971,50,-0.096668956043956
90503,36,-0.1124137931034483
91077,8,0.1524500907441015
90038,89,0.0179129940290019
90020,23,-0.1668726823238565
91354,88,0.0126182965299683
90078,36,0.1084905660377357
89952,58,-0.1167834942467926
89904,10,-0.0296933311698849
89960,31,-0.2654179990863409
90052,42,-0.2149196449988006
90088,87,-0.1550695825049702
90129,5,-0.1578947368421052
90333,18,-0.0912052117263843
90006,37,-0.3057644110275689
90085,58,-0.0033812341504649
90126,75,0.0263157894736842
90490,89,-0.0820512820512819
91977,44,-0.0840197693574958
90273,75,-0.2060301507537688
90210,83,-0.0388628064684403
90248,50,-0.0173097728092318
91901,89,-0.021868787276342
90232,36,0.047819232790331
90425,36,-0.257328990228013
90110,89,-0.1991341991341991
90275,23,-0.1187536743092299
90700,13,-0.260593220338983
90319,88,-0.0479148902722976
90533,6,-0.3484848484848485
90708,67,-0.053972510895072
90325,75,-0.146153846153846
90427,28,-0.0755244755244755
90292,76,-0.2415584415584416
90447,37,-0.0464135021097047
90614,30,-0.1196388261851015
90288,75,3.7119009154550353
90466,23,-0.3571428571428572
90299,84,-0.0503703703703704
90227,67,-0.1042337212181233
90314,64,-0.086230876216968
90353,83,-0.1384698275862068
90515,36,-0.0732292917166866
92132,61,-0.0835089995135397
90421,67,-0.0128068303094983
90423,26,0.06
90312,10,-0.2539717083786724
90536,36,-0.0800915331807781
90090,3,-0.1420352391226177
91400,36,-0.0031897926634768
19721,89,-0.1745260087506076
90901,75,-0.1886792452830189
90411,23,-0.1508771929824561
90538,23,-0.411275415896488
90455,23,-0.1939825811559778
90274,67,-0.0559610705596108
90535,58,-0.0113275940190303
90249,89,-0.1090342679127726
90444,23,-0.0518867924528303
90404,89,-0.1509754028837997
90416,89,-0.0052151238591916
90833,3,-0.0832171083217109
90371,89,-0.1370558375634518
90491,89,-0.0985915492957746
90493,42,-0.1196172248803826
90488,45,-0.3333333333333333
90487,82,-0.0454545454545454
90496,23,-0.3160377358490567
90489,22,0.0679611650485436
90568,42,-0.1603773584905661
90505,39,-0.1767232123684775
90600,36,0.0114416475972538
90637,23,0.0115830115830117
90718,76,-0.1410090556274257
90540,58,-0.0397553516819572
90417,89,-0.1304347826086955
90409,89,-0.0207612456747404
90548,75,-0.1406649616368287
90803,58,-0.0554683411826267
90964,75,-0.5317647058823529
90520,27,-0.3080195703041906
90440,58,-0.188787185354691
90564,67,-0.1597028783658308
90605,89,-0.1508817766165905
90550,23,-0.1833333333333333
90569,3,-0.0972947318462269
90558,18,-0.2623951182303584
90734,76,-0.1461461461461461
90547,36,-0.4650740852736619
91500,44,-0.1522157996146435
90482,36,-0.2318271119842828
90494,27,-0.2442127215849844
90948,23,0.1320754716981131
90711,36,-0.0135275754422475
90634,87,-0.0507757404795485
90672,23,-0.2129983615510648
91018,83,-0.1390765765765766
90664,63,-0.0024937655860348
90742,42,-0.2517263025737601
84553,90,-0.2452316076294277
90849,10,-0.3394117647058824
90720,75,-0.3419689119170984
90636,76,-0.0264483627204029
91114,58,-0.2293108636773998
86165,75,-0.3782271944922547
90993,18,0.0026282323018227
90763,18,0.0056
90665,63,0.0097014925373133
90735,23,-0.1770091556459817
90786,3,0.0233941316415544
90730,89,-0.061427280939476
90885,23,-0.1466666666666666
90752,7,-0.1287726358148893
90824,18,-0.1121919584954604
90732,3,-0.2570071258907364
90792,36,-0.197867298578199
91605,90,-0.1125703564727955
90789,3,-0.0790715971675846
90791,89,-0.0108611326609775
90856,6,-0.0506822612085769
90871,67,-0.1890359168241966
90867,44,-0.07
90984,6,-0.2605932203389829
90776,36,-0.1001642036124793
90722,28,0.008230452674897
90814,84,-0.103460972017673
90779,30,-0.3401506996770721
90829,5,-0.3248153214774282
90831,67,-0.0452296819787986
90863,75,-0.1794871794871794
90775,42,0.1288791529755386
90966,23,-0.240043057050592
90868,89,0.0152671755725191
90795,89,-0.2670454545454545
91141,37,0.0500927643784785
90805,3,-0.1102175969725639
90952,58,-0.1220020855057351
90961,23,-0.0038314176245209
90862,75,6.777777777777778
91033,89,-0.2215513237343241
92227,36,0.1683168316831684
91286,58,-0.2307692307692308
90971,10,-0.0956146657081236
91032,89,-0.1629273504273504
90956,23,-0.2703363914373089
91594,36,-0.0494636471990466
90825,89,-0.3005865102639297
90926,30,-0.2757201646090536
90870,67,-0.0274678111587982
90963,18,-0.0669031931069437
90940,3,-0.1461828141047586
91349,39,-0.0332889480692409
90951,37,-0.3104265402843601
90900,87,-0.0991803278688523
90896,61,-0.2198019801980197
90957,43,0.1343121261555191
90958,30,-0.2916076339694974
91356,89,-0.0962521294718909
90988,36,-0.2216014897579143
90989,89,-0.182532751091703
91282,75,-0.2892156862745099
91020,36,-0.0146484375
92044,44,-0.0758483033932134
91090,62,-0.135450894487039
90978,23,-0.426241134751773
90979,51,-0.0627998871013265
90969,84,-0.0945945945945946
91967,75,-0.130718954248366
90910,58,-0.0034870205346764
90925,9,-0.1065332548557974
91075,31,-0.1600218459858
91083,76,-0.0621621621621621
91408,89,-0.1693548387096773
91891,61,-0.3105134474327627
91073,61,-0.2855504587155963
91063,27,-0.1969320066334992
91192,23,-0.12
91507,42,-0.0554502369668247
84185,73,-0.1055555555555555
91041,30,-0.1340540540540541
91515,75,-0.1894594594594594
91099,89,-0.097709923664122
91080,89,-0.1935483870967742
91752,75,-0.0606060606060606
91068,50,-0.0332513961132207
91096,89,-0.1280931586608442
91088,4,-0.1491228070175437
79519,15,-0.2784256559766763
89003,18,-0.1369765791341376
91603,10,-0.079785035138487
91100,61,-0.2551686615886833
91176,58,-0.05
91095,21,0.3362499999999999
91151,38,-0.0322040987034712
91143,36,-0.1480938416422288
91428,75,-0.202127659574468
91234,75,0.0689655172413794
91627,61,-0.1689587426326129
91201,75,-0.1250000000000001
91348,23,-0.1660079051383398
91237,61,-0.2817679558011049
91215,42,-0.2390276839972991
91401,75,-0.1888888888888888
91267,75,-0.009009009009009
91359,23,-0.1933333333333333
91395,90,-0.0231660231660232
91366,27,-0.0828424153166421
91358,59,-0.0244874715261959
91350,89,-0.4349206349206349
92088,75,-0.1935483870967741
91167,76,0.0433244916003536
91363,36,-0.2977528089887641
91463,44,0.0928929519315837
91371,44,-0.0106844741235392
91491,61,-0.2312703583061889
91406,89,-0.0444444444444444
89863,74,-0.002079002079002
91283,75,-0.2549019607843137
91522,23,-0.1563786008230454
91472,75,-0.1563876651982378
91579,58,-0.2136439267886856
91514,36,-0.0466278101582015
91485,22,-0.1945117029862793
91498,36,0.0722135007849293
91503,27,-0.1177304964539007
91446,75,0.0434782608695651
91391,58,-0.0826771653543306
91432,58,0.0343007915567281
91614,44,-0.0415765440999759
91468,89,-0.1702690780767535
91434,23,-0.0429906542056074
91392,27,-0.1222290640394087
91413,82,-0.1307662981319099
85208,3,-0.0910844406343763
91618,36,0.1283185840707965
91659,28,0.0038338658146965
91355,89,-0.1444241316270567
91405,36,-0.1066666666666665
91493,17,-0.0955616903801231
91407,23,-0.0770101925254812
91397,89,-0.0449037776193869
92093,75,-0.0666666666666666
91461,89,-0.074455205811138
92226,23,0.1547987616099071
91416,3,-0.124299719887955
91486,50,-0.2325754752143123
91611,23,-0.3677735547109422
91742,23,0.1526717557251908
91615,75,-0.1903881700554529
92054,5,-0.3118279569892473
91612,90,-0.5001833068556765
88434,8,0.0276967930029152
91622,36,-0.0670640834575261
91501,18,-0.0178156467854376
91625,87,-0.0790123456790122
90077,81,-0.2606614785992217
91516,18,-0.1447727837099579
91683,21,-0.0177514792899406
91623,36,-0.2690058479532163
91578,90,-0.0574162679425838
91668,61,-0.2507761296998965
91613,90,-0.1193633952254642
91610,36,-0.1887905604719764
91571,58,-0.146098505810736
91616,33,-0.3333333333333333
91598,30,-0.2392055267702936
91619,23,0.062992125984252
91667,37,-0.0489642184557439
91630,75,-0.3436426116838489
91658,28,-0.2545103092783505
91678,87,-0.0367965367965368
91754,75,-0.1846153846153846
91675,89,-0.1303930968360498
91650,58,-0.0554485945321524
91957,75,-0.2510288065843622
91654,37,-0.0889830508474576
92035,8,-0.1543726235741446
91741,90,-0.0250481695568401
91743,89,-0.0220532319391635
91661,75,-0.3880913156036714
91883,59,-0.0432061068702289
91736,18,-0.0138996138996139
91822,36,0.0239943542695835
91899,5,-0.0311368573497465
91825,23,-0.21875
91907,27,-0.0864017499088589
91836,75,-0.0961538461538461
91688,76,0.0433360588716271
91692,44,-0.260575296108291
91826,8,-0.1977848101265822
91824,22,0.3909547738693468
92232,8,-0.2760975609756098
91814,23,-0.1882591093117409
91959,36,-0.0715547703180212
91854,13,-0.151269920318725
91956,36,0.0602094240837696
91968,76,-0.0823927765237019
92091,23,-0.3590361445783132
91900,39,-0.3081967213114754
91905,27,-0.1375
91909,87,-0.0557939914163091
92101,86,-0.1739130434782608
92210,67,0.0350128095644746
91915,38,-0.0988066825775656
91979,83,-0.2253800396563119
92046,75,-0.5505050505050505
92052,89,-0.1064162754303599
92207,18,-0.2865329512893982
38755,44,-0.236480686695279
92018,30,-0.1042713567839196
92050,67,-0.1270022883295194
92038,23,-0.2828685258964144
92095,36,0.0272787757817698
92096,52,-0.0324084868267661
92195,36,-0.0497448979591836
92201,18,-0.0258461538461538
92097,23,-0.0597609561752987
92021,44,-0.1389599317988065
86812,9,0.0136986301369863
92150,37,-0.1830065359477124
92087,22,0.1241379310344827
92105,26,-0.1674718196457326
92143,44,-0.187263556116015
92130,4,-0.1498913830557567
92102,36,0.057680250783699
92229,27,-0.1629676601141407
92220,36,-0.1232265910012161
92177,23,-0.1120218579234972
92239,61,-0.181828637147786
92184,89,-0.0312287847929396
92188,87,-0.1884244372990353
92172,83,-0.2249752229930623
92198,89,-0.0387736699729486
92183,23,-0.1456692913385827
92243,76,0.061393152302243
92221,44,-0.2022855446720094
92257,10,-0.1481559983043663
92223,75,-0.1857142857142857
89756,71,-0.3675364882795223
91136,75,-0.1859866048428644
91365,13,-0.1136186770428014
10258,75,-0.267628205128205
79678,89,0.0042194092827005
82526,2,-0.1792294807370182
87078,9,0.0036201615148985
91161,84,-0.1164772727272727
90183,47,-0.1784338896020538
91892,75,-0.2741433021806853
92185,82,-0.0337126905733304
91021,23,-0.1060606060606059
90199,89,-0.1121372031662268
90272,44,-0.1712851843770456
90276,18,-0.1106230031948881
90178,75,-0.0587392550143266
90188,23,-0.2959141560049526
90241,89,-0.0341685649202732
90187,36,-0.0914241565799638
90164,90,-0.1953278919223191
90233,42,-0.3203309692671395
90097,37,-0.2380106571936057
90200,38,-0.126226012793177
90207,74,-0.0979054268486194
91609,89,-0.0892531876138433
90399,4,-0.179591836734694
92155,15,-0.5344827586206896
91412,75,-0.4029850746268657
54594,18,-0.2933446375582873
13056,67,-0.1281809613572101
14526,23,-0.0851970181043664
11581,89,-0.016434262948207
15203,89,-0.1945848684774227
16126,3,-0.1808578068878089
16249,30,-0.0921501706484642
17137,83,-0.06
85914,23,-0.0894880812817506
20670,83,0.0629139072847682
64899,88,-0.0908632004038363
23660,67,-0.1200750469043151
23975,3,-0.110872367855608
82542,89,-0.158183241973375
30680,76,-0.1906382978723404
56274,58,-0.0081900081900082
31668,89,0.0115384615384614
32046,84,-0.0662609871534819
47511,18,-0.1770636420919974
53866,44,-0.0473871511519011
60628,89,-0.1402439024390243
57330,36,-0.0182186234817814
37875,58,-0.1781686964366261
20765,36,0.0089887640449437
17144,36,0.015299393299921
39328,31,-0.0529396194229582
41452,3,-0.1632245169886741
89888,75,-0.1193595342066958
84226,36,-0.0922098569157392
86804,36,-0.2437538086532602
64020,30,-0.098901098901099
51423,36,0.0173824130879345
67002,22,-0.0827389443651925
52090,83,-0.0341075538815652
53613,37,-0.1472081218274111
54114,18,-0.1011575239053851
55213,89,-0.1404561824729892
57665,3,-0.0131563762261973
91205,23,-0.2745098039215686
35107,89,-0.1365656565656565
61621,89,-0.0226093402520385
51692,21,-0.0842696629213483
64742,36,-0.1760135135135134
65307,58,-0.1026871401151632
66852,42,-0.0166184971098266
46922,30,-0.1090909090909091
67193,10,-0.2776274713839749
77354,18,0.0097262247838616
69199,89,-0.068530701754386
38850,90,-0.1254578754578753
72486,89,-0.0770694576593721
44951,90,-0.1643663739021329
74500,42,-0.0162412993039441
74740,27,0.1060606060606061
65752,83,-0.1587810745789896
40694,89,-0.1086773378264532
65306,67,-0.1253379683275396
92874,36,0.0391644908616188
81294,83,-0.0315994166261545
19502,82,-0.0658903720533938
81614,84,0.1203911183540435
51086,23,-0.1184713375796178
83601,18,-0.1403076923076922
62042,23,-0.0636363636363636
21785,82,-0.0968309859154928
10044,89,-0.0466054223616402
10104,83,0.0238688991806197
75510,36,-0.0423930269413628
70092,75,-0.1107738998482548
75033,89,-0.1435257410296412
12211,3,-0.1350482315112541
75434,33,-0.1255813953488372
80297,23,-0.1597368421052633
75976,83,0.0005760368663594
77488,27,-0.0881458966565349
76858,90,-0.0483383685800604
76568,36,-0.2373247033441207
76605,5,0.0397068403908795
76752,36,-0.1570605187319884
77478,23,-0.2584033613445378
79580,75,-0.3854748603351955
77637,3,-0.2016806722689075
77669,5,-0.0054726368159205
79094,83,0.0557863501483677
87055,3,0.0457091927680162
79866,89,-0.1919191919191919
80032,23,-0.0673530673530673
80719,6,-0.3296892980437284
80763,30,-0.0799999999999999
81138,36,-0.1540843566470903
91364,37,0.1333333333333335
81655,83,-0.1112266112266112
82777,3,-0.0844819198962218
83148,89,-0.1058823529411764
83597,3,0.0121729237770191
20598,58,-0.0320295657530027
89508,27,-0.151547491995731
84746,61,-0.2142857142857144
84785,38,0.0778210116731519
85040,59,-0.0399504490554351
85982,36,-0.0327683615819209
85272,90,-0.1875
85394,50,-0.0479682248701496
85796,89,-0.2379227053140096
87092,5,0.0004468275245754
87184,27,0.0687910976226606
87214,15,-0.1882086167800454
88193,27,-0.1724137931034483
88668,89,-0.128971420281445
88841,23,-0.0650095602294456
88873,58,-0.118699541784857
89216,58,-0.2172024326672459
89900,58,-0.0053151100987092
90739,75,0.0408333333333332
90386,67,-0.3115422465907492
90992,83,-0.0358293594535378
92121,10,-0.0882352941176469
92214,36,-0.0060790273556231
90179,89,-0.0875
11157,30,-0.1861837609492451
47730,89,-0.0675146771037182
13777,3,-0.1027227722772277
38746,75,-0.0081718963165074
60871,58,-0.0536038764385221
14198,18,-0.0829967689822295
14702,36,-0.0852473498233215
15537,18,-0.0666666666666666
68830,67,0.0205562273276904
49373,36,-0.1197089947089946
18570,58,-0.102015113350126
18973,89,-0.0389090909090908
19271,82,-0.0807881773399015
29938,67,-0.0314949408579166
10866,23,-0.1348724179829891
20248,75,-0.2848904267589388
25320,89,0.0156887354879196
21726,83,-0.2189473684210526
21742,27,-0.03
11267,83,-0.1111111111111111
86474,36,-0.1025
22753,76,-0.1798107255520504
22825,27,-0.1528279181708783
26201,30,0.0089798850574711
65541,42,0.0515477613923212
27562,18,-0.0550047214353163
27677,89,-0.0920910075839652
27909,58,-0.0093786635404454
63546,90,0.0854700854700856
49154,58,-0.0508999419392297
19350,83,-0.2010640930462757
49429,50,-0.0605012964563527
61313,3,-0.070871481858257
80971,23,-0.0231092436974789
12008,27,-0.1607240811848601
31500,36,-0.087668988119623
33209,90,-0.1198630136986301
50788,27,-0.3114623455970249
77462,3,0.0142581888246628
37058,36,-0.1333333333333333
62228,44,-0.1852913085004777
83233,18,-0.23218761188686
32678,83,-0.0968451944240645
23077,67,-0.0410334346504559
27828,23,-0.1375336150595467
66181,28,-0.0152786099460756
32870,36,-0.0213690691778341
42922,67,-0.2656477438136827
12503,89,-0.2241545893719807
89757,36,-0.039572549674403
47571,76,-0.0486486486486485
16678,18,-0.0679117147707978
48291,61,-0.070298769771529
48347,28,-0.1579545454545454
64282,10,0.0204027556968733
27617,89,-0.0774647887323943
60097,36,-0.0521813515825491
52813,67,-0.1403038427167113
60548,89,-0.1342078708375378
53197,89,-0.2395087001023541
56777,89,-0.0418326693227091
57809,36,-0.0947608200455579
57817,38,0.0048394192696876
79611,18,-0.1148255813953488
59185,18,-0.0392967942088935
34948,10,-0.0424343941931882
60709,5,-0.0837172774869109
35051,3,-0.1707412477997262
18403,89,0.0056327450244086
35238,18,-0.001012145748988
13936,44,-0.1263126312631262
49971,18,-0.0650485436893203
64785,89,-0.0183220829315332
62033,10,-0.1128290079145959
91556,10,0.0279555845852383
50948,83,-0.0107829348335676
70923,83,-0.1104014598540146
42585,83,0.011097239561659
72005,75,-0.2727272727272727
76081,36,-0.0035987404408457
60580,67,-0.0971229613340662
37807,67,-0.0334468875812944
80179,23,-0.058968058968059
80857,36,-0.0435477427087495
59627,23,-0.375
55976,18,-0.024252679075014
82924,67,-0.0895675343308054
83011,27,-0.0700694654183026
15456,38,-0.0373742213703881
79672,74,-0.3014705882352941
40539,27,0.0155620651775907
10025,89,-0.1835233541743288
10182,83,-0.0817757009345794
10259,23,-0.0272952853598015
10501,36,-0.2364438839848676
77420,89,-0.0689956331877729
10514,58,-0.05
10659,36,-0.0904150197628458
10645,89,0.0012836970474967
75527,82,-0.2703349282296651
89105,38,-0.252486518873577
11132,58,-0.0205278592375367
71837,67,-0.0517760385310054
11154,9,-0.2291021671826625
11343,89,0.2117346938775508
11379,63,-0.1026252983293557
11174,42,-0.0342762063227953
75100,10,-0.1548082267926624
11081,58,-0.0487722838883282
89609,30,0.1346633416458853
12266,81,-0.2269503546099289
75489,76,-0.0976933514246947
11839,89,0.0229191797346202
75905,59,-0.1910828025477707
76052,89,-0.2096597145993413
76076,76,-0.0108487555839182
84184,64,-0.216867469879518
76671,3,-0.03097157403479
76217,27,-0.111111111111111
77007,86,-0.3773087071240105
76839,59,-0.0806549423893268
76847,74,-0.2910128388017118
77045,18,-0.018151815181518
77501,37,-0.2182006204756981
77530,89,-0.1172316384180791
77584,67,-0.0238578680203045
77699,75,-0.2882203389830508
77830,5,0.1995715815780079
77862,18,-0.1770573566084787
78216,8,-0.0422077922077921
78034,18,-0.0201916495550992
78050,75,-0.1111111111111111
78200,28,-0.0507900677200902
78881,44,0.0039020929407591
78975,3,-0.0383133995540239
79007,3,-0.0675622283682337
78963,27,-0.1788793103448276
79195,3,-0.1818973020017406
79307,6,-0.1127596439169138
79411,38,0.0111427216690374
79667,23,-0.1131934032983508
79881,89,-0.1476599808978033
79922,75,-0.0816326530612243
79797,9,-0.1436973180076628
80114,23,-0.1549636803874091
80274,36,-0.2041198501872659
80233,89,-0.1099585062240664
80432,36,0.0587172538392051
80544,3,-0.0910331384015593
80592,43,-0.0258257203092059
81165,42,-0.3337299226650803
81212,5,-0.125
82598,67,-0.0980861244019137
83399,89,-0.1402631578947368
83391,36,-0.1216931216931217
83333,36,-0.0392883617494439
83704,75,0.038647342995169
83808,76,-0.0008771929824561
83822,18,-0.1647610671357373
83896,75,-0.1569662921348315
83976,27,-0.0322276371639679
84084,10,-0.0950347036839296
84275,38,-0.0892549791000738
84255,89,-0.0203562340966921
84416,75,0.1792452830188677
84588,89,-0.0652980460054415
84519,37,-0.0849673202614379
85019,58,-0.1851851851851851
85390,31,0.0841099720410065
85464,89,-0.083623693379791
86189,75,-0.2502628811777077
89606,36,-0.2293577981651375
86580,89,-0.0601051840721262
86594,18,-0.2503075030750308
91014,36,-0.1363636363636363
86881,23,0.1162790697674418
86959,23,-0.0943396226415095
89416,76,0.0
87255,28,-0.1188679245283018
87343,35,0.0500290866783013
87390,17,-0.0498374864572048
87432,67,-0.1524274477895307
87377,23,-0.0544959128065394
90640,23,-0.1091703056768559
88172,5,-0.2497249724972496
88458,88,-0.2369565217391304
89208,26,-0.106090373280943
89301,89,-0.0346844964479732
89397,36,-0.0801259622113366
89447,28,0.026
89452,17,-0.2447129909365558
89540,27,-0.0475377170509536
89908,74,0.2530541012216403
90215,42,-0.1123883495145631
90387,76,-0.0885714285714286
90679,17,-0.5931558935361216
90657,5,-0.0056785917092559
90715,28,-0.0530016224986477
90807,61,0.0119198579761603
91547,36,-0.2126666666666666
76020,5,-0.0110091743119267
91733,58,-0.017794836008374
91888,50,-0.0196905766526018
92203,5,-0.1103599488397588
48020,23,-0.2028985507246375
77186,61,-0.0789473684210525
91964,90,-0.2875989445910289
