firms,clusters,mom1
54594,76,-0.1089724607639918
14526,36,-0.1004962779156326
11581,76,-0.1344800625488662
15203,75,-0.0681395348837209
16126,36,-0.1139187197304696
17137,75,-0.1728603603603604
20670,85,-0.3045859000684462
64899,24,-0.1493880861891285
23660,27,0.0215989684074791
82542,76,0.0856197288352726
30680,36,-0.2278773857721225
56274,90,-0.1302794022092268
31668,85,-0.1866666666666666
47511,76,-0.0822596630327057
60628,76,-0.1856856758320662
37875,76,-0.1948131509087196
17144,36,-0.0394404507480086
41452,6,-0.0721527777777777
64020,20,-0.096551724137931
52090,9,0.0134441124894459
53613,42,-0.224679029957204
54114,28,-0.0857805255023183
57665,24,-0.1217123989525218
35107,36,-0.0917933130699087
61621,6,0.0175542640256198
51692,55,-0.3606792369610763
64742,9,-0.0626865671641792
65307,24,-0.1175597691673535
66852,85,-0.1316239316239316
46922,63,-0.1637554585152838
77354,36,-0.1702607823470411
74500,36,-0.0077941206554426
74740,85,-0.0535952177625961
65306,28,0.0041105419591476
81294,9,-0.0708469539375927
19502,75,-0.0789621056561508
51086,28,-0.0913203279615492
83601,76,-0.1492648891103912
10044,36,-0.0294715447154471
10104,28,-0.0854870775347912
75510,10,-0.0634399654278305
70092,28,-0.0301042068699344
75033,85,-0.1811926605504588
12211,76,-0.0661176470588236
80297,15,0.0055865921787709
75976,76,-0.0710517639301021
77488,28,-0.0568353474320241
76752,28,-0.1019513264634948
77637,28,0.0908453174324799
79094,28,-0.1860311155246607
87055,9,-0.0242332912475053
79866,76,-0.1100337268128162
80719,85,-0.234168308471714
81655,9,-0.0108843537414966
82777,76,-0.1552898983861328
83148,85,-0.0561370123691722
83597,6,0.0084460434262516
20598,36,-0.0994891753831184
89508,28,0.005394297456974
85040,27,0.1127385707944961
85982,41,0.0175294439879485
85272,75,0.09375
85394,90,-0.1874268516970406
85796,24,-0.0722961249277038
87214,36,-0.2337837837837838
88841,76,-0.0442092154420921
89216,90,-0.1548554636779882
89900,41,-0.196236559139785
12488,90,-0.0436241610738254
90179,24,-0.0851996105160661
47730,76,-0.045298920200158
13777,24,-0.0216216216216216
38746,85,-0.075268817204301
60871,6,-0.1687887130075704
14702,9,-0.1220785114590424
15537,6,0.0235811350919263
68830,41,-0.2016329428470004
85631,10,-0.0970765334674523
85914,6,-0.1577744926757155
49373,76,-0.0352811466372657
18973,9,-0.0510350481656077
19271,43,0.0101010101010101
29938,90,-0.0590822179732313
10866,85,-0.2809759817003431
25320,90,-0.0615146032566553
21742,24,-0.0247072894063248
11267,75,-0.1827176781002638
86474,3,0.0303830911492732
22825,36,-0.0029010733971569
26201,36,-0.1011474713132172
65541,9,0.0271454184897412
27562,76,-0.0690411835343616
27909,90,-0.1603313840155945
49154,24,0.0391371738568846
19350,6,-0.1537161142305139
49429,36,-0.1722425127830533
61313,28,-0.1137467314157638
30737,2,-0.1176470588235293
12008,75,0.0520266182698123
31500,76,-0.080586961751263
33209,75,-0.0720461095100865
77462,75,-0.1261682242990653
62228,41,-0.070539419087137
59010,36,-0.2837423312883435
21055,85,0.0037937960276723
83233,36,-0.1032388663967612
32678,6,0.1521842130199944
27828,36,-0.0636591478696741
66181,9,-0.0679920962199311
32870,36,-0.0112669003505256
42922,24,-0.1085685227561656
12503,28,-0.0887521968365554
47571,36,-0.0384487916535939
16678,90,-0.1152055857253685
48347,24,-0.0185975609756097
64282,44,-0.1240249609984399
27617,85,-0.0489130434782607
60097,76,0.0424501745298953
53197,85,-0.1653676719756015
14696,60,-0.1895017793594307
57809,28,-0.1392942788626241
57817,85,-0.2369575816674792
79611,28,-0.2774193548387096
59185,36,-0.0760767054385412
34948,24,-0.1423067661931134
13936,24,-0.3395612574958325
64785,36,-0.0395232120451694
62033,9,-0.158314058082755
91556,6,-0.0478189637517919
50948,6,-0.2606274364210136
42585,36,-0.0087254342330587
76081,85,-0.2160315773493244
60580,76,-0.1092276144907724
80179,28,0.0535637149028078
80857,76,-0.0987066031313818
59627,76,-0.0884955752212388
81190,75,-0.1033057851239669
55976,28,-0.0136133800077791
82924,85,-0.0952793417063663
83011,76,0.0232639496239286
15456,36,-0.3121831847579094
40539,90,-0.0836370262390671
10182,9,-0.1497045305318449
10501,76,-0.1939286111419994
70228,76,-0.0874015748031495
10514,55,-0.1544015551235767
10645,76,-0.0386130811662727
13656,44,-0.0267857142857143
71837,76,-0.0271929824561404
11154,36,-0.1316916488222698
11343,9,-0.0983973488096022
11379,44,-0.2037914691943128
11174,19,-0.1307420494699647
75100,28,-0.1735299573363011
12266,63,-0.1878914405010437
12146,3,0.0308370044052863
13628,10,-0.0073432864854349
14609,75,-0.1748878923766815
13957,28,-0.0919238345370977
14182,10,-0.0729974542655851
14141,24,0.0238825883922613
14231,46,0.1030956602559518
14296,16,-0.0688888888888888
75905,36,-0.4037079953650058
76052,24,0.0044642857142855
14544,85,-0.293546544831525
15145,28,-0.1032977691561591
14939,10,-0.1367344593818223
76076,6,-0.0700625558534405
79315,2,0.0519480519480519
90751,36,-0.1869662921348315
77007,2,0.1842105263157893
76839,85,-0.1937499999999999
77357,27,-0.0383217707300957
77516,20,-0.3546012269938651
77584,75,-0.1856060606060605
77606,9,-0.3063291139240506
77699,55,3.541984732824427
78034,75,-0.0375457875457875
78975,10,-0.0247350832470325
78990,20,-0.4273127753303964
79007,9,-0.2795849691531126
78963,2,-0.0371428571428571
79307,75,-0.2937062937062936
79881,36,-0.2441977800201816
80114,30,-0.0666666666666666
80274,2,-0.1277372262773722
80233,85,-0.1807387862796834
80320,6,0.0617944147355913
93397,76,-0.1703152364273205
80432,9,-0.2682926829268294
81165,36,-0.032171581769437
81481,9,-0.087077641984184
15014,24,-0.1249120337790288
82598,83,-0.1873713109128345
88988,44,-0.0926966292134832
83399,25,-0.1497975708502025
83391,75,0.3799999999999999
83822,76,-0.2061855670103092
83976,83,-0.4212111073937772
84084,75,0.0685990338164252
84275,2,-0.2143962848297212
84255,2,-0.0451127819548872
84588,24,-0.0600393681433528
84519,6,-0.089155370177268
12493,28,-0.0783016855131213
85390,24,-0.1786917213260059
13687,67,-0.202042920063724
89606,44,-0.148223350253807
86580,16,-0.2516021546961325
86594,28,-0.0837941301573799
89416,36,-0.0999664542099966
87432,9,-0.145859872611465
89301,2,-0.1236994219653179
89397,28,-0.060274879947011
89447,28,-0.0872560275545349
89449,2,-0.314625850340136
89540,85,-0.0672972972972973
89908,31,-0.3061461151913414
90215,27,-0.0843060729176853
90387,85,-0.1767241379310344
90679,76,-0.1358267716535434
90371,60,-0.0999999999999999
90715,9,-0.2572286894479909
13521,90,-0.1559139784946236
13511,84,-0.1956757625688221
91733,42,-0.0555717619603267
92203,46,-0.0610150801806022
92257,10,-0.1330034781756723
92322,27,-0.0447017294772843
92471,28,-0.027906976744186
92635,36,-0.0723684210526315
93373,2,-0.1820652173913044
12363,36,-0.1083061889250814
12915,29,-0.3111175365042649
13399,24,-0.336734693877551
13181,6,-0.056150234741784
91964,63,-0.2122302158273381
21020,85,-0.203335283791691
11499,85,0.1404639175257731
81912,76,-0.0931943592887798
27991,28,-0.0142752178020363
10517,27,-0.0436344047405279
20482,9,-0.0431121166415284
60038,76,-0.0333817126269957
10779,85,-0.0246913580246912
61487,85,-0.0580912863070539
61241,47,-0.0079623597538907
28222,28,-0.0106904616691997
11368,41,0.0076740740740741
28804,36,-0.059773828756058
11587,27,0.00364775
11691,76,-0.1360767482958849
11790,85,-0.0723542116630669
10145,28,-0.0536773599032425
45911,76,-0.2443864821955093
28484,24,-0.1288209606986899
81073,76,-0.0132647583336077
93330,83,-0.1184280542196679
12758,24,-0.0244222258646122
24109,28,0.0066627703097603
59176,6,-0.0214962040433337
13507,36,0.0007061523523699
13769,76,0.0118279569892472
11144,36,-0.156289707750953
85257,28,-0.0712260406033798
14008,76,-0.0703770315426594
18075,2,0.4596273291925465
83112,36,-0.1691131498470948
39490,75,-0.2078395624430263
14593,28,-0.1275725818507997
14761,85,0.013903743315508
10516,76,-0.1408071748878924
77595,76,-0.1796465968586387
29209,28,-0.2585492841083896
24272,85,-0.0702843660747547
15457,85,0.219856028794241
44644,28,-0.0259748159863737
44601,28,-0.0595571622232263
27684,24,-0.1598436535692243
40416,90,0.1823899371069182
53110,36,-0.0483056957462149
10318,28,-0.1065904836961876
57568,85,0.0241908575241909
16505,28,-0.0953041067405995
16548,76,-0.0815731973780043
49656,76,-0.1403544099879178
39693,24,-0.070118662351672
27887,28,-0.037483617300131
29612,24,-0.0935935935935935
39642,28,-0.0303232105041452
17444,76,-0.2878392193533695
65875,76,-0.0496590312991781
17778,28,-0.0861941675895164
61508,6,-0.0146497117246797
61946,24,0.0472787245739416
19561,42,-0.0955281050597051
52230,24,-0.1357706555000806
12437,36,-0.1871049304677623
17961,44,-0.2295081967213114
19393,90,-0.0228300667671764
10874,76,-0.1900019527436048
55597,9,0.0417025676374289
19880,6,-0.08213228035538
10890,36,-0.1347011596788583
20117,43,-0.1191496656951824
64186,76,-0.0681188617476705
67838,2,-0.3223965763195434
20336,26,0.0584662110858009
62148,27,-0.0647996986060529
28564,28,-0.1165275459098497
86290,2,-0.0119398907103825
46690,36,-0.119876597620097
20750,28,-0.023218892637428
21371,75,-0.136316978033258
27334,28,-0.057346909913732
20618,28,-0.1834105093617878
18542,28,-0.1406541385740926
89792,76,0.1509177686943976
60599,60,-0.084938704028021
90011,76,-0.0567142857142857
64194,6,0.0035497888487667
23182,28,-0.0200777202072538
88208,88,-0.0909090909090909
14541,76,-0.0517241379310345
30509,36,0.0299614035087718
23297,36,-0.121580547112462
23393,36,-0.0072048032021347
79026,75,-0.0225086762518591
47677,90,-0.2808988764044944
27422,25,-0.1291291291291292
46578,24,-0.0683653665560632
11995,25,-0.070824200842999
11308,76,0.0014268242967794
24441,44,-0.2132963988919667
24476,76,-0.2566042332683084
30648,36,-0.01888064733648
18729,76,-0.0435499381783212
61735,9,-0.0003885311424447
89525,85,-0.0581208362049161
25081,24,-0.1243160707469145
25129,76,-0.0512990236637431
25452,44,-0.0104895104895104
25487,36,-0.2022503516174402
40125,36,-0.2768481898387587
26084,85,-0.0928725701943844
79618,44,0.6666666666666667
13625,36,-0.0590852904820766
26463,24,0.0185212191920667
11404,76,0.0016248839368615
26607,60,-0.3497452092155315
26650,41,-0.0354838709677419
23229,28,0.01008100810081
30840,36,-0.1072345901985063
91983,76,-0.2389649923896499
27430,85,-0.0763563295378433
59248,85,-0.143480292880511
22293,28,-0.0945054945054945
20204,28,-0.1009994121105232
17726,24,-0.0464476174092551
59256,75,-0.0326923076923076
31077,76,-0.0063402606551602
27888,24,-0.102468285967155
41080,28,-0.0933910694203541
18091,24,-0.0215025451992276
19828,6,-0.0118216012896291
92570,76,-0.2517948717948718
28629,36,-0.1683366733466933
80912,60,-0.1999999999999998
91926,24,-0.1164865328529765
61743,75,-0.1681574239713773
11674,28,-0.0019091559939542
76708,28,-0.1086780210867801
29867,82,-0.2141918528252299
40440,20,-0.1575817641228939
79322,36,-0.0375384024577574
44943,6,-0.1507413509060956
26403,28,-0.035993356209389
10886,55,-0.2883175237144283
64936,76,-0.0345447540773082
38682,20,-0.5194805194805194
25953,24,-0.0880252957976337
30681,76,-0.0333624890666
63132,6,0.1121241991128636
27959,76,-0.0604697102721686
30940,76,-0.0526208443809912
31051,44,-0.1525423728813559
42200,6,-0.0991235392320534
31480,28,-0.151430565247732
14276,2,-0.0528455284552845
11762,28,-0.1005795701521371
70578,28,5.432420686646289e-05
82855,28,-0.0476190476190475
32062,36,-0.0223463687150837
22103,28,-0.1514297788420903
81124,36,-0.1004133236080718
32548,45,-0.0808625336927223
32986,28,-0.0052765292163378
52476,76,-0.0400952759031361
33532,36,-0.0755813953488371
31691,36,-0.0081186729477799
42550,36,-0.0776490556663581
33770,85,-0.2316968130921619
87717,28,-0.1237723495341224
33823,13,-0.0239538239538239
87725,90,-0.1270296084049665
11850,36,-0.1184603886397609
19166,28,-0.070958765494561
24205,9,0.0193890660357951
34367,75,-0.0912698412698412
47706,27,-0.1696211331247827
21135,76,-0.2423055400111919
34746,24,-0.0804996530187369
35263,76,-0.1165183537263626
10777,28,-0.062799754601227
35554,24,-0.0615628822506684
36397,36,-0.1113320079522862
54244,76,-0.0398108285453643
36768,44,-0.2082179132040629
88924,76,0.0289788408463662
88853,85,-0.3022904606091114
37154,36,-0.0322580645161291
25785,85,-0.0889952153110047
37402,24,0.124709167054444
37568,28,-0.1029471960704052
37584,36,-0.0800809482509397
58421,24,0.0040816326530612
12036,28,-0.0947750551017763
38093,28,0.0069361396795024
47941,90,-0.0489949748743717
20765,28,0.1393975191966923
12052,76,-0.1001566136974038
12060,44,-0.0717797443461161
46834,2,-0.2366412213740458
14558,28,-0.0282733086502861
12369,76,-0.1440308087291398
55212,24,-0.1852054794520548
38659,28,-0.0725141120277899
46674,76,-0.0354983421103959
57154,85,-0.0760456273764258
32299,90,0.0341880341880342
16432,75,-0.3019260801665799
53604,76,-0.1090090090090089
85908,36,-0.0674781688277321
39571,75,-0.0786341463414634
60468,76,-0.0140096618357486
52695,28,-0.0720212765957446
39731,10,-0.2136768788661048
90213,20,-0.5800604229607251
23819,75,-0.248499823508648
25582,9,0.110919881305638
25304,6,0.1042402826855124
52978,24,-0.0659729039858629
41188,28,-0.1130838568697077
10294,41,-0.2956026058631921
41241,36,-0.0365754538065563
41292,85,-0.0661742983751847
76927,9,-0.1194690265486726
32651,75,-0.3761904761904762
32707,36,-0.1642173615857827
16600,28,0.0569484181017221
61567,28,0.0294159241974263
52716,28,-0.0519621376454347
14338,26,0.0281641567996322
32803,76,-0.2042740414833438
42439,85,-0.0967038953963499
21792,28,-0.0825806451612902
32942,24,-0.1023510971786832
42877,76,-0.098856900931414
42906,76,-0.091235632183908
87464,44,-0.0402930402930402
12570,28,-0.0483897605284888
80210,24,-0.1145014155394777
21928,24,0.012623712381337
56573,28,-0.1027436869498169
43634,2,-0.336564955607715
12431,6,-0.0348258706467661
14855,36,-0.1075144508670521
44274,36,-0.2767453540934204
46463,76,-0.2670744138634047
59328,28,-0.1371473354231974
44768,85,-0.0978802992518702
12490,36,-0.0946745562130179
40272,76,-0.0172000157631189
45306,36,-0.0285976448998317
21573,36,-0.1140781884212776
53065,76,-0.0773913043478261
45728,44,-0.1986486486486487
46042,76,0.0238896075894781
46077,36,-0.151264514076666
52329,9,-0.0340005132152937
82694,28,-0.042548134062277
22111,24,-0.0711757082152974
46886,6,-0.1914810166300596
12558,36,0.0040261701056869
46923,43,-0.0326086956521739
47002,76,-0.1017606202552091
12650,28,-0.0800714633750202
24053,41,0.0055344171566931
26825,85,-0.1283582089552237
47379,76,0.0557053009883197
44134,28,-0.2444717444717445
47619,75,-0.0669077757685352
47715,76,-0.0140485312899106
17750,76,-0.0038167938931297
59045,24,-0.0531081742535487
48072,36,0.0409437890353923
48144,28,-0.1667382896433175
89456,60,0.0411764705882353
49488,75,-0.4273504273504273
12781,28,-0.0103337688561587
48486,54,-0.1582220102310181
48523,24,-0.0328156120761473
48961,9,0.1169305724725942
50286,76,-0.0999999999999999
60943,36,-0.0978150406504065
65330,36,0.0648729446935723
50876,24,-0.0093984962406016
81678,24,-0.1298269737595966
21178,24,0.0156302167710742
50017,2,-0.1349557522123893
56223,24,-0.0890219560878243
59774,75,-0.2653392929703373
33849,27,0.0999999999999998
66245,24,0.0284685863874345
23835,76,-0.0562141491395793
50623,76,-0.0130956711531465
50789,24,-0.0228647293111079
51263,31,-0.2357222844344904
15069,76,-0.2282863849765257
51423,28,-0.0707070707070706
45751,28,0.0138933078799448
34032,24,-0.1059907834101382
39538,44,-0.1919606234618539
43449,9,0.0035429972393077
89915,6,-0.0930645161290323
17478,83,-0.0307260038067614
81061,90,0.0242348008385744
52250,85,-0.0820215410107705
17005,75,-0.0369621184258919
22752,24,0.006352432981832
42796,41,-0.1225423728813558
53074,84,0.0548818708014702
87437,63,-0.0013698630136985
89857,41,-0.1585550508327925
53373,47,-0.1509073543457497
24010,28,0.001754385964912
53859,28,0.0201758923952404
54253,6,-0.0958056591756891
22592,76,-0.1570365235099214
24248,28,0.0054020871700428
54704,76,-0.1311697092630155
76591,42,-0.1351266812636847
42614,28,-0.1074309978768578
22779,27,0.0347802084052168
28345,36,-0.0877386196769455
65365,76,-0.0542202347680267
69550,75,-0.3775472397184142
84372,36,0.0569948186528497
13303,75,-0.0788732394366196
90377,28,-0.0449815374286672
55993,19,0.0782889426957222
78900,76,-0.0209992758870384
25590,76,-0.0996453301807126
52337,90,-0.0885844748858446
34497,76,-0.0808450704225351
56945,85,0.07
64450,28,-0.0525159744408945
47466,27,-0.0401206636500753
60986,2,-0.0667593880389429
21207,36,0.0653573728267871
34673,76,-0.0424657534246575
61815,85,-0.2091648189209165
64311,6,-0.0435251445936674
28118,85,0.2218146246025922
44206,24,0.0304214345520514
38762,76,0.0025197984161267
23931,28,0.0148672566371681
58246,24,-0.1322171486555048
24766,28,0.0460142802938843
58318,76,-0.1968196819681967
58334,76,0.0288533413066227
90458,24,0.0156048675733715
34817,76,-0.1589276327317329
34833,85,-0.1547214673913043
72611,36,0.0806451612903225
58975,75,-0.1458333333333333
67029,76,0.2304147465437789
23026,24,-0.01879609802522
24440,28,-0.0184222957014643
13610,36,-0.0958967266021209
25232,9,-0.0634476667157368
60098,28,-0.0317738791423001
60186,2,-0.2111436950146628
91531,36,-0.0546128340159938
77157,36,-0.1902834008097166
44230,36,0.0046470995061698
22509,76,-0.1093617021276595
60506,28,-0.0816241105064882
86136,24,0.0273544353262993
61146,57,0.1855757064529732
61269,76,-0.1476931476931477
41355,28,-0.1588247735807378
61496,36,-0.1820733908161218
22517,36,-0.0464594681191925
13856,24,-0.0003904724716908
50550,36,-0.271907861792689
62341,90,-0.298229478040929
21936,76,0.0224082738241813
21776,28,-0.0563297350343474
52898,24,0.0122887864823348
13901,36,-0.0969998159396281
13928,24,-0.0659062103929023
62958,75,0.0103820598006645
63125,6,0.1395713538944067
89968,9,-0.1213399503722084
24459,44,-0.4866385372714487
80185,76,-0.2022144522144521
13828,7,-0.1744186046511627
63715,36,0.1767521367521367
18163,24,-0.0335274229902329
55511,28,0.0144272179155899
23712,28,-0.0149203688181056
64929,6,-0.1919399878500585
64961,28,0.0244811069717936
65008,36,-0.188821752265861
65270,90,-0.1645569620253165
69649,28,-0.0981762585999781
66683,75,-0.2769679300291544
65700,24,0.0091448344043498
24942,24,-0.0173996283574525
58771,28,-0.1455101081335214
76711,24,-0.0042735042735041
76282,36,-0.058669210589077
80294,76,-0.0169675090252706
84381,24,-0.1763045666369008
35991,54,-0.176277399713467
36003,76,-0.0284458236358935
67847,24,0.0106822880771879
27633,36,-0.1984126984126983
68196,76,-0.0771349862258953
36281,28,-0.0879931116698069
88518,3,-0.0026455026455025
85926,76,-0.1012441012441012
41574,43,0.1163885323063755
51625,28,0.054313866858928
50243,9,-0.1976821705426357
36468,28,-0.0777872628847539
49138,20,-0.0034246575342464
70704,44,-0.0217391304347824
65402,85,-0.2295986303975651
60206,76,-0.0734490135488472
71176,28,-0.0195052331113225
26614,76,-0.0177459526774593
15720,36,-0.0689979614238671
71475,28,0.0248700295068147
18411,76,0.0052611800075159
58683,76,-0.122257053291536
66093,85,-0.0122739018087856
71985,76,-0.0720430107526881
72304,61,-0.2866379310344826
39220,76,-0.1518911346808084
43481,85,-0.015589526260027
43350,24,-0.132196512128478
18438,90,0.0221914008321775
72726,36,-0.1834170854271356
36898,28,-0.0829911389669333
72980,76,-0.0324629498941424
73139,9,-0.0300142395849875
73219,36,-0.1121628862296838
52396,2,-0.2545454545454546
47861,85,-0.0436081242532853
65429,20,0.0408163265306122
43334,84,0.051558073654391
52038,28,-0.0220264317180618
65752,75,-0.1408284023668639
74836,68,0.0300925925925925
74908,82,-0.1510179640718563
57007,90,-0.0614492753623188
43123,24,-0.1408507223113965
44329,28,0.0074079253409715
63773,76,-0.0962986198243412
75460,76,-0.1321181078638144
84375,20,-0.5465328467153285
51369,27,-0.14
15579,6,-0.1147415768480013
23579,76,-0.1452830188679246
62092,6,-0.0377365277442233
93423,36,-0.0702580523639103
14795,28,-0.0821689259645465
14816,76,-0.022405356682977
62308,24,-0.0245265799680582
76639,6,0.2082355242566511
76946,27,0.0759219088937093
15117,24,0.002164502164502
55001,85,-0.105751391465677
92583,36,-0.02021875
59600,76,-0.2386483632523759
76185,28,-0.0800310034064939
77730,24,0.0117317690974536
91103,28,-0.1261534998874633
17929,24,-0.053201247477527
77973,75,0.0294599018003272
78044,75,-0.0668316831683167
24985,28,0.0078328981723239
48725,9,-0.057952951759656
63781,75,-0.2905604719764012
78749,76,0.0349763282482904
92655,28,0.0374565136029299
78829,76,-0.1162324649298597
87447,36,-0.1252118245151572
78960,31,0.0752279635258357
79039,44,-0.1568627450980392
17830,28,-0.1143678563915575
14040,36,0.2311827956989247
79338,76,-0.1742325983571119
67360,28,-0.0008785802143734
59619,76,-0.0345122646891044
16555,36,0.0493873004084663
79573,44,-0.0757575757575758
79637,76,-0.0576968550484748
79776,24,-0.0550947867298579
43553,28,-0.1327189916322423
79864,75,-0.2113182859012103
80128,76,-0.1611539602491842
27043,28,-0.0727766762135564
81116,75,-0.0566502463054187
57808,28,-0.2306915699141847
15202,76,-0.0095155023392277
53225,24,-0.0845943946920946
24969,36,-0.0319888734353268
42059,36,-0.1010701545778834
62498,6,-0.0742386299377979
66384,85,-0.2719092331768388
38033,24,-0.2707665403672399
39917,85,-0.1492537313432835
25419,85,-0.1724535965672383
38156,36,-0.0688316272502647
23536,28,0.0270304730332779
58819,36,0.004869786152869
42286,28,-0.2409671284976908
84403,6,0.0001836547291091
27983,57,-0.0824340527577938
59483,44,-0.3744493392070485
88857,76,0.0132236262121656
38295,47,-0.1445509176547019
84129,28,-0.1269004662477194
90756,28,-0.1380312386487469
13600,54,-0.018280522933747
72996,28,-0.1012233953410424
87426,76,-0.0566875355719975
88664,28,-0.1196833489869851
15318,76,-0.1269281621859851
14318,5,-0.0292022792022791
80072,36,-0.0629770992366411
85586,85,-0.0032401903988042
35917,76,-0.0922217047042385
13508,85,-0.1704361873990307
90537,2,-0.2623574144486692
10028,75,0.6267510167193855
10138,9,-0.0591627906976743
10107,54,-0.0529862899704218
13983,44,0.1404805914972273
10200,27,0.0310181062629861
10302,9,0.0372526193247964
10363,2,-0.1460573476702509
10333,66,0.5784148397976392
10382,75,-0.1269652921981607
10397,76,-0.1677611940298508
10257,28,-0.24
10463,66,-0.0757097791798107
70033,85,-0.1211388665055063
10421,84,-0.0465984737782108
91204,24,0.0105142420187345
10530,75,-0.0182450043440485
79698,28,-0.0482480971252436
10606,28,-0.0490711531720995
10550,13,-0.339930151338766
79785,6,0.0155718958760842
75070,85,-0.0554294975688817
10547,36,-0.0983717774762551
76123,36,-0.0651408450704225
79903,56,-0.1360650887573964
10355,36,-0.0363677130044843
10661,75,-0.060960591133005
45225,85,-0.2031872509960158
10693,28,-0.0858029480217222
10649,83,0.1195521791283487
79909,28,-0.028044018459354
75517,76,-0.1092012133468149
10696,85,-0.0158184319119669
44813,47,-0.3699059561128527
87656,37,-0.2935064935064935
89891,57,0.2084168336673346
71175,36,-0.1470747562296859
93179,76,-0.0497956150130063
35124,76,-0.0349667569564147
22323,75,0.1097560975609757
10026,28,0.02334915532187
10812,36,-0.0914634146341464
10909,76,0.0529721595184349
88779,45,0.1999999999999999
10860,36,-0.1226215644820296
10443,41,-0.082264746498323
10032,28,-0.1769690927218344
85570,36,0.013671875
11701,90,0.0859744990892532
77453,85,0.0791180285343711
11292,36,-0.0405443234836703
64390,27,0.0144593730006397
65294,24,0.0559449157752367
11403,10,-0.0837417123090227
11481,36,-0.0703248811410459
75470,76,-0.0125633845455233
11511,85,-0.3126718320419894
11552,36,-0.0091907880836678
75107,10,-0.0558378933708231
11547,28,0.005622891415719
11600,85,0.0535888910619988
13788,27,-0.0077572663000786
11043,75,-0.1079199303742385
11654,9,-0.059185242121445
11636,30,-0.2144833948339483
11394,2,-0.099595736861448
11533,42,0.0577300804289544
13652,55,0.0260869565217392
11707,36,-0.0748489074848909
13563,20,-0.1399176954732511
11775,27,-0.0373027259684362
75233,44,-0.0608604407135362
75186,24,-0.0910878112712975
11809,28,-0.1563157894736841
11731,6,-0.0527240773286468
11825,76,-0.1347237880496054
11803,67,-0.1428571428571429
75261,55,-0.253731343283582
88197,76,-0.0863768115942029
85789,76,-0.1115485564304462
11618,27,-0.5664068036853296
11896,28,-0.1234999999999999
84769,28,-0.1261550823623946
10180,2,0.5259259259259259
11884,84,-0.106359497861774
75182,76,-0.1713692946058091
13643,75,-0.038988164307264
75241,76,-0.1471824974659078
75320,24,-0.0945945945945946
75285,76,-0.1095376926280717
10901,24,-0.0858986502486384
75316,76,-0.2008060692271218
11891,76,-0.0679684566278632
11955,9,0.018725544997205
84176,41,-0.3321632294866169
13969,76,-0.0818431911966987
11752,28,-0.2110943775100402
81774,36,-0.2112103980503655
75573,75,-0.1833333333333333
84387,60,-0.0554187192118226
17743,36,0.0146818923327896
12226,42,-0.3147832024581769
78664,85,-0.2396616541353383
12062,24,0.0168209104552277
80926,75,-0.1677762982689746
12209,2,0.0118764845605701
11992,76,-0.1381743683132256
36346,76,-0.0655562673499893
85269,24,-0.2234723141407455
92029,28,-0.0737148399612027
75591,28,-0.0252137750542574
76573,36,-0.0761055879328077
75694,6,-0.031966371767926
63467,36,-0.0056692913385826
75649,76,-0.134850166481687
91279,2,-0.3411978221415608
14663,89,0.229665071770335
13721,76,-0.0337574001763447
13802,36,-0.1654904728299224
75654,76,-0.1949236565536386
12073,76,-0.1110468478889531
13825,43,0.0376189930037849
75603,76,-0.2145859604875998
93101,76,-0.1676223776223776
75825,76,-0.1475273295158772
13766,36,-0.1982665222101842
75853,84,0.0993865030674847
14670,85,-0.0766057748968768
75854,10,-0.0115830115830114
13862,76,0.0315082644628099
15070,76,-0.0439821693907874
75556,28,-0.0574817518248176
86124,76,-0.0401680231031766
11628,76,-0.0739753415528158
75831,76,-0.1538461538461537
11748,85,0.176954732510288
14312,44,-0.2089761570827489
11348,9,-0.0224719101123596
23799,85,-0.051775147928994
11285,28,-0.065945660775521
11442,28,-0.0797430083144368
86896,28,-0.0699668973818836
11018,42,-0.1185840707964601
87952,28,-0.0746654144165298
14440,85,-0.0288259958071277
13794,86,0.1059176672384218
10252,28,-0.1356101209024056
12189,76,-0.0240527011541376
11208,84,-0.0693756194251733
90983,76,-0.0221666070790131
13799,85,-0.1015801354401805
52936,36,0.0719598363703979
56710,90,0.0332146893608407
12068,76,-0.0667447306791568
75860,2,-0.2468619246861925
11786,9,-0.1999046956936278
10892,76,-0.0808244557665586
10932,76,-0.1665725578769057
11293,76,-0.1187996031746031
12480,28,-0.0573012939001846
11593,30,-0.0176470588235293
69586,28,-0.182299012693935
14523,31,-0.1278538812785388
35685,76,-0.1107569721115537
76038,47,0.0591397849462367
10308,76,-0.0203297384405602
77519,76,-0.0775
92807,76,0.0
14166,84,0.2275023681717713
13908,28,-0.0488789237668161
83469,76,-0.0184674751929437
13829,29,-0.2366981132075472
86814,76,-0.0777366472765731
13812,37,-0.5232323232323233
92716,36,-0.1019683768957728
13877,76,-0.0940350877192982
13870,20,0.2592592592592591
86384,24,-0.1309691011235955
13816,28,-0.0280474649406687
15242,85,-0.050632911392405
10781,76,-0.0983487179487179
15056,75,-0.1036717062634988
13876,76,-0.0759753593429157
13943,24,-0.1156491831470335
84725,36,-0.0066162570888469
83642,76,-0.0375629867155289
13924,36,0.1071716357775987
13890,36,-0.2170212765957447
91937,28,0.0061652281134403
13694,28,-0.0544533558463488
87759,75,0.0284666666666666
14051,55,-0.2264150943396227
13911,28,-0.0219581009329086
13940,36,-0.2099150141643059
14102,36,-0.0639589169000933
10232,85,-0.0069266869686741
13962,39,0.0951097420100115
14239,85,-0.3482647296206619
90534,24,-0.0264550264550265
12166,85,-0.0546875
13963,36,-0.0829307568438002
13959,90,0.0111888111888112
10629,36,-0.0931574608408903
14006,3,0.0402219140083217
14675,36,-0.05975927730517
14044,85,-0.1743562231759656
14046,55,-0.1018604651162791
14400,20,-0.1431670281995661
14464,76,-0.0782961460446247
89875,28,-0.0185967878275571
13330,66,-0.130813953488372
77643,76,-0.0764144011756061
14099,36,-0.0434782608695653
77379,36,-0.081127034248239
10253,63,-0.2366412213740458
14414,9,0.0487119437939109
11006,85,-0.0825096691018477
14072,2,0.1177829099307159
14097,5,-0.1363402061855669
86382,36,-0.0437306501547987
77889,28,-0.0486257928118394
14793,24,-0.0800775838182321
14161,2,-0.2418772563176895
14173,44,-0.3783783783783784
14159,85,-0.0892634207240948
14934,44,-0.2304828388598022
14076,28,-0.0609570609570608
14176,41,-0.0206236189540878
11565,75,-0.0467117393976643
75714,2,-0.0332924643968689
14273,47,0.0507713884992988
14149,45,-0.3037073410262705
14145,75,-0.3083067092651756
14221,36,-0.3164089545349642
14169,36,0.1059283779717124
14317,10,-0.0160150050497763
14136,13,0.0299046145913894
14257,75,0.0936195587358377
76908,90,-0.3299999999999999
14168,76,-0.0826124567474048
14943,36,-0.0105307497893849
75912,9,-0.0708522162042665
85299,76,-0.0795811518324607
14258,75,-0.4348314606741573
14274,15,-0.1863425925925926
14295,42,-0.08694562766224
14325,47,0.1164305487705585
14359,26,0.0042331488114619
14263,33,-0.0091823349365981
14213,28,-0.2914153132250581
14550,30,0.0950744558991982
14472,42,-0.1210119465917077
77415,76,-0.0544450289321409
14449,75,0.3406593406593405
47723,85,0.0968992248062015
83155,76,-0.0340606705694518
14436,30,-0.1677272727272727
79851,24,-0.079245283018868
14422,57,0.0775681341719078
89211,36,-0.0416857535501601
14433,85,0.0766169154228855
14532,90,0.1190053285968029
92686,55,-0.3492822966507176
11844,76,-0.0629585798816567
14459,31,-0.2615120274914089
89141,76,-0.1663415499201986
76266,76,-0.0326576576576578
14378,9,-0.1468656716417911
91855,75,-0.1016148089799133
14434,27,-0.1374339259971168
85726,9,0.0569280343716434
75906,24,-0.0471095772217429
77236,85,-0.1166666666666667
14478,76,-0.1103313840155945
14467,60,-0.1865558912386707
14503,76,0.0344104070499371
14457,60,0.0405660377358489
14479,24,0.0709972933583176
14401,28,-0.0108450067781291
14487,24,-0.166843220338983
14590,60,-0.244514106583072
14607,90,0.1148514851485149
14451,75,-0.0087548638132295
14490,75,-0.1365762394761458
14781,90,-0.087360594795539
13328,47,-0.1875
15092,44,-0.0566037735849057
14608,85,-0.0231213872832369
79747,24,-0.115068493150685
14667,75,-0.2052980132450331
14547,10,0.0380113930605903
14504,85,0.1377825618945103
14580,44,-0.1392801251956181
14502,36,-0.1233243967828418
14456,85,-0.0116708811515268
89828,76,-0.0531324345757335
14751,75,-0.3667981355324489
14531,44,-0.2632450331125827
11397,76,-0.0524995174676703
14516,65,-0.0289047997878547
14554,9,-0.3720661157024792
14567,9,-0.0245545740380296
14596,3,-0.0324100244959487
14574,24,-0.2239316239316239
14528,20,-0.1834451901565995
14684,85,-0.2988165680473372
14619,85,-0.3233830845771143
14589,2,-0.2563291139240506
14750,41,0.1013665102998164
84516,76,0.0204882301656494
14603,76,-0.1477960242005186
14579,3,0.0472523083000049
14759,76,0.0224598930481283
14818,13,-0.0733590733590733
14636,75,0.1299999999999999
77300,76,0.0530463420371678
76215,29,-0.5029585798816568
14763,28,0.0151717983043284
14641,19,-0.0402141717931191
14632,36,-0.1087551299589603
14602,90,-0.0823045267489712
14634,85,-0.1067134268537075
14697,9,-0.057335581787521
14625,85,0.0725806451612902
13267,76,-0.0608974358974359
14682,76,-0.5599730458221024
14719,13,-0.2976618705035971
14677,75,0.012422360248447
76082,76,-0.033603707995365
14810,76,0.0262027491408933
14694,44,0.0659898477157359
14690,2,-0.1970588235294117
14688,24,-0.1083835108846688
14884,6,-0.1297163995067817
15064,90,-0.0774102744546095
14942,76,-0.0581625908790482
14872,75,-0.2774762550881954
14831,36,-0.0044247787610619
14830,44,0.0359408033826638
14714,5,-0.2167857050566555
14774,75,0.1243523316062176
76095,76,-0.0510996119016818
14782,42,-0.1057926829268292
14807,68,-0.1655337864854058
15226,24,0.2248743718592964
14836,28,-0.2742382271468144
14823,20,-0.2266666666666666
14879,2,-0.2412451361867703
14954,2,-0.1720430107526881
84184,36,-0.0302564102564102
14812,36,-0.1799687010954616
14874,2,-0.0746268656716419
14852,60,-0.2968197879858657
76963,35,0.1666666666666667
76127,44,-0.3529411764705882
76128,10,-0.1919488136496934
92897,2,0.0130234421959527
14941,76,-0.101787842669845
15062,20,-0.1991397849462366
76135,36,-0.1047003787034974
15029,63,-0.2314990512333965
14984,76,0.0450623202301054
78981,28,-0.1166483113069015
14983,61,-0.111871730611886
76868,6,-0.095996813383788
14908,20,-0.1399317406143345
88965,24,-0.0136363636363636
14969,76,-0.1165766278077907
15003,2,-0.157799819657349
14982,30,0.2051756007393714
14995,34,-0.1461038961038961
15022,76,-0.040739343643908
15079,9,-0.104214005370791
89655,24,-0.238492850433149
14926,76,-0.1976127320954908
76392,84,-0.0809896760412958
15067,3,0.0405284370801612
14882,61,-0.0040510431436093
15084,24,-0.0948081264108352
14970,46,-0.0607621518368393
14953,42,-0.0923931920805835
15065,31,-0.2244810614166487
14353,41,-0.0086206896551723
15046,85,-0.0421325555015394
15068,75,-0.0431519699812383
15119,43,0.0470455400828
15016,85,-0.3087885985748217
15071,76,-0.1214574898785425
15087,47,0.0064530006453
92089,36,-0.0279642058165547
15072,13,-0.0939977349943375
85875,24,-0.1208102242585
15028,30,-0.1963898916967508
76544,75,-0.085802204093316
15110,85,-0.2637362637362638
15108,5,-0.0467502850627138
15180,85,-0.0395984383714445
83671,76,-0.120860927152318
15125,55,-0.3245901639344262
12622,28,-0.0492808299929262
76201,65,-0.1484101881138672
87053,6,0.0474769749643273
14773,76,0.0030706243602867
76360,44,-0.0535714285714286
15264,85,-0.2020547945205478
89369,2,-0.3159947984395319
15168,2,-0.1112398609501739
17073,44,-0.1835820895522388
15167,9,0.000815660685155
15177,29,0.041703056768559
15172,29,-0.1523527476143468
15220,85,0.0192165558019217
15183,39,0.0216515137313713
15144,36,-0.0180496915017149
76230,28,-0.0225379715825576
76461,85,0.4172661870503598
89948,36,-0.0235525024533856
15198,61,-0.2612193056731584
15178,76,-0.0135135135135137
76261,36,-0.0100671140939597
15315,27,-0.0871165644171778
76224,76,-0.1827598964113947
92020,44,-0.1307692307692308
15272,42,0.2094808126410836
14543,76,0.0872328134026574
76279,36,-0.0770015298317183
76478,28,-0.0681333333333333
90608,75,-0.5106382978723405
15291,13,-0.0774355937222387
79037,85,-0.0398190045248869
78071,16,-0.1951219512195121
15282,2,-0.2053789731051344
15302,76,-0.0634662327095199
76529,76,-0.0580445195829811
76515,76,-0.066961815163254
76504,76,-0.0856210926882304
91902,85,-0.0984215413184773
88284,60,-0.2267441860465116
76582,28,-0.0685525265199042
76613,66,-0.469116497263487
76614,85,-0.1207087742405789
76644,90,-0.2423076923076922
76888,90,-0.3078985507246377
76837,83,0.1112511457378551
76661,42,-0.1174492129691915
76686,75,-0.1754756871035941
76856,6,-0.0303030303030303
76709,84,0.0765948275862069
76934,44,-0.1692307692307691
76712,28,-0.0771028037383178
76721,6,0.0303621169916434
76684,76,-0.1316872427983539
76732,31,0.0649672907737424
91403,76,-0.0943089430894309
76736,44,-0.2895778364116095
88031,75,0.0379194630872483
76744,9,-0.0165700674636051
76750,28,-0.0491470833830371
76788,36,-0.1535615171137835
76795,10,-0.1880269015818887
14106,24,-0.0267249757045674
76869,90,0.0948854961832059
76798,24,-0.1922723091076357
76838,75,-0.0002664535038635
76892,76,-0.14011934817535
81564,76,-0.10062893081761
76841,90,-0.0434043777960052
13906,30,0.0996441281138789
77235,36,0.0
77037,6,-0.1128081457663451
13412,90,-0.1133333333333332
77202,13,0.1444444444444446
77090,85,-0.0417690417690417
77117,36,-0.1041114058355437
77114,10,0.0176935135246161
77217,75,-0.1652777777777778
77165,28,0.0629593676327833
77182,44,-0.1231218697829715
77191,9,0.0432632880098886
77175,57,-0.1186594202898549
77178,26,-0.2241959828166725
77259,36,0.0760233918128656
90464,85,0.1155234657039712
77274,85,-0.0428966789667897
77292,85,-0.1376146788990826
77282,25,0.2906574394463668
77338,6,-0.0438698903566892
77366,6,-0.1628701594533029
77393,20,-0.2016129032258065
13599,86,-0.0140597539543058
92871,41,-0.1714378925046896
77425,85,-0.2008426966292134
77447,28,-0.0646153846153845
77496,75,-0.0051376146788989
77501,20,-0.2325174825174825
77505,34,-0.0761494252873563
77515,20,-0.08
77520,24,-0.0596213619666572
83738,85,-0.0863571862963713
77610,10,-0.0793860852514983
77605,6,0.0347521551724137
77649,9,0.0206137578256222
77629,6,-0.0410335651128852
77660,54,-0.0802667969852082
77661,9,-0.0349808169713383
89810,76,-0.063400576368876
77702,26,-0.0208547888774459
87505,76,-0.1023882714589736
77780,36,0.0433654558932541
77785,28,-0.1582054309327036
77868,36,-0.4093406593406594
77900,85,0.1153238546603474
77902,36,-0.1283756549778314
77918,28,-0.1882118378512808
77917,28,-0.195272842639594
78001,63,-0.1102406267487409
78018,85,-0.0738636363636364
78015,76,-0.1718974032180978
78038,59,-0.0414175918018788
78054,85,0.0253968253968255
78077,28,-0.1723927005810989
78066,47,-0.4565217391304347
78091,75,-0.1527559055118109
78081,45,-0.1467620182757251
91402,42,-0.1318681318681318
78189,36,-0.0254326844045745
91184,63,-0.0986238532110092
78170,75,-0.2699309478970495
78211,76,-0.0251762336354481
78137,85,-0.0657835653345307
78156,83,0.0
78213,42,-0.3290043290043291
78840,65,-0.0177459082013876
91128,2,-0.1648854961832061
88944,24,-0.0575373993095512
78841,3,-0.3116883116883117
86889,2,-0.4971962616822429
78908,9,-0.0411603292826342
79033,85,-0.0928927680798004
78875,10,-0.1656831593281889
78876,6,-0.0622961513372471
78915,75,0.0352168199737188
78916,75,-0.1706802721088435
79019,36,0.0
79065,58,0.1090909090909089
48653,76,-0.0413061352335459
78955,31,0.0197368421052632
78950,28,-0.0840409108452334
78987,6,-0.1988187005706276
79072,36,-0.073936170212766
79089,44,-0.2509563886763581
79108,24,-0.2160966981132076
79131,36,-0.0513900589721987
79116,24,-0.0653971435730393
79133,28,0.0182488313556274
79103,26,-0.0190189656069164
88597,85,-0.0908104196816208
79150,75,0.1930926216640502
79166,85,-0.0663316582914572
79198,85,-0.3910533910533911
13949,27,-0.0678030303030302
79237,75,-0.2111959287531807
90783,2,-0.1484593837535013
79323,24,-0.0358368665455279
79299,85,-0.0525801407349491
79248,76,-0.1175637393767704
79249,28,-0.0115289596486413
79336,2,-0.256
79265,28,-0.0870797128825084
18649,9,-0.0366570749405731
79382,90,-0.081667231446967
79666,85,-0.1438181818181818
79507,28,0.0079643944717733
79545,76,-0.1505865453674887
79490,76,-0.1480730223123731
88568,75,-0.2863327149041436
79491,9,-0.106800325115145
80069,13,0.3186874304783091
85913,28,-0.0848849142354492
79668,36,-0.0783078307830782
79731,36,-0.0622624963460977
79758,24,-0.1688672689367616
79686,65,-0.038619553844918
79734,76,0.0444743935309972
79824,28,-0.078998699609883
79857,75,-0.2178072111846946
79906,85,0.023828125
79790,75,-0.1234745154343143
79862,24,-0.1000756238971515
79839,76,0.055721207603429
79791,28,-0.0395604395604395
79878,75,-0.1271989174560217
79841,28,-0.1182880606443461
80223,85,-0.1048034934497815
79879,28,-0.093984962406015
79885,41,0.0082063305978898
80034,36,-0.1675378266850068
80080,76,-0.1769776876267748
80050,6,0.0142857142857144
84723,24,-0.018181818181818
80054,61,-0.1209353057468131
80167,44,-0.0655362053162236
80236,24,-0.0223932820153952
80204,24,-0.051374450264734
80254,76,-0.148528595224875
80286,9,-0.0262801932367149
80191,85,-0.1566746602717826
80193,36,-0.3167795334838224
80237,36,-0.2724137931034482
21186,85,-0.1505992704533612
80306,30,-0.5289367429340511
13006,24,-0.0653231410701876
80375,85,-0.2367447595561035
80362,76,-0.2241699867197875
80341,90,-0.1427879961277831
80336,36,-0.0577078288942695
80303,44,-0.2892561983471075
80485,47,0.0106951871657752
80415,76,-0.0533494665053349
80478,76,-0.0290611028315944
80539,16,-0.0218613366645846
80534,85,-0.1372310190824198
80498,36,-0.0320899616017553
80563,76,-0.1301338255652976
80575,28,-0.0445979899497487
80633,28,-0.0067720090293452
80759,90,-0.1505242136794807
80774,75,0.0954045954045954
80828,9,-0.1974002418379684
80791,36,-0.0851808634772463
80795,42,-0.1213425129087779
80837,76,-0.0706483180428134
80928,28,-0.1334250343878954
80924,76,-0.0860585197934595
80955,36,-0.0486450253758498
80864,28,-0.0944976076555024
80951,76,-0.0560949298813375
81010,36,-0.0576344086021505
80960,90,-0.1303166627716756
80957,10,-0.0680830120580756
80969,85,-0.2309267793138761
81084,2,0.1851851851851851
81095,76,-0.0378657487091221
81055,24,-0.074975762145858
81182,24,-0.111111111111111
81184,36,-0.1174426685198055
88865,36,-0.1306913996627318
85205,26,0.0
81220,6,-0.0901378579003181
81241,42,-0.0538523060517194
81282,28,-0.1143018018018018
81278,90,-0.1748530868273357
81501,28,-0.1806794055201698
87532,76,-0.13564875491481
81540,85,0.0414660246120919
81560,41,0.003097017735854
90470,76,-0.0690265486725663
81588,13,-0.3988269794721407
81584,28,0.0253754531330918
87476,90,-0.0434474616292799
81624,42,-0.0505617977528088
81621,24,-0.0777385159010601
81736,28,0.0919529231652473
85332,85,-0.1008371385083715
81740,83,0.1723083642716749
81761,47,-0.2
81696,75,0.0281890660592256
81666,75,-0.1144984048209855
81665,31,-0.0933509467195068
81677,36,-0.1578236803024165
88719,36,-0.037721324095458
81893,90,-0.0194256756756756
82251,76,-0.0391389432485324
81869,36,-0.1490196078431371
82171,76,0.0492408000884077
91262,36,-0.2671360530130461
82212,9,-0.0352581898945031
82179,85,-0.1071086415022034
82176,36,-0.0212615166548546
82234,2,0.5151515151515151
82281,61,0.0352112676056337
82272,44,-0.1183410797282802
82287,36,0.333206397562833
82261,3,-0.0804412778671569
82486,27,0.1233360910978189
82508,36,-0.2131512071156289
82298,44,-0.1894953656024717
82518,24,-0.2859025032938075
82515,54,-0.0215522465683984
82307,85,-0.2139753801593048
82575,76,-0.0482836665409279
82567,20,-0.2510460251046025
82581,44,0.0062441461130189
82621,2,-0.1804878048780487
82649,36,-0.1203261175147596
82552,60,0.4859787292759037
82547,24,-0.1314058171745151
82642,27,-0.0627437285373377
82651,28,-0.0600823293098401
82573,36,-0.0694690265486726
82587,85,0.1064718162839248
82599,6,-0.0304547350855235
82762,30,-0.1728971962616823
82686,24,-0.0677496038034863
82759,76,0.0202020202020203
89736,76,-0.0804008908685969
82670,90,-0.2113207547169812
82768,82,-0.0010526315789474
82775,76,0.0066908812846491
82747,39,-0.1180904522613065
82800,76,-0.1220718375845915
82812,75,0.1023622047244092
82848,35,-0.3293413173652694
83875,90,-0.1933333333333333
86122,44,0.1764705882352941
86098,75,0.0496740840638345
87832,24,0.0084507042253521
84825,76,0.1732851985559567
90710,26,-0.0649521988527724
83145,44,0.0
87471,86,-0.1366355140186916
83149,90,-0.3429277414184587
83120,28,-0.0787601626016261
84397,28,-0.0671296296296297
83111,36,-0.1649158892235362
83124,24,0.0044792833146696
82859,75,-0.0079625292740047
83303,75,0.081770983559273
83143,36,-0.0563423645320196
83272,76,-0.0627856627375511
83304,24,-0.1857855361596009
83244,85,-0.3353151010701546
83762,44,-0.4926829268292683
83390,36,-0.0520408163265307
86080,44,-0.1527364323334096
83411,36,-0.1308677098150782
84215,76,-0.015
83414,76,-0.0785325308111207
83421,2,-0.3529411764705882
83366,55,-0.4705882352941177
83382,42,-0.3281551196280757
83422,36,-0.1077477477477476
83520,55,-0.2805555555555555
83509,54,-0.0124735231819251
83547,36,-0.0585042219541616
83462,20,-0.2176470588235294
83534,41,0.1735880398671097
93312,68,-0.1775051729234407
86091,76,-0.0728721890122403
83690,28,-0.1447619047619047
89202,24,-0.0333333333333333
83621,6,-0.0832482124616956
83633,75,0.0965732087227415
83661,28,0.0741116751269035
83683,76,-0.0138271604938272
90082,76,-0.0410557184750732
83774,76,-0.0540111199364574
83799,5,0.2276944382494288
83734,36,-0.0860347551342811
83916,24,0.0883159626988481
83879,28,-0.0539494375226806
83844,90,-0.0060240963855421
83856,90,0.0381766381766379
83883,90,0.078125
83862,28,-0.1156731148835372
83910,76,-0.0859872611464969
83906,75,-0.2056859051207398
83885,44,-0.1634999999999999
83831,76,-0.0286220281416788
83969,10,0.0016090104585679
88436,44,-0.3399999999999999
83950,36,-0.2145144076840981
88905,24,0.0371747211895912
84026,36,-0.037037037037037
84103,24,-0.0363556723609285
89425,36,-0.0081068192656175
84062,76,-0.1606892406331396
84042,76,-0.0696864111498258
84010,90,-0.1519290678169181
84041,90,-0.1828908554572271
84032,90,-0.2023718439173679
84203,90,-0.2829457364341085
12877,2,0.0794392523364486
84234,76,-0.2506098207657228
84172,36,-0.0821702378612149
84262,76,-0.2061237373737374
84210,28,-0.1047974832874557
84348,28,-0.0417308962783526
84302,29,-0.2933519293351929
84373,76,-0.004876530400498
84319,28,0.0055496828752643
93131,76,0.0741992765537653
85176,9,-0.2487759384471904
88984,28,-0.0285714285714286
84438,9,-0.2023309132594574
84385,6,-0.0473402475744395
84413,31,-0.2349102773246328
84563,75,-0.0317301269205078
84624,75,-0.231590181430096
84604,20,-0.1629924474382527
84389,36,-0.1291303198519693
84597,24,-0.0538227462913655
84737,85,-0.0697674418604651
84761,9,0.1169059175875246
84607,75,-0.0943877551020409
84656,75,-0.215568862275449
84734,28,-0.1194405594405594
84780,76,-0.1007326007326007
84827,36,-0.0087260034904015
84788,10,-0.0786132863545325
85035,24,-0.1908477714588017
85002,3,-0.0264238070805541
85072,24,-0.2010183918528653
85067,24,-0.0325865580448065
85013,76,-0.2416918429003022
85020,36,-0.0264877880976952
85059,6,-0.1279112754158965
92245,85,-0.1226508407517309
85187,76,-0.0973474117950039
85177,27,0.0087792642140467
87364,44,-0.0627210884353741
89022,36,-0.0180429932887159
85246,76,-0.1948632208796518
89038,76,-0.0449101796407185
85280,60,-0.2059282371294852
13739,9,0.0695279804547779
85349,6,-0.169002473206925
90012,36,-0.2004576659038902
85372,28,-0.2159999999999999
91908,76,-0.0614886731391586
89270,76,-0.0063897763578275
90875,2,0.0280112044817928
85418,76,-0.0370623010459298
85502,28,-0.0776699029126214
13935,25,0.2882769075290552
85440,6,-0.1718103722558065
85488,28,0.1493398424497949
85517,28,-0.0090317919075144
85424,85,-0.053030303030303
13265,2,-0.1923076923076923
87114,76,-0.0872781065088755
85464,3,0.037513397642015
87837,9,-0.1280653950953677
85427,24,-0.0781509385774487
85419,2,-0.0023809523809523
85540,75,0.0194174757281553
85621,6,-0.0297479801713766
92593,36,-0.0120652945351312
85627,76,-0.1384083044982699
85571,85,-0.1848249027237353
85798,24,-0.0757894736842105
85593,75,-0.2443202307969708
85567,85,-0.0698884758364312
85526,26,-0.0101522842639594
93285,75,-0.0880154500911984
85686,2,-0.2973621103117505
85725,76,-0.0090721649484535
85645,85,-0.1962005277044854
85710,28,-0.1753986332574032
85663,9,-0.2187056485949474
85883,36,-0.0040397762585457
92878,28,-0.0187793427230048
89938,76,-0.0148
92557,37,-0.0605858854860186
85731,24,-0.0716881400726792
85751,28,-0.2185897435897436
85656,36,-0.0155865463494667
88183,36,0.0094786729857818
85744,75,-0.0436590436590436
85753,42,-0.0125094960749556
85768,24,0.0234151913192461
85724,5,0.0341597796143251
85738,5,-0.058340180772391
14604,76,-0.0022988505747126
85792,28,-0.1438423645320198
85966,28,-0.0239625949736995
85886,28,-0.1458557588805166
85889,9,-0.0662983425414364
88384,36,-0.0940952833551146
85931,85,-0.1377469300587294
85903,28,-0.014771997430957
88203,76,-0.2475728155339805
86444,60,-0.3643617021276595
86102,76,-0.006508298080052
86111,83,0.0689708141321043
87014,76,-0.0627362055933484
85860,76,-0.0465116279069768
85863,6,-0.0619185755726717
15057,55,-0.0054228096932722
87488,41,-0.0201509107243434
87501,76,-0.0164728682170542
87508,24,-0.1900826446280992
88820,76,-0.0653301071552022
13121,47,-0.1403508771929824
88951,76,-0.0247074122236671
90603,76,-0.1101849969505995
86302,36,-0.0487220447284344
87614,76,-0.0694444444444443
14175,76,0.0133899412148923
85992,31,-0.0293550778354336
85972,9,-0.2811059907834101
86047,24,-0.2847682119205298
90544,24,-0.0499040307101728
86062,55,-0.1851851851851852
86026,28,-0.0484555529356284
86083,44,0.0002738600575107
86051,45,-0.2999999999999999
86113,36,-0.0212765957446809
86048,36,0.0482084690553745
86128,36,-0.0989010989010988
88341,28,0.1220757124627816
89279,36,-0.166793216907112
87318,76,-0.0394498733260948
92919,76,0.0241080038572805
86158,76,-0.1511787280701754
87067,76,-0.0570682581126444
14778,75,-0.0265486725663717
86288,54,0.0269823879093198
90221,76,-0.0480591497227356
86228,28,0.0213716493600579
89643,76,-0.053751995742416
86299,76,-0.0054288816503801
86287,28,-0.0300465509944983
86233,85,-0.1011904761904761
92935,75,-0.0415430267062314
86728,36,-0.0550305725403
86312,76,0.0203058339758417
86339,28,0.0336300683733501
14355,67,-0.0265780730897008
86356,24,-0.0727741935483871
86868,76,-0.1137820027195025
87658,2,-0.0300646740080406
89109,24,0.0038240917782026
86435,85,-0.1690227412415488
86432,24,-0.1199076588810429
12380,90,-0.3195342820181113
87753,88,0.2244897959183671
86489,9,0.0002873563218392
86544,42,-0.1151428571428572
86526,47,-0.015079365079365
87069,76,-0.0540103492884864
86573,28,-0.0472933359390268
86578,36,-0.1799109980928163
90591,76,-0.0787494123178185
86582,76,-0.0985060690943044
86547,85,-0.3145762711864407
86560,75,-0.1584302325581394
86719,76,-0.1701631701631701
86717,9,-0.1362467866323907
90590,76,-0.1162937283328081
86763,2,0.0235988200589971
86778,9,-0.2148115591693221
86783,24,-0.1071542278241619
86810,41,-0.1364226938068427
86820,36,-0.0376811594202899
86822,31,-0.29625
86819,82,-0.0056980056980056
86827,28,-0.1514812744550028
86799,44,-0.1383928571428572
86916,85,-0.1363636363636364
92318,76,-0.0276073619631901
86876,76,-0.1818658280922432
12588,85,-0.0118820284319967
86964,24,-0.1581898762389978
86949,36,-0.1178142766898294
86990,80,-0.1458823529411764
88368,36,-0.0076628352490422
86996,9,0.0622392382074314
87006,90,-0.1813395729745539
86989,68,-0.303956834532374
87000,85,-0.6090909090909091
86965,36,-0.017090909090909
86979,76,-0.1137918617212819
87016,36,-0.1283422459893048
87077,36,0.2151450813871196
87121,2,-0.0193236714975845
87066,36,-0.0753186558516801
87075,24,-0.0380050216845468
87056,36,-0.0384660353092483
87034,6,-0.0270400432109029
87086,9,0.0336277173913042
87162,10,-0.1423203381869421
87179,36,-0.1663265306122447
87227,16,-0.2112112112112112
87236,75,-0.3401015228426396
87267,41,-0.1435990261231354
87268,75,0.253262158956109
87361,85,0.047008547008547
87269,36,-0.037122969837587
87356,47,-0.1324985092426952
87302,2,-0.2670540809381707
90358,24,-0.0320565063841347
87299,28,-0.0587059705221084
87321,76,-0.2977315689981097
87337,41,0.0281124497991966
13704,5,0.0422467594815172
87379,36,0.2098907418056352
89597,61,0.1728813559322033
87439,57,0.4205882352941177
87430,83,0.3885390428211586
12308,28,0.0151135267652684
90808,76,-0.114294516327788
87394,36,-0.202116402116402
87415,28,-0.0463001240181893
87373,36,-0.0517241379310344
87510,60,-0.1883116883116883
87445,6,-0.0511447849641778
87487,60,-0.1296296296296296
87525,36,-0.0003345600535296
87541,24,-0.1016538926986687
87583,44,-0.0077821011673151
87589,75,-0.1362397820163488
87825,41,-0.0470409711684369
87812,6,-0.1308749767787479
87657,9,-0.0304992883228666
87659,75,-0.307785593014795
87789,76,-0.0749671196843488
88152,27,-0.2279603960396039
93368,76,-0.0352941176470589
88167,76,-0.0450725744843392
88468,88,0.0324074074074074
88173,20,-0.0724137931034483
88174,43,-0.0511421752471872
88195,82,-0.2514970059880239
88159,67,-0.0035605289928789
88370,86,0.0351501745411813
88182,6,-0.2298352124891586
88260,24,-0.3535791757049892
91171,76,-0.0492449113591595
23887,60,-0.3403508771929825
89572,85,-0.0936879714172291
88534,45,0.1873278236914599
88264,90,-0.203358208955224
90071,57,-0.1731843575418995
88343,36,-0.0811630847029075
88319,75,-0.3258103604968191
88352,85,-0.0896539372931476
13198,76,0.0021398002853068
88281,6,-0.1069267459243966
88280,36,-0.0266755585195064
88332,90,-0.0431171786120592
88287,28,-0.1042791857083507
88439,27,-0.1595692608908466
88417,86,-0.3034288398309065
88466,43,-0.1061946902654867
88485,60,0.024390243902439
88421,47,0.1586885245901639
88446,6,-0.0163141025641024
88511,4,-0.2553191489361702
88542,27,-0.0329670329670329
88504,28,0.0821243523316062
89617,28,0.068374751080388
48506,6,-0.0698809887091852
14932,76,-0.0318125770653513
88648,76,-0.3557401812688822
88620,85,-0.1199999999999998
88626,2,-0.0096101541251132
88615,28,0.0146186134028079
88661,85,-0.1149674620390457
91360,24,-0.1001628664495113
13453,45,-0.0776699029126213
89576,41,0.0193292782966414
14521,65,0.0166827077317934
88807,39,0.0590809628008752
88863,13,0.0500557300638362
89029,55,-0.1736263736263736
88860,5,-0.1242145535362372
88949,28,-0.0399822956624373
88839,76,-0.41343669250646
90029,2,-0.275187969924812
90177,90,-0.0024948024948026
88873,9,0.0545627401545327
88908,76,-0.1130470016207455
88897,75,-0.1387163561076604
92601,75,-0.2490566037735848
88895,9,-0.087673038892551
89290,75,-0.2978497478099283
89006,76,0.0
89110,27,-0.0113240418118466
88970,76,-0.0303221730890713
88994,44,-0.1423684210526314
89031,10,0.0516535433070866
89002,75,-0.1411618275351762
89167,44,0.0085106382978723
89036,75,-0.0695067264573991
89044,85,-0.0639445300462249
89215,28,-0.0695351517479831
89070,76,-0.0749431633647287
89327,28,-0.0747069094537292
89413,55,-0.2395437262357413
89179,9,0.0568376611032963
90223,2,-0.1651388888888889
89244,15,-0.1532810969637611
89269,75,0.1200543056633047
89217,76,-0.0680616240944189
89307,6,-0.0100016131634135
89252,2,-0.0396825396825397
89262,76,-0.05175983436853
90125,68,-0.210016155088853
91379,36,-0.0470568392646314
89297,28,0.0592069527430745
89353,36,-0.0711590296495957
91015,76,-0.0741301059001513
92174,42,0.2073976221928666
89424,28,-0.060475161987041
89387,85,-0.1507074695623561
89394,75,-0.2754172989377844
91975,76,-0.0589970501474926
89445,82,-0.1014492753623188
91665,42,0.0400782013685239
93016,88,-0.2684684684684685
91152,27,-0.0861518296889627
91727,75,-0.1147132169576059
89753,27,-0.2422163588390501
14610,7,-0.1201608848667672
89453,44,-0.2013737121448643
91269,60,-0.0494117647058823
89406,24,-0.2533638320775025
89626,28,0.0738960913301336
89443,60,-0.0645573665707893
89916,27,-0.1443827424177701
89533,28,-0.2569747317410868
90601,28,-0.0169197396963124
89482,85,-0.0882150241212955
90313,44,-0.1580882352941176
89941,42,-0.0318725099601593
93150,76,-0.1075652337150366
14599,60,-0.0650650650650651
90067,2,-0.0461538461538462
89876,76,-0.2058351430459823
89653,76,-0.1010558069381598
89826,36,-0.1147844894175807
89574,85,-0.0181365576102419
89546,75,-0.0522713130056005
89509,75,-0.1670550538887271
89573,28,-0.1127622377622377
90436,76,-0.0855548667079975
91274,76,-0.0349740932642486
89781,42,0.0974310730540768
89741,15,0.0548523206751054
89800,75,-0.1878826941669352
89824,24,-0.0248756218905471
90716,28,-0.0675733106672332
13411,7,-0.174785100286533
89901,16,-0.3289521723256663
89866,76,-0.1478405315614619
89889,16,-0.0364583333333332
89964,9,0.0206718346253229
89922,85,-0.1545271629778671
89913,76,0.0234052317576871
91086,2,-0.1110047846889952
89973,85,0.0
89971,76,0.0392508143322476
89952,85,-0.1111691932392403
89960,76,-0.0727941176470587
90088,24,-0.0859538784067084
90126,36,0.1757369614512469
90490,28,-0.1283055827619981
90194,24,-0.1011008111239861
90454,54,0.070024865089098
91977,75,-0.1557692307692307
90248,6,0.0329662588870669
91901,28,0.0233702337023369
91233,42,-0.0108165508646731
14542,9,-0.0713936973511324
90533,57,-0.341692789968652
90708,6,-0.0237714186127571
90427,24,-0.0509164969450102
14650,76,-0.0632994424401443
90288,75,-0.29875468504413
90227,90,-0.0892262125138837
13879,60,0.1916161293754656
90314,83,-0.3038116591928251
92453,55,0.0144806692793018
90353,36,-0.0823154540626658
13577,76,-0.3398378865205644
90312,76,-0.1786379928315412
90090,36,-0.132656990031272
19721,28,0.0249551459794488
90455,54,-0.2521354279021625
90249,76,-0.1873103049573637
90444,24,0.0116518163125427
90476,86,0.1115702479338842
90496,47,-0.218895800933126
90568,76,-0.2185863874345549
90505,28,-0.1797166293810589
90600,76,-0.0421428571428571
90637,76,-0.006872852233677
90718,76,-0.0739506995336441
90417,76,0.0135135135135135
90409,36,0.0186219739292363
90548,75,-0.1596638655462184
90803,2,-0.2248062015503876
90386,85,-0.177709689774033
92521,89,-0.4503105590062112
90520,28,-0.1201223468347389
90440,36,-0.1575534266764922
13797,90,-0.0712654179990864
90564,75,-0.013256288239293
90605,28,-0.2272727272727273
90550,28,-0.0420466841861183
90569,6,-0.1015691868758916
90558,76,-0.2189748201438848
90734,10,0.0195301953019531
91500,24,-0.0023569023569023
14689,20,0.2810945273631839
90494,60,-0.3175182481751825
13938,57,-0.0607194244604316
90474,41,-0.0290909090909091
90711,85,-0.0113722517058377
90672,2,-0.1286127167630057
12487,76,-0.0182845250483125
91018,90,0.0145804676753782
90664,83,0.0018997274304122
13196,9,-0.0275229357798164
90720,76,0.0217706821480407
90636,85,-0.0129032258064515
91114,85,-0.0029917726252803
86165,2,-0.1103669724770642
92571,29,-0.3360805860805861
90993,75,0.0105716041794714
90735,88,-0.0953947368421053
90885,39,0.0826044703595725
14185,44,-0.2370238800078943
13993,26,-0.433134684147795
90856,28,-0.0239840106595602
90871,28,-0.119707467282525
90776,76,-0.1387609878610297
90829,76,-0.1013845466726216
15127,31,-0.1236111111111112
90775,85,-0.2217079725291132
90868,27,0.0089770848098276
13455,8,-0.2244897959183673
90955,57,-0.1954887218045112
90805,41,-0.117799352750809
90952,36,-0.1140425531914893
90961,76,-0.0030193236714973
90971,10,-0.158682634730539
91594,28,-0.067433831990794
90825,36,-0.1958424507658643
90963,76,0.0059101654846336
91349,36,-0.2920110192837466
90900,42,-0.187781750349759
91356,90,-0.0870244919228765
90988,60,0.0
90989,85,0.0388548057259714
91090,5,-0.3062836624775583
90978,75,0.033240997229917
90979,75,-0.0125595495885664
91801,89,0.0211696215930141
91488,75,-0.0316742081447962
90925,76,-0.035043804755945
91083,76,-0.0399923199385595
91408,85,0.0042978686080168
91192,44,-0.2260787992495309
84185,9,-0.0746666666666666
91041,27,-0.0691766146311601
91080,9,-0.2005919105557383
13931,28,0.0114942528735633
15273,55,-0.3063025210084033
89003,28,0.0376951608729405
13976,60,-0.1333333333333333
91176,76,-0.0132890365448505
91095,85,-0.1723122238586155
93175,76,-0.2544180377818403
91186,41,-0.0988336402701043
91234,36,-0.1388630009319664
91627,66,-0.1931818181818182
91348,47,-0.0729411764705882
91237,24,0.2181069958847736
91215,9,-0.1740420939017809
91359,5,-0.054054054054054
91395,20,0.0352112676056337
91366,2,0.1858736059479553
14174,55,-0.2147160068846816
13532,36,-0.0751829673985362
91299,9,-0.1795698924731184
13377,6,-0.1041301227874342
13534,76,-0.0347003154574132
14094,29,-0.3729754743174456
14707,44,-0.0558583106267029
13188,28,-0.0680971803511261
13407,6,-0.0823681014668098
14033,2,-0.4469999999999999
13641,41,-0.0782968324090609
13356,76,-0.1428874509387928
13621,20,-0.5395392278953923
13559,85,-0.1909547738693466
13543,28,-0.1284098469727214
13447,46,-0.035284223959183
13761,26,-0.1246666666666665
13548,76,-0.0340170085042521
13337,20,-0.3612040133779265
13369,55,0.0714285714285714
13622,60,-0.4554531490015361
91363,76,0.0204638472032743
91463,76,-0.1245247148288973
91357,36,-0.1548387096774193
13967,67,0.0716194548369855
93035,76,-0.0222686151704939
91472,63,-0.0120712401055408
91579,9,0.0
91514,76,-0.0893213572854291
91498,13,0.1616727033256502
91503,24,-0.1063019390581717
12452,83,0.1395348837209302
91446,76,-0.0761421319796954
91614,85,-0.1739670705187945
91468,6,-0.0639527417490689
92506,36,0.0783450704225352
91392,44,-0.0867768595041322
91413,6,-0.2073283382941599
91618,85,-0.0773480662983425
91659,36,-0.0460920479302831
92040,24,-0.1551724137931034
91355,44,-0.0075471698113207
93189,45,-0.104229004588071
91461,76,-0.0020576131687244
91416,90,-0.1781959048146099
91486,85,0.0832762947752681
91611,41,-0.0567202990411181
91742,20,-0.0444773063360255
91615,44,-0.2660550458715596
12049,85,-0.2240437158469945
91612,20,0.0387277829747427
91622,76,-0.074396782841823
91625,42,-0.2127498102706805
90077,63,-0.1345555985010167
92773,76,-0.1678832116788322
91516,6,0.0234221760701511
91683,90,-0.1423728813559321
91668,9,-0.2836376123161448
92456,85,0.0709677419354837
91571,28,-0.2275541795665634
92589,85,-0.1060606060606061
92252,2,-0.1150793650793651
91658,41,-0.1632435316084289
91678,85,-0.1314984709480123
91754,36,-0.1264044943820225
92035,85,-0.1496815286624204
14548,76,-0.0506329113924051
91741,76,-0.1477272727272728
91743,76,-0.0778097982708934
92449,15,-0.1289473684210526
91822,75,-0.0616045845272207
91836,89,-0.0170745672632243
91688,24,-0.0321528424976701
91826,20,0.0
13796,82,0.3025751072961373
91814,85,-0.1038647342995168
91959,76,-0.0104506858262574
91854,24,-0.1400817995910021
91968,36,0.0318509615384616
92091,55,19.43209876543209
91900,3,-0.2705667276051188
14137,20,-0.3166023166023165
93177,85,-0.1284403669724771
91909,20,-0.2982946603298854
91849,9,0.0570557859984763
14310,76,-0.0184049079754602
92210,85,-0.0551044083526681
91915,76,-0.0965517241379309
91979,24,-0.0930326218284333
92052,9,0.1324146195326541
14693,30,-0.0763888888888889
92050,42,0.2729275362318841
92345,2,-0.5612244897959184
92095,2,-0.283410138248848
92096,36,-0.0325190722046698
92097,36,0.0370370370370369
92121,28,-0.0851638237820591
86812,2,-0.1532515337423311
14328,75,-0.2097625329815303
92143,10,0.1065573770491803
92102,2,-0.2733067729083667
92229,28,-0.2367236723672366
92220,27,0.0045333849046012
92188,24,-0.0115524010872848
92172,60,0.1278688524590163
13284,28,-0.1167306871532223
93149,85,-0.191747572815534
14444,2,-0.2391304347826087
92221,19,0.1784194824137752
93004,36,0.1178571428571428
68145,63,-0.2491525423728814
93071,2,-0.4044585987261146
92293,28,-0.2447767758961951
93130,60,-0.0695652173913041
89756,2,-0.2063492063492064
92402,10,-0.0238264708492323
12400,27,0.0827372114995275
92303,76,-0.0938433950986252
92326,6,-0.0688445516334137
14945,55,-0.4409316770186335
92354,76,-0.1115577889447235
92428,24,-0.125625
92429,55,-0.3744880046811001
92432,83,0.0337732919254656
92400,90,-0.2745839636913767
13712,36,-0.1201044386422975
92443,36,0.0006666666666665
12906,75,-0.2292682926829268
92493,42,0.0149402390438246
92466,89,0.2062499999999998
13524,20,0.0238805970149253
92467,2,-0.0463320463320462
92469,36,0.0735257214554578
13561,24,0.0173913043478262
92917,75,-0.0749999999999999
92528,75,0.0664819944598338
92523,76,0.0029036004645761
91365,9,0.0959482273494654
92614,28,0.044643682410574
92587,42,-0.1202205882352941
92611,6,-0.0188529476891654
92648,36,-0.1680477295326483
92588,6,-0.129829446571528
10258,78,-0.1693989071038252
92602,36,-0.1089417744916821
93347,90,-0.196969696969697
92597,24,-0.1345885634588565
92984,36,-0.1282766990291263
13262,57,-0.1499623210248681
92753,31,-0.0287769784172663
14797,47,0.1620727673649393
12577,67,-0.0473071324599708
93345,47,-0.081218274111675
92621,30,-0.1505376344086021
93079,36,-0.1425457715780296
92780,76,-0.0462224307836696
13343,24,-0.1459896133871897
92852,25,0.0342566226594183
92685,76,-0.0608777725342143
92688,75,-0.1666666666666667
92692,36,-0.0393759286775632
92810,76,-0.0270196506550218
93065,75,0.0080233406272793
92696,9,-0.0693716199522331
93339,75,-0.0927835051546391
79678,76,-0.1003941091059946
92775,19,-0.0235954985812719
92729,9,-0.0659440750523727
13305,28,-0.0800699300699301
13604,28,-0.2003401360544217
93384,58,-0.1539153915391538
92782,28,-0.1067773167358229
93089,6,-0.0080770865806999
12527,16,-0.0454545454545454
13869,44,-0.1283839212469236
92797,75,-0.1474999999999999
14820,75,-0.088235294117647
92913,43,-0.022204599524187
13556,78,-0.2786885245901639
92809,24,-0.0146299483648881
87078,85,-0.0141843971631204
91161,85,-0.2487046632124352
92808,36,0.7643504531722056
92854,60,-0.2012890431333664
13253,44,-0.3438685208596712
92940,6,0.008966127961036
82163,20,-0.2634146341463413
75754,41,-0.1890822784810126
93274,30,-0.1946308724832215
92987,76,-0.0708117443868739
93073,27,0.0070692194403532
13863,75,-0.2883720930232557
93098,24,-0.0585168773621791
93132,10,-0.2241490044958253
12451,75,-0.2618595825426943
93085,9,-0.0562632696390658
14262,20,-0.2301369863013698
92596,43,-0.21959213401311
78003,31,-0.1951461119366022
93246,6,0.0029096199308964
93128,57,-0.0955223880597014
92486,89,-0.3058321479374111
12310,44,-0.1376804573200271
93371,47,-0.2074074074074073
93356,6,-0.0174474648158857
12384,20,-0.0344563552833079
88244,75,-0.1228668941979521
93401,36,0.1974317817014446
15186,2,-0.1223628691983123
14172,85,-0.023002960010834
93233,36,-0.083369518019974
93304,24,-0.1265972550875532
12591,28,-0.1003364943407769
93264,85,-0.080740117746005
93372,24,-0.0174788135593219
93434,75,0.0034013605442178
93266,42,0.074281709880869
11664,83,-0.2722283205268936
93420,44,-0.1475409836065573
12402,24,-0.2673015873015874
93393,85,-0.0759668508287292
93289,28,-0.2133036046079524
11370,6,-0.0574728835047189
14435,2,-0.0925947843926303
12449,28,-0.0105001720444464
12559,90,-0.4304538799414348
12307,63,-0.2433035714285715
12009,75,-0.3144963144963146
12340,36,-0.2532133676092545
12089,27,-0.1056586413126819
93374,28,-0.0948124780932352
93436,85,-0.2242657840713896
12374,9,-0.0389837932544895
12078,24,-0.149122807017544
10158,42,-0.0371845949535193
93426,54,-0.0541325587536307
12592,66,0.1705685618729095
10220,76,-0.0892367906066536
12497,8,-0.1102661596958175
15254,75,0.0257782535010258
12919,31,-0.0665883274578927
86092,10,-0.0499254843517138
13837,6,-0.0846374960076652
12360,15,-0.0933694181326115
12476,85,-0.0420921544209215
12502,76,-0.1136536994660564
12660,2,-0.3693693693693695
12639,28,-0.0259835315645013
12521,24,-0.1430274135876043
12373,36,-0.0735135135135134
12515,76,-0.1120831055221432
12583,36,0.0926670015067805
12366,6,0.0654410524540394
12573,82,-0.330749354005168
12494,44,-0.1118210862619809
14358,15,-0.1870503597122302
12640,2,-0.0188679245283018
13410,28,-0.1824121971140756
12798,83,-0.1688654353562005
12623,24,-0.0784437056339294
12783,28,-0.1477316789453275
13860,9,0.2021036814425243
12579,63,-0.1382488479262672
13111,55,0.0292397660818712
12905,36,-0.1475029036004645
14329,85,0.1193693693693693
14441,47,-0.2990384615384616
13844,13,-0.2337662337662337
12913,6,-0.0309057527539778
12872,76,-0.244455396747166
15327,20,0.1791044776119403
13141,41,-0.2253419726421887
12792,55,-0.093603744149766
13302,76,-0.0040371417036737
13108,85,0.0028409090909089
12880,36,-0.096558808423215
12960,9,-0.0350591112922951
13323,13,0.510956175298805
13046,3,-0.2941625110002932
14715,85,0.1980440097799511
13169,84,0.1113074204946995
12920,36,-0.0089826302729527
13201,42,-0.3515754560530679
13249,9,-0.0859823299025412
13210,65,-0.0377453166815343
13116,63,-0.188616535105941
12908,90,0.1635071090047395
15006,9,0.0050847457627118
13109,75,0.0783410138248847
13316,83,0.0160125588697017
13326,20,0.0187185025197984
13743,85,-0.237551867219917
13520,75,0.1121166415284062
13244,85,-0.165058405281869
13375,60,0.1200631911532386
13260,24,-0.0049850448654036
13124,2,-0.1258278145695364
12981,36,-0.0894278135657445
14339,47,0.3397790055248617
13035,28,-0.1100719424460432
14960,43,-0.2216551221290557
10966,16,-0.108603066439523
13019,31,0.0747986191024165
13579,28,-0.0823744769874477
13085,41,-0.1489160276436617
13105,75,0.0062460961898811
13203,28,-0.0109331352154531
13107,20,-0.191023535851122
13730,76,-0.2138177486599166
13318,76,-0.2329006490264603
13159,20,0.0880503144654087
13280,75,0.1780821917808219
14244,44,-0.1952983725135624
13168,85,-0.2058989291752769
12629,24,-0.0836158192090396
13748,36,-0.0574712643678161
90199,28,-0.1223353178413673
90272,27,0.0690535680645028
90276,76,-0.0298902762012864
90178,36,-0.2442355048130737
90188,76,-0.0435643564356436
90164,85,-0.2771607918879768
92457,36,-0.1554809843400447
90233,85,-0.1686919228020014
90097,31,0.0651629072681703
90303,9,0.0213359920239282
13279,47,-0.1298342541436464
12615,76,-0.2933968686181074
14060,20,4.236432878451285
14406,36,-0.1289134438305708
