firms,clusters,mom1
65832,0,0.0114942528735633
66413,31,0.0034722222222223
62500,17,-0.0777777777777777
27991,0,0.0013908205841446
20482,0,-0.447346251053075
10656,0,0.1206896551724137
10123,0,0.05
11647,22,0.0
63837,0,-0.0493827160493827
60038,0,-0.1052631578947368
85084,0,0.0232558139534884
79678,9,0.0248447204968944
10752,0,0.1320754716981131
10779,0,-0.2222222222222222
61487,0,-0.0260416666666666
85164,0,-0.1470588235294118
61241,0,-0.1277955271565495
11042,0,0.0645604395604395
61081,0,0.0363196125907989
28222,25,-0.5402298850574713
11368,33,-0.1022727272727272
51721,0,-0.0620805369127517
11456,7,-0.1851851851851852
28804,17,0.1781376518218622
11587,0,-0.1125
49584,16,0.0256410256410255
42083,0,-0.0252100840336134
48514,0,-0.3126843657817109
11691,15,0.0130434782608694
71271,0,-0.3429577464788732
10137,23,0.0734966592427617
44740,0,-0.03125
11851,0,0.0
10145,0,0.0380116959064327
41443,0,0.179080824088748
12002,0,-0.1515151515151515
45911,17,-0.0981132075471697
24643,0,-0.0495495495495496
64856,0,-0.1059431524547803
28484,0,0.0046242774566473
39482,0,-0.0124481327800829
10225,23,0.0
56119,23,-0.0786516853932584
77200,0,-0.0138888888888888
12758,35,-0.05
24109,0,0.0
57904,0,-0.5254403131115459
59643,0,0.1011904761904762
15667,0,0.0711513583441139
65859,0,0.0605612998522895
66800,0,0.1792024230186775
13304,0,0.1036866359447004
85404,0,0.0476190476190476
13470,0,-0.1067961165048543
46527,0,-0.1973684210526315
58560,0,0.0990990990990992
69200,0,-0.0197368421052631
10401,9,-0.0616016427104723
11144,0,0.5306122448979591
23544,15,0.0553191489361701
14008,0,0.0805785123966942
14059,0,0.0
27051,0,-0.0953947368421053
19553,0,-0.0014947683109117
18075,28,0.0423728813559323
14219,0,-0.0299145299145299
14227,33,-0.1044776119402984
87119,0,-0.1343283582089552
29073,9,0.0041322314049587
14323,0,-0.1778093883357041
29102,0,-0.1511936339522546
59184,30,0.0272108843537415
29145,23,-0.11875
39490,15,-0.0786106032906763
14593,18,0.0774647887323942
52804,0,0.3707865168539326
10516,0,0.023102310231023
14868,33,0.015568862275449
77595,0,-0.0384615384615384
17566,0,0.1724137931034481
19692,0,-0.1991084695393759
15035,23,-0.056
29209,0,-0.1364764267990074
31472,0,0.2352941176470588
10364,0,-0.0192837465564738
24272,0,0.0350877192982457
15457,0,0.1458333333333332
15502,18,0.0256410256410255
15553,0,-0.009375
10604,0,-0.0095087163232963
15684,0,0.2623211446740858
15721,0,-0.2306763285024154
69542,0,-0.2934782608695652
44644,0,0.1453831041257367
15991,0,0.1159420289855073
16030,0,0.0276497695852535
44601,0,0.0373944511459589
80073,25,-0.0641025641025641
27684,28,-0.0750528541226215
40416,39,-0.053475935828877
58376,0,-0.0789473684210526
16193,0,-0.0259740259740259
65496,0,-0.4127659574468085
53110,0,-0.019031141868512
62797,0,-0.0526315789473684
52484,14,-0.0822784810126582
10318,17,-0.3712574850299401
58755,15,-0.0647482014388489
57568,0,0.0190174326465926
16460,0,-0.1955307262569832
16468,0,-0.1839080459770115
24221,15,0.0205338809034907
16564,15,-0.0106951871657754
55781,0,-0.1567567567567567
16599,0,0.0434782608695651
16791,13,-0.0423728813559322
29532,16,0.0189274447949527
16890,28,-0.0256410256410256
46877,28,0.0972972972972971
39693,0,-0.0903361344537815
16978,0,0.0754039497307001
16986,13,-0.1011904761904761
85842,0,-0.0526315789473684
47423,0,0.1092436974789916
17057,35,-0.4819277108433735
26518,28,0.0062735257214554
27887,0,-0.0590163934426229
75330,0,0.0
29612,0,-0.125
39642,0,0.0971731448763251
17444,17,-0.1682242990654205
65875,0,-0.5020463847203274
29639,0,-0.0990099009900989
65883,0,0.0406976744186047
65509,0,-0.5266990291262136
43772,28,-0.031111111111111
11510,0,0.0158730158730158
42438,14,0.1114457831325301
17807,0,0.4107142857142858
10786,9,0.0153061224489796
17962,0,-0.0704225352112676
61508,0,0.0
18033,16,-0.1654411764705882
18308,0,-0.0512820512820513
20220,0,0.044967880085653
61946,0,0.0484330484330484
18455,23,-0.1314285714285714
62519,9,-0.306930693069307
55108,0,0.0087719298245614
19561,0,-0.0667539267015706
42024,0,-0.0187265917602996
18650,13,-0.0987654320987654
78851,0,0.0254957507082151
25144,25,0.0231124807395994
66130,0,-0.0666666666666666
11901,35,0.03125
60898,0,-0.0138888888888888
39757,0,-0.1142857142857143
80149,9,-0.1776315789473684
17961,0,-0.174931129476584
86079,0,-0.0677966101694915
19393,0,0.0691860465116278
42606,0,-0.0943396226415094
19546,0,0.1231343283582089
53786,15,-0.0228471001757468
10874,0,-0.2127236580516899
55597,28,-0.1564102564102564
19677,0,-0.0789473684210526
19722,0,-0.1627906976744185
19802,9,0.1111111111111111
77465,25,-0.2021276595744681
50227,0,-0.0131909547738693
19880,0,0.1575757575757574
19888,0,-0.1814859926918391
10890,0,0.1501272264631044
67432,0,-0.1906976744186046
19992,15,-0.0267857142857143
79732,0,-0.02
20117,31,0.153179190751445
20125,31,0.1968503937007875
45655,0,-0.2733446519524618
48282,0,-0.109375
67838,0,0.0
47626,0,-0.6921487603305785
20299,0,-0.1149425287356321
10989,0,0.0287929125138426
62148,0,-0.0471204188481675
28564,0,-0.0597609561752987
20459,39,-0.1071428571428571
46690,0,-0.0281425891181988
20504,0,-0.0789473684210526
20512,0,0.0664556962025315
20547,0,-0.0347826086956521
20571,0,-0.0536585365853659
56602,0,0.3217821782178218
20723,0,-0.183673469387755
20750,0,0.1323943661971831
51414,28,-0.1243781094527363
21371,14,0.0504201680672269
27334,0,-0.1098191214470284
23114,28,0.0579268292682926
86423,35,-0.1428571428571429
20618,0,-0.0518867924528302
26374,28,0.0104166666666667
56952,23,0.0080321285140563
30402,0,-0.0222222222222222
40707,0,0.0757780784844384
18542,0,-0.0369738339021615
53831,0,0.055944055944056
22016,0,-0.0705128205128204
22437,0,0.0472103004291846
63503,0,0.0213675213675212
58173,0,0.0
60599,0,0.0352609308885754
22374,0,-0.0909090909090909
22382,39,-0.0466666666666666
22430,0,0.0
22518,0,0.0212765957446807
22569,15,-0.0113636363636363
41419,0,0.0904872389791182
21397,23,0.0247395833333332
53364,0,0.0
77854,0,-0.0601851851851852
22913,0,-0.2051282051282051
22921,0,-0.1985815602836879
64194,23,-0.0747028862478778
23035,25,-0.0876712328767123
21960,15,0.096830985915493
23182,0,0.0071428571428571
14541,0,0.0485133020344288
30509,0,0.0038167938931297
30517,0,-0.2179487179487179
23297,0,-0.1149425287356321
23318,0,-0.1314878892733564
21282,0,0.0404280618311534
30525,0,-0.2064
23393,0,0.068041237113402
79026,0,0.3495934959349593
68320,0,-0.0483870967741935
24117,0,0.0893617021276595
47677,0,-0.1001964636542239
22680,28,-0.1878914405010439
23537,9,-0.1949999999999999
23588,0,0.117117117117117
66878,0,0.0099667774086378
24046,0,0.1382007822685789
27422,28,0.0129870129870128
24097,18,-0.0208333333333333
46578,0,0.1434977578475336
56741,0,0.0971128608923883
24193,0,0.0
38893,0,-0.0097517730496453
11995,0,0.0611835506519558
11308,39,0.0909090909090908
24441,0,-0.2447552447552448
64901,0,-0.0176991150442478
24476,0,-0.2560975609756097
30648,0,-0.2093495934959349
18729,0,0.0114942528735633
24556,0,-0.0705128205128204
52740,13,0.0749999999999999
24679,28,0.0065934065934065
77473,0,-0.1092436974789915
11340,0,-0.3407407407407408
24935,0,0.15962441314554
11997,0,0.1841385597082954
25073,0,0.043010752688172
20853,0,0.02
10195,0,-0.1025641025641025
25452,0,-0.0857142857142857
25989,0,-0.0467289719626168
68347,0,0.0365296803652968
25612,0,-0.0138888888888888
25778,0,0.0583333333333333
25786,13,0.0808510638297872
26009,16,-0.0247619047619047
40125,0,0.2322503008423586
26084,0,0.0592885375494072
86925,0,-0.0746268656716417
26252,0,0.109448082319925
26279,0,-0.0842490842490842
79618,0,-0.021978021978022
86941,0,-0.2727272727272727
26332,0,-0.1803921568627451
11404,0,0.075912408759124
41929,14,0.035007610350076
21821,0,0.0408839779005525
26586,0,-0.0583153347732181
26607,0,0.0662460567823344
26650,0,-0.0141843971631205
23229,0,0.0100430416068866
26711,31,0.2923976608187135
26834,0,-0.1176470588235294
30840,17,-0.0338983050847457
38914,0,0.087962962962963
21979,0,-0.1466019417475728
27430,15,-0.1240105540897097
59248,0,-0.0933333333333333
22293,0,-0.1188589540412043
27474,0,-0.2777777777777778
49496,0,-0.1490384615384615
20204,25,-0.0782918149466191
27618,15,0.0344827586206897
38420,0,-0.0649651972157773
27722,0,0.0267558528428093
53575,0,0.2324324324324325
31042,0,-0.1446808510638297
17726,15,-0.0843373493975904
59256,28,0.0884955752212388
31069,0,0.0120481927710842
31077,0,-0.1872340425531915
41080,0,-0.0167865707434052
18091,0,-0.061377245508982
28063,0,-0.0555555555555555
28151,0,-0.196078431372549
29744,7,-0.25
19828,0,-0.0999999999999999
11607,14,0.026378896882494
49285,25,-0.0646153846153846
66472,0,0.1818181818181818
57592,0,-0.0204918032786884
28629,0,-0.2894736842105263
28725,0,0.0652173913043479
28840,25,-0.0555555555555555
11183,39,-0.25
12005,0,-0.0999999999999999
28952,0,0.0893617021276595
29050,0,0.1875
29058,0,0.0458715596330274
22859,8,0.0507246376811594
60273,0,0.0505050505050506
45110,0,-0.2532188841201717
26112,14,0.1239130434782609
77389,0,-0.0992366412213741
61743,0,0.0651769087523277
29437,35,-0.15
29560,0,-0.1219512195121951
29576,0,-0.0194174757281553
11674,0,0.0205371248025276
76708,0,-0.4489795918367347
45874,0,-0.2287878787878787
29736,0,-0.1111111111111111
29752,0,-0.0705645161290322
65226,0,-0.1578947368421053
29832,0,0.0112359550561798
29867,0,-0.1666666666666666
40440,0,-0.0128205128205127
79322,0,0.0
44943,0,-0.1538461538461538
30147,0,-0.4952153110047846
10886,0,-0.2692307692307693
30307,0,0.0283018867924529
64936,0,0.0267716535433071
38682,0,0.0166666666666666
30577,18,-0.0909090909090909
25953,0,-0.0866666666666666
20626,0,-0.0019354838709677
58990,0,0.1584415584415583
30681,0,0.0654205607476634
30761,0,-0.0379746835443037
30780,0,-0.2049382716049382
31376,0,0.0
11703,9,-0.0323886639676113
63132,33,-0.377431906614786
27959,0,0.0281995661605205
25072,15,0.0950570342205323
30892,0,0.0113636363636364
30940,0,-0.1545064377682403
31051,0,0.912280701754386
31070,0,-0.0106382978723403
31078,0,-0.0795454545454545
42200,14,-0.0476190476190476
63159,0,-0.1428571428571429
32281,0,0.0869565217391303
31422,0,-0.108695652173913
31457,16,-0.1827956989247311
31480,0,0.0304449648711944
26075,15,0.0685358255451713
11754,0,0.0236427320490368
11762,0,-0.1343075852470424
70578,0,0.0040485829959513
31552,14,0.0201342281879195
68398,0,-0.0545454545454545
77481,0,-0.0097087378640776
44185,0,-0.0471698113207547
32062,0,-0.0086206896551723
32110,25,-0.1162790697674418
87549,0,-0.1538461538461538
77376,35,0.0
32222,0,-0.1153846153846154
22103,0,-0.0061728395061728
11012,0,0.0416666666666667
32417,9,-0.039855072463768
23042,15,0.0308641975308641
61540,35,0.0
32540,0,-0.1810344827586206
26470,0,-0.0092307692307692
32636,0,-0.1755319148936169
32791,0,-0.2682323856613102
62834,0,-0.0270270270270269
32986,0,-0.008130081300813
33137,0,0.186046511627907
80119,0,-0.0701754385964912
52476,0,-0.0017182130584192
24328,36,0.0701754385964912
33420,0,0.1666666666666667
33532,0,0.0052631578947368
31691,0,-0.0344827586206896
42550,0,-0.1327433628318584
33612,28,0.0024875621890547
87696,0,-0.0869565217391304
66149,0,-0.279874213836478
87717,0,0.1
33823,0,-0.125
87725,0,-0.1217391304347825
11850,30,0.0124113475177305
12395,0,-0.132183908045977
19166,0,-0.1079313164349958
54439,33,0.0270270270270269
24205,0,0.0254323499491353
79823,0,-0.0611620795107034
24918,28,-0.0140845070422535
34367,0,0.195
21338,0,0.1404435058078141
34463,0,-0.099099099099099
47706,23,0.0805555555555554
21135,0,-0.1157205240174672
34578,0,-0.0763888888888888
10016,0,-0.0084745762711864
34818,0,0.0
34981,0,-0.0511627906976743
36709,0,-0.0952380952380952
54244,33,-0.0625
47271,0,-0.0786885245901639
36768,28,0.0566037735849056
27748,25,-0.7655310621242485
22496,0,-0.003030303030303
37023,28,0.1804878048780487
56784,0,-0.0622489959839357
49031,0,-0.009090909090909
37189,25,0.0387096774193549
41726,0,-0.0805500982318271
25785,0,0.1373493975903614
45241,0,0.0833333333333332
37234,0,-0.0043478260869564
37277,23,-0.0054054054054053
37402,0,0.0
18112,0,-0.1551724137931034
37568,0,-0.0189359783588818
37584,0,0.104859335038363
58421,0,-0.009090909090909
25961,0,-0.1157407407407407
37955,0,0.1185897435897436
21004,0,-0.0460878885316183
38085,16,-0.1666666666666666
38093,28,0.0376811594202899
47941,0,0.0686090225563909
32096,0,-0.0180995475113122
38280,0,-0.0163043478260869
38333,0,0.0787545787545787
62607,0,0.1095890410958904
12052,0,0.0464135021097047
12060,0,0.0899550224887555
46834,0,-0.25
56629,0,0.00625
77644,0,0.1417322834645669
38472,0,-0.2790171428571428
12079,0,-0.0704347826086956
38659,0,-0.5051194539249146
62260,0,0.1285714285714285
46674,0,0.01841620626151
23915,0,-0.0817916260954235
27449,0,-0.0275229357798164
39029,0,-0.1933701657458563
39045,0,-0.0700636942675159
16424,0,-0.5144076840981857
12024,0,-0.2068965517241379
57154,36,-0.0306513409961686
55466,0,-0.0486257928118393
45428,0,-0.1544943820224719
60441,0,0.0240240240240239
12140,0,-0.0317073170731707
16432,25,-0.1034782608695652
53604,28,-0.0522875816993464
39571,0,0.0072202166064982
39590,0,0.0384615384615385
60468,25,-0.037037037037037
52695,25,-0.5281231497927767
39731,0,0.0882352941176469
32379,0,-0.0140624999999999
63976,0,-0.1158301158301158
40097,0,-0.1140939597315435
19721,39,0.0277777777777776
40345,0,0.1074380165289257
54770,28,-0.2592592592592593
40484,0,-0.3892799133730373
67942,0,0.123076923076923
23819,0,-0.0644736842105263
49349,0,0.0377358490566037
43238,36,-0.087227414330218
59301,25,-0.0042432814710042
40970,0,-0.0909090909090909
50905,0,-0.0557491289198606
41014,0,0.0346420323325635
25582,0,-0.0762273901808785
25304,23,0.0501432664756447
52978,0,0.0277777777777776
32619,0,-0.021505376344086
41188,0,-0.0999999999999999
10294,0,0.0666666666666666
41187,23,0.0375816993464053
41241,0,-0.0679611650485436
41292,0,0.1339285714285714
53620,7,0.9375
50059,35,-0.1944444444444444
32651,8,0.0625
41444,0,0.0172413793103447
41487,0,-0.1578947368421053
32707,0,-0.1113861386138613
18016,0,-0.0666666666666666
16600,0,-0.0018083182640145
61567,33,-0.1643835616438356
41823,0,0.058139534883721
41874,0,0.024390243902439
23309,0,-0.0894632206759443
42140,0,-0.0241545893719806
12319,0,-0.0459770114942529
42439,31,0.0625
18374,14,-0.0044676098287416
42455,17,-0.0967741935483871
42607,18,-0.0967741935483871
44986,0,-0.0863309352517985
20124,0,-0.6323325635103927
21792,0,0.0764192139737991
58886,0,-0.1210526315789474
32934,23,-0.0863874345549737
48135,0,0.0519480519480519
44150,0,0.1934156378600822
42877,0,0.1899791231732777
88795,0,0.09
42981,0,0.0666666666666666
43028,0,0.0232558139534884
62295,28,0.0243445692883894
38973,0,0.057636887608069
64258,0,-0.1038961038961039
78892,0,-0.0512820512820513
43290,0,-0.05
64004,31,0.0249999999999999
75227,0,-0.0645161290322581
12570,0,0.0135593220338983
80210,15,-0.0199733688415446
21928,15,0.012797074954296
56573,31,0.0104166666666667
43610,13,0.0728744939271255
43749,39,-0.0112359550561798
43757,0,-0.1341463414634146
51633,31,-0.0323886639676113
44090,0,-0.0604026845637584
12431,15,-0.0221914008321775
44194,0,0.0571428571428571
12458,0,-0.0152838427947598
88990,0,-0.2962962962962963
44274,0,0.075242718446602
65293,0,-0.1111111111111111
46519,25,-0.0749999999999999
46463,0,-0.0765765765765765
44506,0,-0.2366666666666667
59328,18,0.0376202974628172
44565,0,0.0847457627118644
44581,35,0.0
44637,0,-0.1480865224625623
77855,17,-0.048728813559322
44768,17,-0.4848484848484848
44776,0,0.0
44792,36,-0.0283687943262411
15747,39,0.0147058823529411
89093,14,-0.0705128205128204
58608,28,-0.0865561694290976
44928,35,0.1935483870967742
50075,0,-0.2096774193548387
12490,0,-0.0228723404255318
40272,0,-0.0950520833333333
12511,0,-0.0365111561866126
45277,0,-0.0177215189873417
45306,0,-0.0227272727272727
21573,0,-0.0652173913043477
27705,0,-0.1952662721893491
45373,0,-0.3584905660377359
45437,0,-0.0265151515151514
68494,0,-0.0898203592814371
45509,35,1.933333333333333
23317,0,0.0785536159600996
45560,0,-0.1290322580645161
53065,0,0.0231822971548998
67993,17,0.0815450643776825
45728,23,-0.0284360189573459
45891,7,-0.0784313725490196
57066,15,-0.1736694677871149
45955,7,-0.0294117647058823
46026,33,-0.0454545454545454
46077,0,-0.0527950310559006
47984,0,-0.1170212765957446
46229,0,0.0
52329,0,0.0
46245,0,0.115839243498818
61583,14,-0.0703125
46392,0,-0.1159029649595687
80543,0,-0.147457627118644
22111,0,0.0714932126696832
42534,0,-0.0388655462184873
53268,0,-0.119047619047619
42104,0,-0.0544554455445545
89325,13,0.0258620689655173
46870,0,0.0157480314960629
46886,0,-0.1796296296296295
51596,0,0.0011547344110853
56557,13,-0.0759999999999999
46931,0,-0.0197368421052631
46950,0,0.1181818181818181
47002,25,0.0357142857142858
42067,0,-0.0842105263157895
24432,0,0.0086956521739129
12650,0,0.1710914454277285
24053,0,0.011400651465798
68996,35,-0.2142857142857143
45890,0,-0.0135135135135134
47205,0,-0.1045958795562599
47248,0,0.2479108635097493
26825,0,-0.0877458396369137
47379,0,-0.0374149659863946
44134,0,-0.1324675324675325
25769,23,-0.0849802371541501
47619,35,-0.0638297872340425
19975,0,-0.0306122448979592
47707,0,-0.4153846153846153
47715,0,-0.2639593908629442
17750,0,-0.0744010088272383
33398,0,-0.1272727272727273
59045,15,0.1744186046511628
47969,28,0.0
48960,0,-0.0339912280701754
45866,14,0.0354838709677418
48072,0,0.0253164556962024
48101,0,0.462962962962963
16678,0,-0.0014556040756914
59897,17,-0.0636094674556213
48144,0,-0.0072992700729926
48195,31,0.0086206896551723
89456,14,-0.0303030303030302
49488,0,-0.0434782608695651
48267,0,0.0821114369501465
79335,0,-0.1257142857142856
47255,9,-0.087719298245614
48371,17,0.1594202898550725
65656,0,0.0448504983388704
48486,0,-0.1968503937007873
33603,0,-0.0999999999999999
48523,0,-0.0560747663551401
48531,0,0.0654761904761904
78468,13,-0.3
48961,15,-0.0506912442396313
59053,0,0.1298701298701299
49083,35,-0.1219512195121951
50286,15,0.008230452674897
60943,0,-0.5024875621890548
65330,0,-0.0455958549222798
10092,13,0.0625
49227,25,-0.1666666666666666
20415,0,-0.0364298724954462
18147,14,-0.0546558704453441
47802,0,0.0
89587,31,-0.0109890109890109
49438,17,-0.1186440677966101
76966,0,0.3125
49534,0,0.0136986301369863
50876,0,0.0794297352342159
49614,33,-0.137037037037037
49737,0,0.0416666666666667
49745,0,-0.1333333333333333
49817,0,0.1065693430656933
49905,14,0.030826140567201
26710,0,-0.0399449035812672
80775,17,0.0249376558603491
89675,0,-0.1973684210526315
24360,0,0.0041928721174004
68523,16,0.0
56223,0,-0.0846394984326018
43721,23,-0.1294964028776978
76489,0,-0.0503597122302158
62906,0,-0.1604938271604938
50279,13,-0.1545454545454545
59774,8,-0.1678571428571428
33849,0,0.0027397260273973
23835,0,0.0712945590994371
34067,0,-0.0371155885471897
89755,0,-0.0769230769230768
50543,7,0.1666666666666667
50623,0,-0.1433333333333333
50789,36,0.076470588235294
89790,9,-0.0394736842105263
33937,0,0.0
51263,0,-0.0167682926829267
90100,0,0.0570175438596491
15069,0,-0.0196428571428571
51626,0,-0.0333333333333333
46703,0,-0.0746753246753246
45751,0,-0.3097787294789436
51693,0,0.1999999999999999
34032,14,0.0755555555555556
51800,0,-0.0204081632653061
51829,0,-0.047244094488189
35705,0,0.1
39538,0,0.1171617161716171
51992,0,-0.28
52039,0,-0.0357142857142857
13119,17,-0.0210656753407683
52071,0,-0.0595238095238095
43449,0,0.0514285714285713
89915,0,0.0180722891566265
17478,0,0.0423661071143086
19895,0,0.0200803212851405
52250,17,-0.1153846153846154
52282,35,-0.2444444444444444
89931,0,0.2718750000000001
10507,0,-0.0625
52469,18,-0.0652173913043477
52565,0,-0.1111111111111111
52581,0,-0.3333333333333333
17005,0,-0.4452359750667853
52792,0,-0.0838252656434475
52813,0,-0.0451977401129943
22752,0,0.1431623931623931
42796,0,0.1808176100628931
52919,0,0.0321678321678322
53015,0,-0.0982905982905982
53074,0,-0.0888888888888889
53082,0,0.0574712643678161
53226,18,0.375
55546,0,0.0227272727272727
53373,18,0.162162162162162
53480,14,-0.4367021276595745
53576,0,-0.04
53640,0,-0.3242009132420091
24010,0,0.0926365795724466
54181,0,-0.1835205992509363
90211,0,-0.0804597701149425
54253,0,0.0416666666666667
54341,18,-0.1090909090909091
22592,0,-0.1126855600539811
24248,28,0.0079239302694136
15966,0,-0.0176282051282051
54675,0,-0.0163934426229508
54771,22,-0.1971830985915492
54798,0,-0.1804511278195488
54827,0,-0.1031390134529147
22023,0,-0.0571428571428571
76591,23,-0.099099099099099
18382,0,0.0090293453724605
42614,0,-0.0379746835443037
67678,0,-0.0666666666666666
55125,14,-0.1654135338345864
90310,0,0.183673469387755
55328,0,-0.1875
22779,0,-0.0082547169811321
55467,31,0.0866666666666666
13290,0,0.0
28345,0,0.0074534161490682
66640,0,0.1149999999999999
65365,0,0.136094674556213
90342,0,-0.0270270270270269
13303,0,0.0
80345,0,-0.144244105409154
41179,15,-0.0633333333333333
90377,16,0.0575539568345324
55993,0,-0.0465116279069767
56040,0,-0.1074074074074074
45487,0,-0.0118577075098814
80004,0,-0.1875
78900,0,0.0241935483870967
25590,15,0.028023598820059
17278,0,-0.0571428571428571
53137,35,0.0
58501,0,-0.0564516129032257
56630,0,-0.01010101010101
34497,30,-0.0370942812982998
26753,0,-0.1123595505617978
56937,16,0.053763440860215
56945,0,-0.0243243243243242
57067,0,0.0338164251207728
38658,15,0.0785340314136124
57251,0,-0.0416666666666666
57286,0,-0.0095969289827255
64450,28,-0.0069565217391304
34630,0,-0.0181818181818181
34649,0,0.0756302521008402
24096,0,0.0246153846153847
47466,0,0.1241134751773049
60986,14,0.032383419689119
21207,0,-0.0526315789473684
34673,0,-0.3883161512027491
57534,17,-0.0971428571428572
61815,28,-0.0272
57780,0,0.0098039215686274
64311,0,-0.05168986083499
49752,17,0.0
28118,0,-0.1177474402730375
57999,0,-0.1447368421052631
58043,36,0.0972972972972971
10062,0,6.777777777777778
44206,18,0.0627450980392156
23931,0,-0.4967032967032967
24766,0,-0.0379008746355684
58318,13,-0.075050709939148
58334,23,0.0170454545454545
58406,0,0.0362694300518133
58481,0,-0.0829918032786884
58641,16,-0.0416666666666666
34817,0,-0.1067961165048543
58756,0,0.0684931506849315
77554,0,0.0
58799,0,-0.2236842105263158
34825,25,0.0143369175627239
58026,31,0.1034482758620689
34833,15,-0.0226244343891403
58975,25,-0.1744186046511627
80378,0,0.0232558139534884
66667,0,-0.0277777777777777
59089,0,-0.1288343558282209
34841,28,-0.0306345733041575
59110,0,-0.0932568149210903
23026,0,0.0357894736842105
59222,0,-0.0719999999999999
24440,28,-0.4965034965034964
13610,0,-0.0361271676300578
64063,0,-0.100502512562814
63714,0,0.0837789661319072
90705,0,0.4727272727272726
27385,0,0.0046783625730995
59871,0,-0.1090909090909091
55036,0,-0.0476190476190476
90721,17,0.1558441558441559
60063,36,-0.1940928270042193
34913,23,0.0
60098,0,0.158203125
51457,0,0.0516129032258063
60186,0,-0.1489361702127659
24811,0,0.0883333333333333
77157,17,-0.0041724617524339
44230,33,0.0126582278481013
60354,0,-0.2857142857142857
22509,25,-0.0454545454545454
42112,0,-0.0531400966183575
90820,17,0.1875
60506,0,-0.053763440860215
60581,0,-0.0217391304347825
20917,0,-0.1194968553459119
42833,0,-0.018970189701897
75083,0,-0.0707070707070707
54463,0,-0.0014556040756914
61058,0,0.0384615384615385
61138,7,0.0
61146,0,-0.0761904761904761
61218,9,-0.0909090909090909
61269,0,-0.0198675496688741
41355,0,-0.0715372907153729
61322,0,-0.2653061224489795
67037,0,-0.0425531914893616
61496,0,-0.046875
57509,13,-0.043010752688172
61720,7,-0.1111111111111111
61787,0,0.0526315789473683
44353,0,-0.0939226519337016
61955,8,-0.086092715231788
62010,0,0.0360576923076922
22517,23,0.0254237288135592
62034,0,-0.0313390313390313
35203,0,-0.1578947368421053
35211,0,-0.121081081081081
13821,15,0.0474576271186439
13856,0,0.0091883614088821
62200,0,-0.0555555555555555
50550,0,-0.0352112676056337
27713,0,-0.0921532846715328
77799,35,0.1428571428571428
21936,0,0.0369707811568276
17806,0,-0.0625
21776,9,0.0331858407079646
52898,0,0.1111111111111111
13901,0,0.0535117056856186
13928,0,-0.0338345864661654
62790,0,-0.1666666666666666
63088,0,-0.0747252747252746
63125,0,-0.2261306532663316
24459,0,0.023936170212766
43588,0,-0.5023474178403755
63240,0,-0.065359477124183
80185,0,0.1256830601092895
53815,0,0.0038314176245211
60695,0,-0.0195121951219512
26438,0,-0.12326656394453
63483,0,-0.5242424242424242
63547,16,-0.0285714285714285
56143,0,-0.1382488479262672
63300,0,0.161764705882353
49744,23,-0.0413694721825963
23501,0,0.0255754475703324
63811,13,-0.1109154929577465
63830,0,-0.0737527114967462
77880,0,-0.0278745644599303
64152,0,0.0
64195,0,-0.0077519379844961
18163,22,0.085692995529061
55511,28,0.0461095100864552
64646,0,0.0235294117647058
23712,0,0.039622641509434
25443,15,0.0263157894736842
65032,0,-0.1971830985915492
64929,0,-0.0790273556231002
24539,0,-0.0476706392199349
20183,15,-0.033210332103321
64961,39,0.0724637681159421
64996,0,0.0
65008,0,-0.3970588235294118
27756,15,-0.5161787365177195
65155,0,-0.0789473684210526
65163,0,-0.0576923076923077
69649,0,-0.0103305785123967
66683,0,-0.0521327014218009
46893,0,0.0625
65700,0,0.0
64346,0,-0.2142857142857143
18286,0,-0.0476190476190476
24942,0,0.0811428571428571
46228,16,-0.2113289760348583
14154,0,-0.0727272727272727
65964,0,0.0287907869481764
91380,0,-0.0369565217391304
66078,0,0.1588235294117648
58771,0,-0.1264367816091953
76711,25,0.0558035714285714
66369,0,0.0952380952380953
66393,0,-0.0999999999999999
91409,0,-0.0147011764705882
57146,0,0.1016393442622951
76282,7,0.0126262626262625
66545,0,-0.273972602739726
66617,0,-0.5561797752808989
66799,0,-0.1313432835820895
76597,18,-0.1574279379157428
18921,23,-0.0366379310344827
66836,0,-0.0121951219512195
35916,0,0.2238805970149253
67062,0,0.0714285714285714
80294,15,0.0249999999999999
46762,0,-0.0516129032258064
67300,0,-0.1666666666666666
67345,0,-0.301980198019802
26737,0,0.0349075975359343
35991,28,-0.1456310679611651
23990,14,-0.0546075085324232
36003,23,-0.0060606060606061
23472,0,0.0535714285714286
45495,0,-0.2396088019559902
67847,0,-0.0697674418604651
26884,0,0.0114942528735633
54818,0,0.0139860139860139
66050,0,-0.0099009900990099
47490,23,0.1077981651376147
68049,0,0.0061349693251533
27633,0,-0.073394495412844
68102,0,-0.0052356020942407
68161,0,0.1062271062271063
68196,33,-0.0711610486891385
54199,0,-0.0888030888030888
27780,0,-0.0021321961620469
68313,0,0.0172413793103447
68340,0,0.0609579100145138
46340,0,-0.0319303338171262
68495,0,-0.0602409638554216
76149,18,0.1166380789022298
68567,0,0.1111111111111111
24467,36,-0.0099667774086378
68591,0,0.0297202797202797
52943,35,0.0
91687,0,-0.0857142857142857
68743,0,0.2321428571428572
76122,0,0.0817610062893081
22840,0,-0.0498938428874734
67715,0,-0.0726495726495726
69033,0,-0.0454545454545454
23085,23,0.03470715835141
25013,0,0.0956651718983556
12253,0,0.0655737704918033
69244,18,-0.2142857142857143
45671,0,0.1501416430594901
69447,0,-0.2121212121212121
69471,0,-0.2045454545454545
36281,0,0.0960451977401128
69607,0,0.0268817204301075
62690,0,0.0
14322,0,-0.0121334681496461
69885,0,-0.1470588235294118
91804,0,-0.0477941176470588
41574,0,-0.0596026490066224
70018,0,0.0926829268292683
51625,0,0.0489296636085627
70077,0,-0.2647058823529411
71116,0,0.1512287334593571
77873,0,-0.1176470588235294
70229,14,0.0094501718213058
54412,0,0.1015625
70280,28,-0.0163934426229508
36468,0,-0.0037593984962406
67723,28,-0.3215488215488216
49138,13,-0.1333333333333333
70536,0,-0.0376712328767123
70616,0,-0.0495049504950495
70632,0,-0.1228668941979522
70659,0,-0.0904872389791183
70790,0,-0.0223214285714286
19852,0,-0.0227272727272727
45794,0,-0.2904458598726115
60206,0,-0.1737891737891738
21514,23,-0.0143540669856458
14461,0,0.053763440860215
71176,0,-0.1341681574239713
26614,15,0.011441647597254
49437,17,0.0876190476190477
71395,36,0.0181159420289855
15720,0,0.0063829787234042
71475,23,0.2435530085959885
18411,0,0.0423529411764704
71555,16,-0.0350877192982456
76091,28,0.205607476635514
77015,0,0.1282051282051282
58683,0,0.1077283372365338
71782,0,0.0294117647058822
66093,0,0.0289389067524115
63765,8,-0.1301775147928994
71942,0,0.032258064516129
71985,0,-0.0256410256410256
17523,0,-0.0220588235294117
72072,0,0.0078125
55060,0,-0.0869565217391304
11760,0,0.3529411764705883
44062,28,-0.178173719376392
72304,31,0.2512562814070351
16715,0,-0.0112359550561798
39220,0,0.0113636363636364
36775,28,-0.0425531914893616
72494,0,-0.0190641247833621
36783,14,-0.0498442367601246
43481,0,-0.016597510373444
72523,0,0.0394736842105263
71124,23,0.0061349693251533
43350,0,-0.1226912928759894
18438,0,0.0210016155088852
92073,0,-0.0888888888888889
36898,0,-0.0573122529644268
65074,0,0.0873563218390804
72980,0,0.2654723127035829
18198,23,-0.0216049382716049
58464,17,-0.4783904619970194
73139,0,-0.058282208588957
73219,0,-0.1006711409395972
73294,31,-0.2857142857142857
72733,0,-0.0343580470162748
14656,0,-0.0867647058823529
37022,0,0.0
26454,0,-0.0766129032258065
20693,0,0.0
73614,0,-0.032258064516129
52396,15,-0.0321888412017167
73681,0,0.127906976744186
44345,33,-0.0169491525423728
66739,0,-0.1176470588235294
73940,0,0.0728241563055063
43334,0,0.0093457943925232
73956,0,0.0392156862745098
58625,14,-0.028169014084507
52038,0,0.0991957104557641
74086,0,0.0536585365853659
74203,23,-0.1782945736434108
37161,0,0.0238663484486874
62420,0,0.1176470588235294
30728,0,-0.0518234165067178
74393,35,-0.1428571428571429
74406,0,-0.0999999999999999
18681,0,0.0198366394399065
74481,0,0.0
79873,9,-0.0609756097560976
74580,16,-0.160377358490566
15560,0,0.1991525423728812
58704,0,-0.0131578947368421
42219,28,-0.17
37196,23,-0.0388768898488121
74836,0,-0.1899999999999999
44513,0,-0.0108359133126935
74895,0,0.0512820512820513
74908,0,-0.0444444444444444
92399,0,-0.0588235294117647
74932,15,0.0725995316159251
75030,0,0.1202185792349725
57736,0,0.0259740259740259
43123,23,-0.0161290322580645
44329,0,-0.0602782071097373
63773,23,-0.0999999999999999
60142,33,-0.0188679245283018
75257,0,0.0422919508867667
66114,0,-0.0829787234042552
75460,0,0.0373626373626374
43617,13,-0.056910569105691
51369,9,-0.1300813008130081
75548,0,0.1923076923076923
37284,14,-0.1682847896440129
14736,0,0.0335497835497835
79640,17,0.0597176981541802
75759,0,-0.0178571428571429
15579,0,0.1336573511543135
24563,0,0.0537974683544304
23579,31,-0.033698399326032
62092,0,-0.0266903914590747
75986,0,-0.131578947368421
38578,0,-0.0783625730994151
45129,28,-0.0463414634146341
11947,0,-0.2352941176470588
76100,16,-0.1081081081081081
50606,0,-0.1344262295081967
76268,17,0.1930379746835442
40483,0,0.097991967871486
14795,0,-0.1788079470198675
76340,0,-0.2068965517241379
48696,0,-0.0588235294117647
37399,0,-0.1359223300970874
14816,0,0.0057330057330058
62308,0,0.0670553935860058
61663,0,-0.0708661417322834
76639,0,0.0059880239520957
76807,13,-0.0512820512820513
37460,0,-0.0625
76946,0,-0.0982142857142857
61209,0,-0.0486111111111111
45647,18,0.0943396226415094
65787,0,0.0289719626168223
12010,0,-0.1683168316831683
55001,0,-0.1308900523560209
77367,15,-0.0222222222222222
77463,0,0.0410367170626349
48389,0,-0.0039525691699604
62463,0,-0.1875
59600,0,-0.0546875
45356,0,0.1376975169300225
76185,13,0.1
77730,0,0.0266272189349112
19596,0,-0.0180959874114869
17929,23,-0.0172839506172839
22664,0,0.0714285714285714
79244,0,0.0188235294117646
77893,0,-0.1225806451612903
77973,17,-0.0241935483870967
78044,0,-0.1203852327447833
78116,0,-0.0869565217391304
14883,0,-0.0925714285714285
15659,0,0.0688360450563203
48725,0,-0.090439276485788
63781,0,-0.2239999999999999
14955,23,0.0465116279069768
78749,33,-0.1698113207547169
92655,0,-0.0048828125
53663,0,0.0686015831134565
41371,0,0.0833333333333332
28847,13,0.1321428571428571
15077,0,0.0140845070422535
79303,33,0.0859538784067086
17830,0,-0.0159574468085106
39087,0,-0.0191304347826086
79330,0,0.0468571428571429
16117,23,0.1206225680933852
67360,23,0.0358126721763085
59619,0,-0.0682414698162729
16555,0,-0.0049916805324459
79573,0,-0.0454545454545454
79629,0,0.0
79637,0,0.0613636363636362
14891,23,0.0070422535211267
79776,0,-0.0333333333333333
26606,0,0.0597539543057996
43553,0,-0.0304449648711944
79848,0,0.0826612903225807
79864,0,-0.119047619047619
79944,0,-0.1142857142857143
80128,36,-0.0015625
63044,0,-0.2398081534772181
27043,23,-0.188556566970091
80515,0,0.0
77006,13,-0.1299435028248587
79860,17,-0.4577464788732394
61700,33,0.0588235294117647
57808,0,-0.196078431372549
81219,0,-0.0857142857142857
15202,0,-0.060022026431718
76409,13,-0.1203703703703703
45137,0,0.0254957507082151
81382,0,0.3696969696969696
80057,0,0.0598958333333332
81510,0,0.2023809523809523
24678,0,0.0871694417238002
93009,31,-0.3584905660377359
21231,23,0.026378896882494
53225,14,0.0682656826568266
24969,15,0.0375722543352601
81700,0,-0.0869565217391304
46420,0,0.032258064516129
46068,14,0.1611570247933884
81702,15,0.0701754385964912
81753,0,0.1764705882352941
23034,7,0.411764705882353
39562,0,0.0695876288659793
42059,28,0.0407079646017698
46076,0,-0.0444444444444444
63829,0,-0.1604938271604938
63060,28,-0.0481012658227848
79066,7,-0.0205479452054794
62498,15,-0.0402542372881356
66384,0,-0.3076923076923077
82326,0,0.1358024691358024
38033,0,0.0145631067961164
39917,0,-0.091020910209102
25419,0,0.0064043915827995
82801,23,-0.1777777777777778
82959,0,-0.0673952641165755
38156,0,0.0404624277456646
64135,35,-0.0563380281690141
83142,0,0.1301775147928994
24803,0,0.2534562211981566
66747,0,-0.1012658227848101
23536,0,0.0296610169491524
58819,0,0.0810810810810811
83345,0,0.0598802395209581
38375,23,-0.228995057660626
83396,0,0.0555555555555555
42286,0,-0.1088607594936709
83433,0,-0.1368421052631578
15472,0,0.018181818181818
51254,36,-0.0833333333333333
27983,9,-0.0121506682867558
63079,0,-0.2015209125475284
83863,0,-0.1999999999999999
59483,0,-0.01
38295,33,-0.059171597633136
84102,0,-0.1256544502617801
84161,18,-0.1742160278745644
84241,0,-0.4666666666666667
88832,0,-0.1052631578947368
90756,0,0.075268817204301
90676,0,0.1636363636363635
93316,0,0.0692307692307692
72996,0,-0.028
60090,35,-0.1066666666666666
87426,39,0.0127118644067796
86642,0,-0.125
88664,0,0.053639846743295
86167,0,-0.0383141762452107
68304,17,0.0483870967741935
87856,0,-0.0168067226890756
89763,0,-0.1111111111111111
85586,0,0.0
90916,33,0.0522388059701492
68452,0,-0.1666666666666666
85893,0,-0.0127388535031847
10019,0,-0.0709677419354838
87223,0,-0.0285714285714285
70332,31,0.0179924242424243
90537,0,-0.184322033898305
10116,0,-0.05
55985,0,0.1875
90289,0,-0.1511627906976744
10080,0,0.0731707317073171
10039,0,-0.02
10035,0,0.0615763546798029
85869,0,0.1176470588235294
88939,0,0.002408865612441
87127,0,-0.1686274509803921
75216,0,0.1564245810055866
89499,0,-0.0583941605839416
10147,0,0.0814479638009049
38149,0,-0.1292517006802721
88592,35,0.0666666666666666
75491,0,-0.1170212765957446
87637,35,0.1999999999999999
10028,0,-0.159090909090909
77712,0,0.0695915279878971
10078,0,0.0842433697347893
10138,18,0.0599647266313934
10042,35,-0.1999999999999999
10107,18,0.2778187177597642
10108,0,0.1245421245421245
10192,14,-0.0920502092050209
10200,16,-0.234375
10235,0,-0.1050724637681159
10163,0,0.0138888888888888
68451,30,-0.047979797979798
10272,0,0.0070323488045007
10307,0,-0.0649350649350649
10302,0,-0.0291970802919707
10299,0,-0.1376228775692582
12217,31,-0.25
75072,0,-0.1279761904761904
10303,0,-0.0144927536231883
10363,0,0.0342857142857142
10333,0,-0.0128205128205127
11040,0,0.0606060606060605
10353,0,-0.0576131687242797
10382,33,0.0454545454545454
69526,7,-0.1388888888888888
10397,23,0.0032894736842106
10406,0,-0.0102564102564102
10404,18,-0.0714285714285714
10257,0,-0.1525423728813559
10043,28,0.0314465408805031
12282,0,-0.0185185185185184
10412,0,-0.421875
10442,0,-0.0686274509803921
69219,0,-0.048780487804878
10398,0,-0.3297872340425531
76565,0,0.121593291404612
10446,17,-0.0915492957746478
10418,0,-0.044776119402985
69809,13,-0.2763157894736842
10410,16,0.0772357723577235
70033,0,0.0820244328097732
10371,0,-0.1666666666666666
10421,0,-0.3526011560693641
10422,13,-0.072463768115942
10513,0,-0.1218274111675127
70164,13,-0.0952380952380952
10527,0,0.0588235294117647
10530,0,-0.0747663551401869
10531,13,0.06875
79698,31,0.0586011342155008
10606,23,-0.1045576407506702
10550,8,0.0
79785,33,0.2782101167315174
10142,0,0.0102040816326529
11088,13,0.1300448430493272
75070,0,-0.0177304964539006
10597,8,-0.0697674418604651
10624,0,-0.0061349693251533
75099,0,-0.0526315789473684
10564,13,0.5631578947368421
10178,0,-0.5232558139534884
85965,0,-0.1160714285714286
10586,0,0.2698412698412697
10571,17,-0.0344827586206896
76123,0,-0.0855949895615866
79903,0,0.1408839779005524
10456,0,-0.0934579439252336
75469,15,-0.0490196078431373
70252,0,0.0024038461538462
10661,0,-0.074074074074074
45225,0,0.0700636942675159
10685,7,-0.011111111111111
75596,0,-0.0701107011070111
10693,31,-0.0594713656387665
10713,0,-0.0822669104204752
10244,13,0.3275862068965518
10649,0,-0.097560975609756
79909,0,0.0745341614906831
86319,7,-0.0625
10749,0,-0.0178571428571429
75517,0,0.0588235294117647
10716,0,0.032967032967033
75071,9,-0.1111111111111111
10696,0,-0.2798092209856916
10680,0,-0.0263157894736841
10745,31,-0.032258064516129
10772,0,-0.0714285714285714
10750,0,0.0286396181384247
10785,0,-0.1847826086956522
10791,0,0.0104166666666667
54245,33,-0.0310559006211179
10644,13,-0.0650224215246636
10806,0,-0.1025641025641025
19749,0,0.0540540540540539
86917,0,-0.1395348837209302
10818,0,0.0681818181818181
10194,0,-0.0112359550561798
70500,0,0.0415973377703826
10828,28,-0.0503597122302158
11159,0,0.1964809384164223
70965,0,0.167883211678832
75224,15,-0.0954478707782672
10881,0,0.3051224944320712
71191,0,-0.2249999999999999
10484,0,0.0508474576271187
10853,39,-0.0677083333333333
10876,0,0.0
10026,14,0.0809061488673139
10994,0,-0.2105263157894736
11122,7,0.0416666666666667
10812,0,-0.0742857142857142
10908,0,0.0862068965517242
10909,0,0.1048780487804879
62296,0,0.125
88779,0,-0.1724137931034483
10924,0,0.0853658536585366
75222,0,-0.0897755610972568
10935,0,0.0808823529411764
10933,0,0.0300180831826402
10987,16,-0.0357142857142857
10860,0,0.1428571428571428
92866,0,0.0930232558139534
10443,0,0.0
10032,0,-0.0755813953488372
85570,0,-0.1435185185185185
11701,0,0.1599999999999999
71538,0,-0.0408163265306122
10001,30,-0.0071942446043165
11038,0,0.0
11072,0,0.0389610389610388
10657,0,0.1246882793017456
70674,0,-0.1219512195121951
71001,15,0.0058479532163742
75215,0,-0.0962962962962963
65315,0,-0.1170212765957446
11127,0,-0.2666666666666667
11048,0,-0.0555555555555555
75035,0,-0.1176470588235294
10999,0,-0.1134020618556701
77453,0,0.0
71984,0,-0.0765217391304348
71909,17,0.192883895131086
77081,15,-0.12875
11082,0,-0.2903225806451612
11137,0,-0.0625
11923,0,0.0050251256281406
10838,0,-0.1904761904761904
10170,13,-0.1428571428571429
10362,33,0.050251256281407
10545,0,-0.064587973273942
11138,0,0.1157894736842104
77150,0,0.107981220657277
11194,0,-0.0109890109890109
80037,31,0.0737704918032786
11214,33,0.2473118279569892
11292,0,0.1290322580645162
11162,0,0.0
10963,13,-0.2567567567567568
10928,0,-0.2266009852216748
11277,16,0.1904761904761904
11246,0,-0.3417721518987342
11192,0,-0.1084558823529411
29621,35,-0.0961538461538461
11283,0,-0.2716981132075472
11357,7,-0.1428571428571429
11291,0,0.053811659192825
11347,0,-0.2491909385113269
75545,0,-0.0625
11358,0,-0.0632911392405063
64390,17,0.0226654578422484
65294,0,-0.2194244604316546
79062,39,-0.246031746031746
11415,14,-0.0260336906584992
11365,35,-0.4588607594936709
12173,0,0.005181347150259
85527,0,-0.0602409638554216
11346,0,0.0
11371,0,-0.4983498349834984
11378,36,-0.0701754385964912
11416,0,0.082236842105263
11393,28,-0.1304347826086956
10128,33,0.0
11401,35,0.0344827586206897
75103,0,0.0
11403,39,-0.1134751773049645
11170,9,-0.006198347107438
11478,0,-0.0755555555555556
10863,0,-0.1395348837209302
11465,0,-0.0769230769230768
11411,35,0.1287878787878789
11481,13,0.0256410256410255
79981,17,0.0162601626016261
10857,0,-0.086206896551724
11483,0,-0.0620689655172413
11531,0,-0.475298126064736
11496,7,-0.0287769784172662
75101,0,-0.1227134146341463
11571,13,-0.03125
75470,0,-0.1551724137931034
11545,0,-0.1313868613138685
11552,0,0.0691823899371069
11522,0,0.0116279069767442
91003,0,-0.0133333333333333
11373,0,-0.0769230769230768
75107,0,-0.1370967741935483
11547,0,0.0887573964497041
87514,13,-0.2518518518518519
79780,0,-0.0692041522491349
75554,0,0.0483870967741935
11441,0,-0.1942446043165467
75150,0,-0.015625
75375,7,0.2280701754385965
11600,0,-0.2592592592592593
75558,0,-0.023102310231023
75104,39,0.0624290578887627
11043,0,-0.0777777777777777
11315,0,-0.0625
10346,13,-0.0895522388059701
11473,7,-0.21875
11654,17,0.1307420494699647
11638,0,0.1999999999999999
11636,0,-0.1111111111111111
11641,0,0.1153846153846154
11394,18,-0.0909090909090909
11622,0,-0.1351351351351351
75526,39,-0.2280701754385965
11662,0,-0.0211946050096338
11533,0,0.0464716006884682
11656,0,0.0
11689,0,-0.1515151515151515
11707,14,-0.5307262569832403
11630,0,-0.1710526315789473
11681,0,0.0
11591,13,0.1929824561403508
75196,17,-0.0454545454545454
11723,0,-0.0864197530864198
11775,0,0.01
11561,13,-0.0263157894736841
11727,0,-0.24
11761,0,-0.0788497217068645
75233,0,0.125
11678,0,-0.1502590673575129
75186,0,-0.0169491525423728
77080,14,0.0287878787878788
11534,0,-0.0633802816901408
11671,7,-0.3809523809523809
11590,0,0.1538461538461537
75244,35,-0.0833333333333333
11809,0,-0.2601169755061724
51190,0,-0.1037735849056603
19289,0,0.1176470588235294
11731,0,-0.1745689655172413
11825,0,-0.1666666666666666
11803,0,-0.1764705882352941
17559,0,-0.1319444444444444
11910,0,0.1034482758620689
75560,0,0.0555555555555555
11338,0,-0.1428571428571429
75261,28,0.1663157894736842
75272,0,-0.1066176470588234
11599,23,-0.1227272727272726
10822,8,-0.1025641025641025
75262,0,-0.2058823529411765
11618,0,-0.0618686868686868
11958,18,0.0522648083623693
11896,18,-0.050561797752809
11881,13,-0.0799999999999999
11197,35,1.9523809523809528
75902,0,-0.1127819548872181
11490,0,-0.0436893203883494
80093,0,-0.1517857142857143
10574,18,-0.0256410256410256
10726,0,-0.0172413793103448
75266,33,-0.0735294117647058
10180,0,-0.0769230769230768
11884,0,-0.0227272727272727
11918,0,0.3333333333333332
75182,0,0.0714285714285714
75577,0,-0.120817843866171
10360,0,-0.0188888888888888
11853,0,-0.037037037037037
75241,0,0.0268817204301075
75259,0,-0.073076923076923
75320,23,0.0020366598778003
75285,0,-0.3318777292576419
11057,0,-0.073170731707317
11796,0,-0.0990099009900989
75308,0,-0.2299741602067183
11927,0,-0.0532319391634981
10901,17,-0.0654205607476635
75316,14,-0.0271739130434782
11903,0,-0.0117647058823529
11891,23,-0.0489642184557438
75228,0,0.0068027210884353
79634,28,0.0410958904109588
75286,0,0.0
75288,0,-0.2231638418079096
11964,18,0.0305343511450382
11849,0,-0.1907894736842105
11509,0,-0.1071428571428571
80186,0,0.108695652173913
11955,0,0.0463576158940397
11899,0,-0.0909090909090909
75328,0,0.0097087378640776
11819,0,-0.1063829787234043
11752,0,-0.0655737704918032
11970,0,0.0
11468,18,-0.0384615384615384
75580,0,-0.1604938271604938
75294,0,-0.0806451612903226
75295,0,-0.0820895522388059
12149,0,-0.3185185185185185
12248,0,0.0263157894736842
12067,0,-0.0561983471074379
75573,0,0.069915254237288
11917,30,0.2515337423312884
11887,0,-0.0368421052631579
11306,13,0.1428571428571428
12252,33,0.263157894736842
11976,0,0.1275440976933515
29496,0,-0.1162790697674418
75326,0,0.028423772609819
11998,17,-0.0606060606060605
12195,0,-0.0588235294117647
75581,35,-0.2023809523809523
28223,18,-0.1999999999999999
17743,0,-0.143048128342246
37226,0,-0.0203045685279187
75880,0,0.0301507537688441
12022,33,0.0
12126,0,-0.1887755102040816
75585,0,-0.0106382978723403
12113,0,-0.0392156862745097
12226,0,0.0545454545454544
12260,18,-0.031578947368421
12265,33,0.2111959287531806
12074,0,-0.245125348189415
12236,0,-0.0306122448979592
12199,0,-0.0256410256410256
75390,0,-0.0477001703577513
12214,0,0.0
12062,0,0.0882352941176469
12230,35,-0.3333333333333333
12190,0,-0.0294117647058823
75333,0,0.0222551928783383
12209,0,-0.0943396226415094
75462,23,-0.0808823529411765
75432,17,0.1355633802816902
75383,0,0.0448430493273541
75445,0,0.011111111111111
77579,0,0.0548302872062662
75675,0,-0.0625
12174,35,-0.2727272727272727
75684,16,0.1739130434782609
75672,35,-0.1374999999999999
64071,0,-0.0672897196261682
75733,16,-0.2444444444444444
12169,0,0.0486891385767789
75591,15,-0.0675675675675675
75734,0,0.0179640718562874
77142,0,-0.03
75483,0,-0.1256830601092896
12215,13,0.1034482758620689
75482,0,-0.0284463894967177
75477,0,0.168421052631579
75447,0,-0.1052631578947368
76573,0,0.1975806451612902
75730,35,-0.2284482758620689
75721,39,0.1851851851851851
75694,18,0.0892857142857141
63467,0,-0.0050167224080267
75647,36,-0.1786447638603696
75957,0,-0.0857142857142857
75488,0,-0.021897810218978
75649,0,-0.01878612716763
75878,0,0.1627906976744186
75740,0,-0.1290322580645161
76133,0,-0.2760736196319018
75646,0,0.1041666666666667
75597,0,-0.09375
75609,0,0.0684931506849315
78988,0,-0.125
75823,0,-0.1914893617021277
75606,0,-0.1484375
75607,0,0.094240837696335
75654,0,-0.0263157894736841
75795,0,-0.1089108910891089
75815,0,0.0298507462686568
75603,0,0.1125
75968,0,0.4772727272727273
75818,0,0.058139534883721
75808,0,0.0761812921890068
75801,0,-0.0588235294117647
75651,0,0.0655737704918033
75998,0,-0.1272727272727273
10051,13,0.0516129032258063
75608,0,-0.0369588173178457
80422,14,-0.0386416861826698
75825,0,-0.003076923076923
75853,0,0.0270270270270269
75945,0,0.0094424460431654
75854,9,-0.2645631067961165
76025,17,-0.2470588235294117
76148,16,0.0612244897959184
78717,0,-0.082051282051282
75831,0,-0.1098901098901099
11748,0,-0.3087557603686636
75828,14,0.2413793103448276
75834,0,-0.1442307692307692
22198,0,-0.0517241379310344
23799,0,0.0103092783505154
75835,0,-0.3
75503,16,0.0444444444444445
75660,0,-0.1495016611295681
10290,0,-0.1443298969072165
11713,0,0.024390243902439
52936,0,0.0097943192948091
55336,0,0.0082644628099173
75551,0,-0.0666666666666666
69906,13,0.0172413793103447
75833,0,-0.0434782608695651
75861,0,0.0945945945945945
75822,0,0.1
10085,0,-0.031111111111111
75706,0,0.1702127659574468
75873,0,-0.0625
75849,9,-0.1266666666666667
75866,0,-0.1162790697674418
34869,0,-0.0251572327044025
76016,0,0.0517241379310344
75714,33,0.1891891891891892
75888,36,-0.0965250965250965
44725,0,0.0248756218905472
76000,18,0.0364963503649635
58078,0,-0.1041666666666666
92161,0,0.1764705882352941
75881,0,-0.0764119601328903
77236,0,0.0526315789473683
79877,0,-0.0606060606060605
75899,0,-0.2391304347826086
77247,0,-0.3676470588235294
75755,0,-0.0204081632653061
76013,0,-0.1157894736842105
76041,0,-0.0898876404494382
78948,0,-0.0270270270270269
75900,0,-0.0267857142857143
33647,33,0.0380622837370241
77446,0,-0.1293103448275862
63562,13,-0.1935483870967742
76063,0,0.3823529411764705
77300,14,0.0681003584229391
75929,18,0.393939393939394
75930,0,-0.0961538461538461
76371,0,0.0
76090,0,-0.0699999999999999
76082,15,-0.0123456790123457
76085,0,-0.0482456140350877
76236,18,0.0428571428571429
76079,0,-0.06
76080,13,0.3333333333333332
76095,0,-0.1339285714285714
76098,0,-0.078125
76374,35,-0.2054794520547945
76101,0,-0.1270718232044199
79148,18,0.2619047619047618
79820,13,0.2545454545454546
76391,13,-0.1056661562021439
76111,0,-0.1904761904761904
76363,13,-0.1052631578947368
76963,0,-0.1999999999999999
76131,0,-0.0059880239520958
76127,0,-0.2435530085959885
76128,0,-0.1119999999999999
76110,0,-0.1384615384615384
76298,13,0.0625
76314,0,0.0178571428571427
76336,0,0.0769230769230768
76135,25,0.084070796460177
76289,0,0.0588235294117647
78981,25,0.0332717190388169
76317,0,0.0493827160493827
76146,0,0.1257995735607675
76139,0,-0.0856269113149846
76415,13,-0.131578947368421
77688,0,-0.1038961038961039
76302,22,-0.2777777777777778
76290,0,0.05
76165,18,0.0605326876513316
76868,0,-0.0769230769230768
76931,0,-0.3076923076923077
76169,0,-0.323076923076923
76306,0,-0.1893939393939394
62843,0,-0.0566037735849056
76425,0,-0.0909090909090909
76448,0,0.0371747211895909
76383,35,0.0
76392,0,0.1833333333333333
76458,18,-0.0588235294117647
76372,16,-0.4137931034482759
78103,13,0.3500000000000001
76887,0,-0.0943396226415094
76544,0,0.0357142857142858
76199,0,-0.1079545454545454
76195,14,-0.0063291139240506
76424,22,-0.0967741935483871
76194,0,-0.0588235294117647
76171,0,-0.1089866156787763
76200,0,-0.0923076923076923
76367,9,-0.0044642857142856
76201,0,-0.105998356614626
78957,0,-0.0754716981132075
76510,0,0.0136986301369863
76207,0,0.0821917808219179
84911,23,0.0735294117647058
76267,0,0.3255813953488371
76214,0,-0.1095505617977528
76360,13,-0.108695652173913
76222,0,-0.1692307692307691
79101,13,0.0256410256410255
76238,0,-0.0115384615384614
77486,0,0.0535714285714286
76240,0,-0.1108986615678776
76228,13,0.0127388535031847
76230,0,-0.1777777777777778
76461,0,0.0784313725490195
76231,0,-0.3351063829787234
76223,14,-0.2792792792792793
76542,13,0.0338983050847456
76366,0,0.0229885057471264
76405,0,-0.1578947368421053
76272,0,0.0413793103448276
76408,0,0.0188679245283018
11644,39,-0.2420382165605095
76261,0,-0.1052631578947368
76259,0,0.1170212765957445
76257,0,0.0103092783505154
76354,0,-0.0654205607476635
78106,0,-0.0241935483870967
76281,7,-0.0714285714285714
76264,28,0.05
76224,0,-0.0092879256965944
76265,0,0.0503597122302157
76385,39,0.0909090909090908
76308,0,-0.04
76407,0,-0.0308641975308642
76430,0,0.0277777777777776
77625,0,-0.1363636363636363
76232,31,-0.1818181818181817
76477,0,-0.0193798449612403
76478,14,0.0592334494773518
79037,0,-0.0086956521739129
76520,0,0.1333333333333333
78071,0,-0.086206896551724
76515,22,0.0
76548,35,0.5185185185185186
76549,0,0.0714285714285714
76547,35,-0.0588235294117647
76543,33,-0.3736842105263158
76505,0,0.029535864978903
76507,0,-0.1031746031746031
76553,0,0.0567375886524823
76910,0,0.1283783783783783
76879,0,-0.0555555555555555
77363,35,0.019601445637988
76582,0,-0.1809523809523809
76584,0,-0.080168776371308
76586,0,-0.0416666666666666
76598,0,-0.2314049586776859
76587,0,0.064516129032258
76614,0,-0.0133779264214046
76979,0,0.145
76883,16,0.0
76609,0,-0.1275167785234899
76619,18,0.0258620689655173
76620,0,0.0433789954337899
76622,35,0.1875
76624,0,0.203852327447833
76625,0,-0.2588235294117647
76900,39,-0.1176470588235294
76916,18,-0.0697674418604651
76627,0,0.0460526315789473
79910,0,-0.1052631578947368
76964,35,-0.1818181818181817
76951,22,-0.3461538461538461
76644,0,-0.0801393728222996
76653,35,-0.1229508196721311
76888,0,-0.0641025641025641
76656,13,0.2506265664160401
76837,0,0.0491803278688525
77010,0,-0.1234567901234567
76638,0,-0.4230769230769231
76660,33,0.0413533834586465
76661,9,-0.0135135135135134
76664,0,-0.0666666666666666
76683,35,-0.0512820512820513
76686,0,-0.096045197740113
76947,0,0.0333333333333334
76691,0,-0.05
76693,0,-0.0919881305637981
76695,31,0.1578947368421053
76801,0,0.03125
19968,0,0.0305555555555554
76701,13,-0.037037037037037
76702,0,0.0576271186440677
76703,0,-0.0123456790123457
76704,0,0.2063492063492062
76706,0,-0.0701754385964912
76705,18,0.0579710144927536
76707,35,0.625
76709,18,0.1179775280898876
76710,33,-0.0405405405405405
76934,0,0.7021276595744681
76676,0,0.075812274368231
76712,0,0.1051248357424441
76713,0,0.0
76714,0,-0.0746987951807228
76716,0,-0.1927272727272727
76717,0,-0.036144578313253
76720,0,0.0133333333333334
76721,0,0.0365448504983387
76732,25,0.021604938271605
76758,0,-0.0783132530120481
76980,0,-0.0169491525423728
76740,0,0.146341463414634
88031,0,0.1384615384615384
76762,0,0.0392156862745098
76768,0,-0.1383647798742138
76746,0,0.0194805194805194
76750,31,-0.0597014925373133
76755,0,0.0
76764,0,-0.0866666666666666
76799,0,0.3169230769230768
76945,13,-0.1428571428571429
76779,35,-0.1123188405797102
76780,0,0.2195121951219512
76776,0,0.2058823529411764
76785,0,-0.0476190476190476
76977,13,-0.043824701195219
76790,35,-0.3846153846153846
76793,0,-0.2777777777777778
76795,0,0.1140065146579805
76796,0,0.0137614678899082
76798,0,0.0174418604651163
79500,7,-0.2666666666666667
76999,13,0.2947368421052632
76995,0,-0.1551724137931034
76943,0,-0.1842105263157895
76841,13,-0.251984126984127
76845,13,-0.0348837209302325
77204,39,0.2024539877300613
76842,7,-0.0736842105263158
76843,0,-0.0379746835443037
76844,0,-0.2359550561797753
77018,33,0.1989528795811519
77038,0,0.0228310502283104
77248,0,0.0784313725490195
77032,0,-0.1999999999999999
77020,0,-0.1621621621621621
77042,0,0.2239583333333332
77074,0,0.0769230769230768
77063,28,0.0193861066235865
77039,0,0.0283687943262411
77235,0,0.0892857142857141
77052,0,-0.0846774193548387
77021,0,-0.1363636363636363
77064,0,0.0
77029,0,0.0
77099,15,0.03125
77098,0,0.1333333333333333
77087,0,-0.0754716981132075
77095,0,0.0540540540540539
77088,0,-0.0047619047619047
77207,0,0.0
77219,18,-0.217391304347826
77106,0,0.0660377358490567
77323,13,0.1648648648648649
77090,0,-0.1596638655462184
77230,0,0.0337837837837837
77101,0,-0.125
77117,0,-0.0072289156626506
77114,0,-0.0319148936170212
77162,18,-0.0476190476190476
77210,13,-0.0428571428571428
77217,0,-0.2380952380952381
77223,18,-0.25
77165,0,-0.2121212121212121
80248,0,0.0136986301369863
77237,0,-0.1987577639751553
77169,0,-0.1363636363636363
77170,35,-0.2142857142857143
77179,0,0.1507936507936507
77180,0,0.5357142857142858
77182,0,-0.0852272727272727
77191,0,0.1022727272727272
77184,0,0.0754716981132075
77175,0,-0.044776119402985
77238,18,-0.0588235294117647
77178,0,0.0779376498800958
77173,0,0.2048780487804877
77159,0,0.0
77189,0,0.0754716981132075
77257,0,0.0954545454545454
77259,0,-0.0714285714285714
77261,0,0.1046511627906976
77262,0,0.0679611650485436
77263,16,-0.2195121951219512
77264,0,-0.1102941176470588
77265,35,-0.125
77266,0,0.0
77267,0,0.1203703703703704
77269,0,0.0408163265306122
77271,0,0.0206185567010308
77275,39,-0.04
77276,0,-0.0185185185185184
77278,0,-0.0564516129032257
77284,39,0.0557029177718833
77293,0,-0.0392156862745097
80163,0,0.0317460317460318
77294,0,-0.0571428571428571
77279,0,0.2972972972972973
77282,13,0.2920792079207921
77281,33,0.1
77321,0,0.0249999999999999
77325,18,-0.1414868105515587
77327,0,-0.25
77340,0,-0.1875
77312,0,0.0573770491803278
77347,7,0.2673267326732673
77477,0,0.0
77352,0,-0.0048780487804878
77334,0,-0.1486486486486486
77356,0,0.1612903225806452
77357,39,0.0655021834061135
77366,0,-0.0454545454545454
77361,18,0.2352941176470588
77362,0,-0.1090909090909091
77387,0,-0.0103092783505154
77384,0,-0.0760869565217391
77388,23,-0.0048309178743961
77390,35,-0.0999999999999999
77392,0,0.0434782608695651
77398,0,-0.078125
77456,0,-0.0918367346938775
77401,9,0.1448863636363635
77461,0,0.0998217468805704
77405,0,-0.1814814814814814
77409,0,0.04
77475,0,-0.0127118644067796
77413,0,-0.0769230769230768
77483,0,0.2086776859504131
77418,0,0.2618154538634658
77416,13,-0.080952380952381
77464,0,0.0237288135593221
77421,17,-0.4391666666666667
77425,0,0.0749999999999999
77434,0,-0.0921052631578946
78147,0,-0.0909090909090909
77426,0,0.1043771043771044
77427,0,0.0404040404040404
77441,0,0.0454545454545454
77443,0,0.1444444444444443
77442,0,-0.0634920634920634
77437,35,-0.3548387096774194
77438,0,-0.1392405063291139
77440,0,-0.1428571428571429
77472,0,0.1477900552486188
77447,0,-0.0170940170940171
77448,0,0.1809045226130652
77450,0,-0.0284629981024667
77451,39,-0.0079681274900398
77494,7,-0.0512820512820513
77495,0,-0.1891891891891891
77768,0,-0.0506970849176172
77502,0,0.1583333333333334
78029,13,0.1030927835051547
78753,0,0.0
77512,0,-0.0681818181818182
77509,0,0.145374449339207
77515,0,0.0198675496688742
77520,0,-0.181592039800995
77523,0,0.4377682403433476
77530,0,-0.1428571428571429
77541,0,-0.398989898989899
77542,13,-0.4342327150084317
77572,0,-0.159375
77575,33,-0.3418803418803419
77581,0,-0.1785714285714286
77587,35,-0.0689655172413793
77588,9,-0.1696428571428571
77599,0,-0.0333333333333333
77597,0,0.0728476821192052
77603,0,0.1
77617,9,0.1124260355029584
77619,0,0.127659574468085
77624,35,-0.0458715596330274
77649,0,0.0175
77629,0,-0.0747663551401869
77630,0,0.0153846153846153
77652,0,-0.0649350649350649
77653,14,0.0
77660,0,-0.1757575757575757
77662,0,0.0139860139860139
77663,0,-0.0510948905109489
77668,0,0.0479285134037368
77671,0,0.0568181818181818
77678,0,-0.0625
77713,8,0.0113207547169811
77681,13,-0.0595238095238095
77683,16,-0.1999999999999999
77685,17,-0.1510416666666666
77687,7,-0.3953503371154427
77705,0,-0.1305841924398625
77701,0,-0.473170731707317
77702,0,0.11328125
77710,0,0.16015625
77757,0,0.0616438356164383
77763,0,-0.474025974025974
77767,0,-0.3125
77773,0,0.1052631578947369
77774,0,-0.0652173913043477
79648,35,0.2142857142857142
77780,33,0.0528541226215644
77781,0,-0.0833333333333333
79028,0,-0.1155378486055777
77785,0,-0.4798387096774194
77787,0,0.2717948717948717
77850,35,-0.1296296296296296
77831,35,0.6428571428571428
77837,7,0.0476190476190476
77844,0,-0.3220338983050848
77843,13,-0.1447368421052631
77845,0,-0.1374045801526717
77851,0,-0.1891891891891891
77868,0,-0.0204081632653061
77865,18,-0.2692307692307693
77915,13,-0.2906403940886699
77872,0,0.0
77883,35,0.1136363636363635
79974,0,0.0
77892,7,-0.4024351219512194
77902,0,0.1207430340557276
77918,0,0.1038251366120217
77919,0,-0.25
77917,0,0.0351851851851852
77929,0,-0.0535714285714286
77931,7,0.0208333333333332
77932,35,0.0
77964,33,0.0206896551724138
77971,7,0.0696202531645568
77967,0,-0.0590631364562118
77976,0,-0.2183673469387754
77979,35,-0.4242424242424242
77982,9,-0.1999999999999999
77984,0,0.0575539568345324
77992,9,-0.0098039215686274
77985,0,-0.02
80156,0,0.0
77993,0,-0.242320819112628
78001,0,-0.1825242718446602
78018,0,-0.1157894736842105
78008,0,0.270358306188925
78015,0,-0.0389610389610389
78033,0,0.0057142857142857
78032,0,0.0060606060606061
78043,0,-0.0519480519480519
78042,0,0.03125
78054,33,-0.0105263157894737
78074,0,-0.1967213114754098
78065,0,-0.0576923076923077
78077,0,-0.1032608695652174
78066,35,-0.3714285714285714
78073,0,-0.0405405405405405
78083,18,0.0758226037195994
78082,0,0.0
78102,0,0.0086580086580085
78112,0,0.1174089068825912
78786,0,0.0380434782608696
78210,0,-0.125
78145,13,0.0695652173913043
78179,16,-0.1075268817204301
78189,0,0.0344827586206897
78198,0,-0.1935483870967742
78180,18,-0.1142857142857143
78155,0,-0.0892857142857143
78197,0,-0.4158415841584159
79027,0,-0.3043478260869565
78117,0,-0.0413223140495867
78113,0,-0.0535714285714286
78139,0,0.1129251700680271
78172,0,-0.1677115987460815
78170,0,-0.1146788990825687
78208,0,-0.2410714285714286
78146,0,-0.1634615384615384
78137,0,0.045940170940171
78791,0,-0.1388888888888888
78161,33,-0.1545454545454545
78134,0,-0.193717277486911
78193,35,-0.081081081081081
78213,0,-0.2688172043010752
78157,0,-0.1388888888888888
78840,9,0.0255102040816326
78924,35,-0.2941176470588235
79427,0,-0.0666666666666666
79124,35,0.6190476190476191
78822,35,-0.3
78860,35,-0.3552631578947368
78839,0,-0.3076923076923077
78817,0,-0.1999999999999999
78894,0,-0.032258064516129
78908,0,-0.0693877551020408
78891,0,0.2105263157894736
78877,35,-0.072463768115942
78890,0,-0.2777777777777778
79033,0,-0.3253012048192771
78872,13,-0.7051282051282051
78879,0,0.2661290322580645
78875,0,-0.0283400809716599
78881,33,-0.0659340659340659
78889,9,-0.2082111436950147
78876,0,-0.0454545454545454
78868,13,-0.078125
78915,0,0.2345679012345678
78867,0,-0.1551724137931034
78916,0,0.0671428571428571
78869,35,-0.1219512195121951
79000,0,-0.19377990430622
79002,0,0.0396039603960396
79009,0,-0.2285714285714285
79065,0,-0.078125
79021,23,-0.1328413284132841
79006,0,0.2820512820512821
48653,14,0.0040241448692153
79010,0,-0.1741935483870967
78955,0,-0.1734772552043176
79008,0,-0.0063291139240506
78954,0,-0.1772151898734176
78990,0,-0.2631578947368421
79053,0,-0.141711229946524
78950,0,0.1515151515151516
78987,0,0.0663265306122449
79016,0,0.1612903225806452
78977,15,0.0024509803921568
79025,13,-0.398972602739726
78980,0,0.0267857142857141
78998,0,-0.0602409638554216
78959,0,-0.1025641025641025
79023,0,-0.1076923076923076
79078,35,-0.2181818181818181
79089,0,0.2859450726978998
79097,0,0.0477941176470588
79130,0,-0.1666666666666666
79075,0,0.0890965732087227
79107,0,-0.1147540983606557
79108,0,-0.4430176565008026
79085,0,-0.6481481481481481
79077,7,0.0
79117,0,-0.0769230769230768
80407,0,0.625
79096,0,-0.1724137931034483
79133,14,-0.0405014464802314
79103,0,0.1076923076923077
79069,33,0.1573033707865168
79100,13,-0.475
79093,14,0.1875
79144,23,0.0606936416184971
79086,7,-0.28125
78910,0,-0.1395348837209302
79150,33,0.2446808510638298
79209,0,-0.0253164556962025
79197,7,-0.1583333333333333
79207,14,-0.0232558139534884
79149,33,0.2468354430379746
79163,16,0.187593423019432
79196,16,0.0
79152,0,-0.0224719101123596
79212,0,0.1010830324909748
79205,0,-0.3571428571428571
79176,0,0.1219512195121952
79183,0,0.0485436893203883
79160,0,-0.15
79162,0,0.1333333333333333
79167,0,0.0714285714285714
79198,15,-0.1254019292604501
79159,0,-0.0238095238095238
79161,0,-0.0930232558139535
79164,0,-0.1363636363636363
79192,39,-0.0126050420168066
79157,9,0.2139605462822458
79190,0,-0.0379746835443037
79171,35,-0.032258064516129
79172,0,-0.0625
79237,0,-0.0975918884664132
79323,0,-0.0272244355909694
79280,0,-0.0512820512820513
79247,0,0.0707070707070707
79301,0,0.2251308900523561
79263,0,-0.0256410256410256
79289,0,-0.2035087719298245
79248,35,-0.125
79249,30,-0.2178217821782178
79328,0,-0.0323679727427598
79260,9,-0.0769230769230768
79251,0,0.0991379310344826
79257,35,-0.150943396226415
79271,9,-0.1818181818181817
79336,0,-0.026984126984127
79265,0,-0.0799999999999999
79297,0,-0.1744604316546762
79256,16,-0.0482758620689655
79252,0,-0.1428571428571429
79262,0,-0.0412844036697247
79245,0,0.206140350877193
79308,0,-0.0099009900990099
79371,35,-0.3195876288659793
79435,16,0.0260869565217392
79438,0,-0.1301115241635687
79373,0,-0.03125
79376,18,-0.0785340314136125
79390,0,-0.1733333333333333
79444,0,0.0035273368606703
79423,18,-0.0769230769230768
79374,17,0.0969529085872575
79385,0,-0.1851851851851852
79381,35,1.2692307692307692
79392,0,0.2916666666666667
79396,13,-0.0413793103448275
79400,0,0.0104166666666667
79417,0,-0.4497354497354497
79366,13,-0.0041493775933609
79391,0,-0.125
79404,31,0.0124999999999999
79399,0,-0.1290322580645161
79532,0,0.0076335877862594
79467,0,-0.1568627450980392
79478,35,0.0344827586206897
79480,0,0.0701754385964912
79511,13,-0.1822916666666666
79518,0,-0.1515151515151515
79523,0,0.0607929515418501
28353,0,0.0494104435710274
79507,0,-0.0192307692307692
79472,0,-0.3428571428571428
79486,35,-0.0615384615384615
79545,25,-0.1567982456140351
79515,0,-0.0545454545454545
79521,0,0.0625
79528,0,0.0420168067226891
79502,31,-0.2013793103448276
79503,0,-0.1194379391100702
79526,0,0.0887573964497041
79491,0,0.0
79517,0,0.06
79577,0,-0.0084745762711864
79563,0,-0.0232558139534884
79616,0,0.1160000000000001
79564,0,0.2104404567699838
79588,30,0.0
79612,35,-0.0943396226415094
79568,7,-0.2348484848484848
79595,0,-0.1388888888888888
79591,0,0.1701388888888888
79606,7,5.2
79605,33,0.125
79628,0,-0.0246913580246913
79587,0,-0.1071428571428571
79668,0,-0.2283464566929134
79670,0,-0.2682926829268293
79601,0,-0.1235955056179775
79613,33,0.1352201257861636
79674,0,-0.0103806228373702
79706,7,0.21875
79751,28,-0.1198979591836735
79710,0,-0.1216216216216216
79723,9,0.2972972972972973
79695,0,-0.1613924050632911
79712,0,-0.0898876404494382
79724,0,-0.0060240963855421
79758,0,-0.1401869158878504
79686,0,-0.0517241379310344
79745,0,0.0851063829787233
79684,0,0.0041322314049587
79707,35,-0.15625
79685,14,-0.025
79689,0,-0.1504424778761062
79704,35,-0.3636363636363636
79715,0,-0.25
79675,0,0.1428571428571428
79721,0,-0.125
79725,0,0.1016949152542372
80438,9,0.0
79700,0,-0.0285714285714285
79718,0,0.3421052631578947
79728,0,0.032258064516129
79845,0,-0.0714285714285714
79857,0,-0.1256983240223463
79831,35,-0.3333333333333333
79818,16,-0.1956521739130434
79906,16,-0.0706382978723404
79790,0,0.2777777777777777
79862,0,-0.0574712643678161
79839,0,-0.1740890688259109
79795,0,-0.0476190476190476
79804,35,-0.2153846153846154
79798,0,-0.1351351351351351
79878,14,-0.0472727272727272
79927,0,-0.5954922894424675
79846,18,-0.0909090909090909
79915,0,0.1117318435754191
79841,0,-0.0245901639344262
79861,35,-0.0454545454545454
79875,18,-0.158273381294964
79868,0,0.175
79879,0,0.2310049019607842
79850,0,-0.0192307692307692
79786,9,-0.0204081632653061
79863,0,-0.1346938775510203
79882,0,0.0176565008025681
79884,0,-0.0618892508143322
79799,16,-0.1724137931034483
79801,7,-0.217391304347826
79807,0,-0.1034482758620689
79958,0,-0.2444444444444444
80094,0,0.227034120734908
79935,35,-0.2662337662337662
80019,0,-0.2061855670103093
79960,13,-0.1468531468531468
79971,0,0.125
80023,0,-0.025
80044,0,-0.1875
79973,0,0.1095700416088765
79994,0,0.05
80104,0,-0.2015503875968992
80055,16,0.0255615801704105
80103,0,-0.159090909090909
79940,0,-0.1428571428571429
80076,0,-0.0335570469798657
79999,17,0.0873786407766989
80028,7,-0.1020408163265306
79991,0,0.1794871794871795
80034,17,0.1935483870967742
80049,39,-0.1602209944751381
80030,0,0.1952380952380952
80080,15,-0.0708955223880597
79948,0,-0.3157894736842105
79933,0,-0.1063829787234043
80036,0,-0.1521739130434782
79954,0,-0.0571428571428571
79997,0,-0.032258064516129
80026,0,-0.0448979591836734
80042,9,0.0
79934,0,0.0518518518518518
79962,0,0.2899408284023668
80001,0,-0.0298507462686566
80012,0,-0.1428571428571429
80020,9,0.2666666666666666
80050,0,-0.0555555555555555
79943,0,-0.1428571428571429
80000,0,-0.0105263157894737
80046,13,-0.1063829787234043
80570,0,-0.1185031185031184
80079,0,-0.0969387755102041
80054,0,-0.1428571428571429
80154,39,0.0
80126,0,0.0
80167,13,0.143646408839779
80159,15,-0.125
80140,13,0.0588235294117647
80165,35,-0.1014492753623188
80184,0,-0.0666666666666666
80153,33,-0.146978021978022
80145,16,-0.2142857142857143
80135,0,0.1053763440860215
80146,0,-0.0093167701863353
80235,0,-0.1142857142857143
80252,0,-0.0851063829787234
80262,7,-0.0999999999999999
80268,0,0.0396825396825397
80239,0,0.0119760479041917
80242,0,0.0758928571428572
80249,13,0.2699029126213592
80285,0,0.0249999999999999
80231,0,-0.2380952380952381
80265,35,5.6
80279,35,-0.2727272727272727
76697,9,-0.1334702258726899
80236,0,0.0063694267515923
80256,0,0.0684931506849315
80204,0,-0.0217391304347825
80254,33,-0.0588235294117647
80286,0,0.0310880829015545
80257,0,-0.2525547445255475
80191,28,-0.0925449871465295
80193,0,0.14010989010989
80243,0,-0.0117647058823529
80237,35,0.8125
80244,0,-0.3939393939393939
80266,13,-0.1188271604938271
80334,0,0.0045871559633028
80313,35,-0.4307692307692308
80325,0,-0.1186440677966101
80333,0,-0.0416666666666666
80361,0,-0.1446808510638297
80309,33,0.1428571428571428
80375,0,-0.1031390134529147
80324,0,-0.1034482758620689
80358,17,0.0353982300884956
80396,35,-0.3846153846153846
80316,0,0.1851851851851851
80370,0,0.0096153846153845
80362,0,-0.0128205128205127
80382,0,0.0126582278481013
80332,0,-0.3253012048192771
80368,0,-0.0149253731343284
80341,25,-0.1510791366906474
80310,35,-0.0961538461538461
80302,0,-0.024390243902439
80360,0,-0.0773195876288659
80404,0,0.0099009900990099
80351,0,-0.1578947368421053
80303,0,-0.0402684563758389
80479,0,0.05
80439,18,-0.0830039525691699
80485,0,-0.347972972972973
80482,18,0.0140845070422535
80463,13,-0.3186046511627907
80434,0,-0.0212765957446808
80415,17,0.0065359477124182
80442,0,-0.0984848484848485
80420,0,-0.0439560439560439
80443,0,-0.162891046386192
80444,0,0.0
80477,18,-0.2413793103448276
80484,0,-0.2427184466019417
80441,18,-0.0511182108626198
80454,0,-0.1801801801801802
80469,9,-0.1083333333333332
80470,9,0.0115681233933162
80446,0,0.0207852193995381
80481,0,0.0337423312883435
80461,0,-0.1151241534988712
80480,0,-0.0825688073394494
80431,14,-0.1313868613138685
80460,0,-0.0138888888888888
80503,18,-0.3926380368098159
80505,0,-0.3417721518987342
80541,17,-0.009009009009009
80583,35,0.4166666666666667
80504,25,0.0583657587548638
80568,0,0.1699999999999999
80572,0,-0.0666666666666666
80497,0,0.0441176470588235
80598,0,-0.2954545454545454
80587,0,-0.1538461538461538
80512,0,-0.0769230769230768
80581,0,0.2432432432432432
80554,0,0.0588235294117647
80593,15,-0.0063559322033898
80506,16,0.1476121562952244
80524,7,-0.1428571428571429
80556,0,0.0526315789473683
80564,35,-0.15625
80534,13,-0.1392405063291139
80562,0,-0.0277777777777777
80528,0,0.1020408163265305
80537,0,0.0
80526,18,0.2045454545454545
80555,0,-0.1999999999999999
80527,0,-0.0451612903225806
80600,23,0.0355329949238578
80560,0,-0.109375
80563,0,-0.147887323943662
80575,17,-0.0313479623824451
75318,35,-0.0606060606060605
65525,0,-0.0124999999999999
66122,0,-0.0775862068965517
54594,0,0.1182033096926713
11624,0,0.0610328638497652
11790,23,-0.0120481927710843
12117,0,-0.127659574468085
12320,0,-0.136231884057971
13056,0,0.0723684210526316
50091,0,-0.0414507772020725
14286,0,-0.0333333333333333
14526,0,0.0986547085201794
11581,31,0.0036496350364962
15203,0,-0.0294117647058823
15748,0,-0.1458333333333333
15828,0,0.3557692307692308
16126,0,-0.1296296296296296
17137,0,-0.0758196721311474
85885,35,-0.2444444444444444
85914,0,0.1115384615384615
55044,0,0.0401785714285714
18092,0,0.145021645021645
18244,0,-0.2142857142857143
20336,0,-0.0963855421686746
20670,0,-0.2941176470588235
64899,0,0.0597826086956521
22905,0,0.0190476190476189
23115,0,-0.1267605633802817
47175,25,0.1061946902654866
23660,0,0.1162790697674418
23975,15,-0.0869565217391304
24548,18,-0.3076923076923077
30680,15,0.0020366598778003
25583,18,-0.0308641975308642
56274,0,0.0833333333333332
48637,0,-0.0512820512820513
64565,17,0.0972972972972971
27642,0,0.2222222222222223
28215,0,-0.1481481481481481
87207,0,0.0517241379310344
63554,0,0.115482233502538
31318,0,-0.0892857142857143
31668,0,-0.3513513513513513
54391,25,0.0507692307692306
32046,9,-0.0589777195281782
32054,0,-0.0578358208955224
47511,23,0.0568181818181818
33188,0,0.0595238095238095
48143,0,0.0276497695852535
34041,0,-0.0309278350515463
23552,31,0.07
60628,31,-0.0214424951267057
57330,22,-0.0471204188481675
37875,0,-0.1147704590818363
20765,0,-0.1530398322851153
17144,0,0.0
39328,0,0.0520833333333332
26657,0,0.0390625
40540,0,0.0612244897959184
22250,0,-0.0396825396825396
64979,0,0.0260416666666667
41452,0,0.1503267973856208
52716,14,-0.0283400809716599
62287,0,0.0188172043010752
44821,0,-0.0987654320987654
53129,0,-0.0756302521008402
89181,9,0.3396226415094339
46843,0,0.1117647058823529
47141,0,0.1842105263157893
89392,0,0.0
48550,13,-0.15
48697,9,0.0
61145,0,-0.0913978494623656
50462,0,-0.1940928270042193
49585,28,0.108974358974359
64020,0,-0.0506756756756756
51423,0,0.0106007067137809
67328,23,-0.0170454545454545
45022,0,-0.1191919191919191
67002,0,0.15527950310559
52090,25,0.0662313432835821
53613,0,0.0530503978779841
54114,22,-0.1218961625282166
55160,17,-0.0210526315789473
55213,0,-0.0350194552529182
55862,0,-0.1999999999999999
56363,0,0.1666666666666667
52337,0,-0.1071428571428571
51377,0,-0.1923076923076923
22066,25,-0.0024509803921568
57665,0,0.0584239130434782
67010,0,-0.0204081632653061
25232,0,0.0207999999999999
34948,14,0.0017921146953405
35107,30,-0.1105263157894737
58675,9,-0.1629629629629629
61621,0,0.1302083333333332
45823,0,0.0588235294117647
51692,0,-0.0077922077922077
63096,0,0.0870279146141215
63344,0,-0.2424242424242424
43692,0,-0.0344827586206896
65307,0,0.0
66852,14,0.0236966824644548
46922,31,0.0488656195462477
67193,15,-0.0210526315789473
64477,0,-0.0645161290322581
67679,0,-0.0059880239520958
67732,14,0.0821917808219179
68233,0,-0.054054054054054
77354,0,-0.003125
69199,36,-0.0157232704402515
69682,0,0.3135593220338983
70288,0,-0.0844155844155843
70798,0,0.0833333333333332
38850,0,0.1201716738197424
71002,0,0.1030927835051547
72128,0,-0.0103092783505154
72486,0,-0.2033898305084746
72710,0,-0.0833333333333333
27764,28,0.1314553990610327
44951,0,0.0597014925373133
76022,0,-0.0516129032258064
74500,0,-0.0109890109890109
60353,0,-0.1538461538461538
74561,0,-0.1666666666666666
74740,23,-0.0806451612903226
65752,17,-0.0632911392405063
74975,0,0.4187499999999999
40061,23,-0.0751633986928104
75417,0,-0.1428571428571429
75433,0,-0.18
40694,0,-0.1073684210526315
37640,0,-0.5076923076923077
76129,7,0.20935960591133
48709,0,0.2862745098039216
65306,25,-0.0291262135922329
37612,0,-0.0344827586206896
65103,0,0.0
80013,0,-0.0421686746987951
92874,0,0.0057142857142857
81294,0,-0.0113895216400911
81614,0,0.0
82449,0,-0.0769230769230768
51086,0,0.1396648044692736
53671,0,-0.0326086956521739
83601,36,-0.1453900709219858
83687,0,0.0031446540880504
83919,22,-0.1181818181818181
62042,0,-0.020242914979757
10012,0,-0.0999999999999999
88867,23,0.0072463768115942
21785,9,-0.1444444444444445
65067,0,-0.0857142857142857
10044,9,-0.0454545454545454
10048,0,0.1764705882352941
69032,0,0.1705364291433146
10104,0,0.0396825396825397
10216,33,0.1549295774647887
39416,0,-0.1764705882352941
75510,0,0.0625978090766823
10800,0,-0.2745098039215686
89659,0,-0.0099502487562188
10972,0,0.032258064516129
11136,0,-0.03125
11152,13,-0.2631578947368421
75033,0,-0.2439024390243902
75094,0,-0.0555555555555555
75174,0,-0.0431654676258992
75557,0,-0.0822784810126582
11694,0,0.1515151515151516
11614,0,-0.0237154150197628
11757,35,-0.2195121951219512
75110,18,-0.0918367346938775
11956,0,-0.1446540880503144
11952,0,-0.0999999999999999
10114,7,-0.0776699029126213
12099,23,0.0079365079365079
11106,0,-0.008
11794,9,-0.037037037037037
12006,33,-0.0130378096479791
12122,0,-0.3260869565217391
12211,0,-0.4166666666666666
75434,0,-0.1576086956521739
80297,0,0.0820367751060819
75625,0,0.0436893203883494
75657,0,-0.0481927710843373
75976,0,-0.1428571428571429
75857,0,0.0166163141993958
75993,0,0.1352941176470588
77488,0,-0.0166666666666667
76526,0,-0.0833333333333333
77820,0,-0.0168067226890756
76400,7,-0.18
76096,0,-0.18
76138,0,0.0075675675675674
76276,0,-0.1515151515151515
76410,0,-0.1351351351351351
76420,0,-0.2258064516129032
76858,7,0.0769230769230768
76568,0,0.081570996978852
76990,13,-0.2253521126760563
76605,0,-0.0394736842105263
76613,0,-0.190340909090909
76623,0,-0.3404255319148936
76988,0,0.0
76739,0,-0.1910112359550562
76752,0,0.2664092664092663
76772,16,-0.1833333333333333
76774,0,0.0314685314685314
76797,0,-0.03125
76846,0,0.0496894409937889
77163,0,0.0660714285714285
77478,33,-0.0753246753246753
77637,0,-0.0374999999999999
77667,0,-0.2061482820976492
77669,17,0.1842105263157893
77676,17,0.0
77989,0,0.0288461538461537
77803,28,0.0385356454720615
78194,7,-0.1794871794871795
80367,16,-0.2423064615384615
79094,0,-0.0293577981651376
79305,0,0.0522388059701492
79562,0,-0.0357142857142857
79428,0,-0.0303030303030302
79505,16,-0.1306256860592755
87055,0,0.0896328293736501
79866,23,-0.0802919708029197
79931,0,-0.1923076923076923
79950,0,-0.5700934579439252
80032,0,0.0612244897959184
80006,0,0.3513513513513513
80199,0,-0.0022988505747126
80240,0,-0.2272727272727273
80393,0,-0.09375
80357,0,-0.1527777777777778
80465,0,-0.2380952380952381
80599,0,0.0933920704845814
80553,0,-0.1451612903225806
80540,0,0.0780141843971631
50906,0,0.298888888888889
80071,7,0.2916666666666667
10568,0,-0.0175438596491228
11157,13,-0.0668789808917197
50032,0,0.1187584345479082
69171,7,0.2666666666666666
68814,33,0.0440251572327043
47730,0,0.0067720090293452
12627,0,0.1428571428571428
13777,0,-0.081967213114754
44652,0,-0.0300751879699248
78120,13,0.0658227848101264
38746,0,0.1818181818181818
60871,0,-0.0050632911392405
14198,0,-0.0164835164835165
45583,23,-0.0666666666666666
14702,0,-0.078125
15537,0,0.0
68830,0,-0.0604651162790698
85631,39,-0.0911764705882353
49373,39,-0.0426136363636363
18570,0,-0.0058651026392961
18973,0,-0.0409482758620689
19271,0,-0.0576923076923077
29938,0,0.0887850467289719
10866,0,0.1080139372822299
20240,7,-0.38
20248,0,-0.0707317073170731
25320,0,-0.0252293577981651
21726,0,0.0656934306569343
21742,0,0.1674008810572687
11267,17,0.1508264462809918
22825,0,0.0285714285714284
26841,0,-0.1074380165289256
65533,0,-0.0524475524475523
80416,0,0.0305958132045087
24572,0,0.0
25217,0,-0.0460526315789473
69307,0,-0.1875
26201,33,-0.2564102564102564
65541,13,-0.0775316455696202
27562,0,-0.0155038759689922
27677,0,0.0
31026,18,-0.1224489795918367
27909,0,-0.2607142857142857
28311,0,-0.0285714285714285
10731,7,-0.1428571428571429
63546,0,-0.0412371134020618
49154,0,0.045822102425876
19350,0,0.0192771084337348
76769,13,-0.0361881785283474
49429,0,-0.0148588410104011
61313,0,0.0830945558739255
12008,0,0.1790393013100437
31500,0,0.0305980528511822
87581,13,-0.3884297520661157
33209,0,0.0288461538461537
50788,0,-0.0290697674418605
33690,0,0.0
34121,23,-0.0288461538461538
34287,17,0.0370370370370369
77462,14,0.0386007237635706
46295,0,0.003125
37058,0,-0.0412371134020618
26382,0,0.0694626474442987
62228,0,-0.2023809523809523
21055,0,0.2571428571428571
38608,8,0.0095602294455066
59547,0,-0.0125786163522012
47888,25,-0.0967741935483871
62367,28,-0.1117478510028653
40628,0,0.305921052631579
39765,0,-0.0612244897959183
32678,14,-0.0946502057613168
23077,0,0.0577149587750294
41663,0,-0.0660377358490565
27828,30,-0.0391173520561685
32803,23,-0.0593607305936073
66181,0,0.0572792362768497
32870,28,0.0278810408921932
66587,0,0.0871985157699444
42922,0,-0.1714285714285713
12503,17,-0.0434782608695651
45744,0,-0.0425531914893616
46149,0,0.148936170212766
46237,0,-0.0089285714285713
33267,0,-0.0714285714285714
47133,0,0.2992125984251967
57437,14,0.0812854442344046
47571,17,0.1538461538461537
53495,0,-0.0136986301369863
50374,0,0.0363636363636363
48291,0,0.2764227642276422
48347,14,0.1037851037851038
64282,0,-0.0037593984962406
26294,28,0.0183387270765911
53612,0,-0.0474226804123711
61399,17,-0.4877663772691397
66253,0,-0.0710059171597633
51960,0,-0.1348837209302326
13100,25,0.0164888457807952
51984,0,-0.0172413793103448
27617,0,0.0101010101010101
60097,18,0.146067415730337
60548,23,0.0084388185654007
55191,0,-0.1666666666666666
68582,0,0.1280653950953678
47773,0,0.0058881256133465
56339,15,-0.0103092783505154
56777,0,0.0081300813008129
34665,31,-0.054054054054054
57745,14,0.0604026845637584
57809,0,0.032967032967033
57817,14,0.0719861231569818
57884,0,0.0126262626262625
79611,14,0.0431034482758621
79294,0,-0.2328767123287671
58473,0,-0.0333333333333333
53639,0,-0.0656934306569343
56733,18,-0.0735294117647058
59185,23,-0.0374999999999999
45313,0,0.0939597315436242
59767,0,0.125
60055,0,0.053191489361702
35051,23,0.0347003154574132
90924,0,0.1296296296296295
79105,13,0.0291262135922329
75310,35,-0.1846153846153846
18403,25,0.0069625761531766
35238,0,-0.148876404494382
62368,0,-0.0294117647058823
13936,0,0.1346153846153845
64338,35,0.0
49971,28,0.0611439842209073
63686,0,0.1363636363636364
63715,0,0.0416666666666667
64697,0,-0.0476190476190476
42307,28,-0.0241448692152917
65270,13,-0.0210843373493976
62033,0,-0.0437499999999999
75793,0,0.5625
67177,0,-0.0853658536585365
91556,0,-0.0254957507082153
68065,0,-0.0273972602739726
39773,0,0.0163934426229508
50948,0,-0.1577380952380952
70376,0,-0.2112676056338028
70923,0,0.1296296296296295
42585,15,0.0419947506561679
72005,17,-0.0418994413407821
72961,0,-0.1325301204819277
73796,0,-0.0952380952380952
74230,0,-0.0153846153846153
75345,13,-0.2826086956521739
53751,0,-0.4117647058823529
76081,28,0.0
60580,0,-0.0196779964221824
63036,0,-0.2857142857142857
61065,0,-0.115566037735849
50278,0,0.0225563909774435
78079,0,0.0454545454545454
79338,0,0.0222222222222221
46260,0,-0.1196172248803827
66368,0,-0.1069182389937106
37807,0,-0.0154798761609906
80347,14,0.0184501845018449
80654,0,0.0
59627,0,-0.1549295774647887
81190,0,-0.108829568788501
55976,17,0.1020408163265305
51932,0,-0.1121495327102803
44783,0,-0.0701754385964912
82924,0,0.1273148148148148
83011,0,0.1515837104072397
15456,0,-0.0316455696202531
79672,0,0.0282828282828282
40539,0,-0.4839572192513369
89245,0,-0.0857142857142857
80098,13,-0.081081081081081
87143,14,-0.0434782608695651
34228,0,-0.0833333333333333
10025,0,-0.2082379862700228
86511,0,-0.1351351351351351
90609,0,0.2142857142857142
87864,22,0.0277777777777776
75494,18,-0.28125
69411,0,0.0676691729323308
10089,31,-0.28
10182,0,0.0553846153846153
10247,0,-0.0666666666666666
10256,0,-0.1904761904761904
10259,0,-0.2941176470588235
10423,0,-0.074074074074074
10501,0,-0.0135135135135134
10185,0,-0.0248618784530386
77420,0,0.0851063829787233
10514,13,0.1937716262975779
10515,0,-0.1724137931034483
10622,0,-0.0333333333333333
10667,0,0.0236220472440944
10658,16,-0.2439024390243902
10645,0,-0.0879120879120879
10709,13,-0.0769230769230768
75232,0,-0.0212765957446808
10761,0,0.0512820512820513
10706,31,-0.0576923076923077
11747,0,-0.2105263157894736
76563,39,-0.0116279069767442
10870,35,-0.1917808219178082
75527,0,0.0459016393442623
10942,17,0.0381488430268917
10984,0,-0.2545454545454545
32563,0,-0.1011904761904761
11132,0,-0.0789473684210526
11103,0,-0.0256410256410256
71837,0,0.0256410256410255
11154,0,-0.1635071090047393
10325,16,-0.0463917525773195
11343,30,0.2688172043010752
71685,0,0.0357142857142858
11342,0,-0.2651515151515151
11381,0,-0.16
11382,0,0.0419354838709677
11379,35,0.0416666666666667
11426,0,-0.096045197740113
11278,16,-0.2040816326530612
75055,0,0.0
11484,0,0.0509259259259258
75066,0,-0.0566037735849056
10790,8,0.1493212669683257
80039,0,0.0284090909090908
75100,0,0.0026109660574411
79783,7,0.1794871794871795
75172,0,0.2682926829268293
86677,0,-0.15625
75563,0,0.0625
75179,0,0.2775735294117647
11539,13,-0.0838323353293413
11805,33,-0.0612244897959183
11928,0,-0.1534526854219948
11081,0,0.1262798634812287
75621,0,-0.0863309352517985
75696,16,-0.234126984126984
79410,23,-0.0382513661202186
75614,0,-0.188118811881188
75489,0,0.1517412935323383
75655,0,-0.1648936170212765
76008,0,-0.056910569105691
80220,17,0.1519999999999999
76959,0,-0.1914893617021277
75905,0,-0.2577319587628865
76052,0,0.0074074074074073
76362,0,-0.25
76215,33,0.2038834951456309
76075,0,0.2406417112299466
76076,0,0.2173553719008265
76106,0,-0.1428571428571429
76462,0,-0.2631578947368421
76322,0,0.0935960591133004
76937,16,0.4545454545454546
76671,0,-0.0286532951289398
77990,0,-0.0416666666666666
76217,13,0.0666666666666666
80063,0,-0.2439024390243902
76286,0,0.0370370370370369
56354,0,0.0
76860,0,-0.0976744186046512
76651,39,-0.1096930612244898
76856,17,0.1235955056179776
76673,0,0.1789473684210525
77007,0,0.0
76734,0,0.1211072664359862
76747,0,-0.0248447204968944
76781,17,-0.069078947368421
76839,0,0.0545454545454544
76847,17,-0.0551470588235294
77077,17,-0.025089605734767
77045,0,-0.0138888888888888
77040,35,-0.1538461538461538
77108,25,-0.0837053571428571
77096,39,-0.0088757396449704
77082,0,-0.0476190476190476
77208,0,0.0249999999999999
77268,0,0.0964912280701755
77335,0,-0.0168067226890756
77338,0,-0.2128060263653484
77403,13,0.4111111111111112
77501,0,0.0883392226148409
77505,0,0.1195652173913044
77584,17,-0.4215686274509803
77606,0,0.0906701708278581
77897,18,-0.125
77657,0,-0.048780487804878
77677,18,-0.03125
77699,0,-0.0650887573964497
77784,0,0.2714776632302405
77830,0,-0.010752688172043
77874,23,-0.1512915129151291
77862,0,-0.1160714285714286
77899,35,-0.1428571428571429
78216,0,0.0
78034,0,0.1269230769230769
78050,0,-0.097560975609756
78051,0,-0.1558441558441559
78200,0,-0.0135135135135134
80532,9,-0.0273972602739726
78156,0,0.0227272727272727
78209,0,-0.1312499999999999
78818,17,-0.003125
78816,0,-0.0857142857142857
78937,0,-0.0597014925373133
79042,0,0.0048780487804878
78975,16,0.2928759894459103
78999,33,-0.2184228890439636
79007,0,-0.0089285714285713
78963,0,0.4252873563218391
78956,14,0.0619469026548673
78953,0,-0.0052356020942407
78972,0,-0.0415019762845849
79121,16,0.0830188679245282
79168,35,0.0769230769230768
79181,0,-0.1785714285714286
79195,0,-0.0367647058823529
79300,0,-0.0923076923076923
79307,0,-0.0498533724340175
79276,0,0.0
79411,0,0.0126582278481013
79615,0,0.0169491525423728
79667,0,0.1107011070110701
79713,0,0.1777777777777778
79742,0,0.1538461538461537
79683,0,-0.0952380952380952
79881,0,0.1145038167938932
79922,0,-0.0831509846827133
79902,28,0.0401002506265664
79847,0,0.1767676767676766
79808,0,-0.1246684350132626
79797,30,0.1219512195121952
79951,0,-0.1917808219178082
80142,0,-0.1111111111111111
80114,13,0.5943661971830987
80290,0,0.1014492753623188
80274,0,0.0862068965517242
80233,0,0.3253968253968253
80245,0,-0.1265822784810126
80344,18,-0.0545454545454545
80359,35,-0.0757575757575758
80376,0,0.2857142857142858
80327,0,0.2991452991452992
80371,0,-0.0340136054421769
80320,15,0.289198606271777
80352,22,0.0290322580645161
80317,25,-0.0357142857142857
80423,25,-0.0429864253393664
82541,0,-0.1529411764705882
80432,33,0.0
80544,17,0.0819672131147541
80549,0,0.0127388535031847
80592,0,0.0835030549898168
80499,0,-0.073170731707317
