firms,clusters,mom1
21020,0,-0.3601049868766405
11499,0,-0.3081481481481481
27991,0,-0.153089730696167
10517,0,-0.4207983727434528
20482,0,0.0244060755549784
60038,0,-0.1270456503014642
10779,0,-0.2735229759299782
61487,0,-0.225572581973966
61241,0,0.0
28222,0,-0.0910705341286827
11368,0,-0.3237837837837838
28804,0,-0.4357907253269917
11587,0,0.0546640489364118
11691,0,-0.0779885576633544
11790,0,-0.0469757445501995
10145,0,-0.1750016032558426
45911,0,-0.1078059492912758
28484,0,-0.4072623709505162
81073,0,-0.0990977613377024
93330,0,-0.2053170468834201
12758,0,-0.2772230147408464
24109,0,-0.1039659421913511
59176,0,-0.2212316928954789
13507,0,-0.1624644164294428
13769,0,-0.3018018018018018
11144,0,-0.0518032786885245
85257,0,-0.1625581395348837
14008,0,0.0150202773744554
18075,2,-0.0842490842490842
83112,0,0.0206859009254218
39490,0,-0.832263242375602
14593,3,-0.0697614892362264
14761,0,0.0530973451327432
10516,0,-0.0656042496679946
77595,0,-0.1155981827359918
29209,0,-0.2265135699373696
24272,8,-0.3001118255521386
15457,4,-0.5471139615194869
44644,0,-0.1167120255453002
44601,0,-0.1102279675080792
27684,0,-0.181877444589309
10318,0,0.045098454372221
10239,4,-0.0357643758765778
57568,0,-0.0823162077774624
16505,0,-0.2705293872446852
16548,0,-0.2577264176296694
49656,0,-0.1558897243107769
39693,0,-0.2210428305400373
27887,0,-0.0273152030669702
29612,0,-0.2249533819291406
39642,0,-0.033849170219108
17444,0,-0.2650485436893204
65875,0,-0.0079394387001476
61508,0,0.0037714571428573
61946,0,-0.1131578947368421
19561,0,-0.4578895517389245
52230,0,-0.2511406466970839
12437,0,-0.5263157894736843
60898,0,-0.3289258114374034
19393,0,-0.056214019641043
10874,0,-0.3351503759398497
55597,0,-0.2278341420379357
19880,0,-0.3331295843520783
10890,0,-0.2047649710238248
20117,0,-0.0711060948081263
64186,0,-0.0314857876899529
20336,0,-0.4829843416001598
62148,0,-0.1866572036905607
28564,0,-0.0452627541235136
86290,0,-0.3897435897435898
46690,0,-0.3012306046013911
20512,0,-0.1382336543955595
20750,0,0.0492076730608841
21371,0,-0.080199539524175
27334,0,-0.1377244915496241
20618,0,-0.4693877551020408
18542,0,-0.0660012878300063
89792,0,-0.2814792782074162
90011,0,-0.1983002832861189
64194,3,0.0373066663473971
23182,0,0.0024561403508771
88208,0,-0.1306730769230769
14541,0,-0.2236983072637669
30509,0,-0.0843555102534422
23297,0,-0.6503639010189228
23393,0,-0.0768124280782507
79026,0,-0.1805953517987901
47677,0,0.1218390804597699
27422,0,-0.3201376936316694
46578,0,0.0867519759126835
11995,0,0.0618698441796516
11308,0,-0.1727425687044307
24441,0,-0.2283653846153847
24476,8,-0.1732577753665003
30648,0,-0.3952125061064973
18729,0,-0.0179073553352078
61735,0,-0.2065385096153846
89525,0,-0.1496413554291367
25081,0,-0.4426291793313069
25129,0,-0.1751310615989514
25487,0,-0.5706563706563706
40125,2,-0.458730817088345
26084,0,-0.3452991452991453
79618,0,-0.4
13625,0,-0.1655422937208096
11404,0,-0.0104034509007865
26607,0,-0.5126114166508629
26650,0,-0.2117892540427751
23229,0,-0.0276398543528633
91983,0,-0.5968337730870712
27430,0,-0.360533542565712
59248,0,-0.2136665994759121
22293,0,-0.1391450125733445
20204,0,-0.2762325239146431
17726,0,-0.1767375886524822
59256,0,-0.2163934426229506
31077,0,-0.2411829537105069
27888,8,-0.2883020793468555
41080,0,-0.1055587352474541
18091,0,-0.2295314323828581
19828,0,-0.2118644067796609
92570,0,-0.456884561891516
28629,0,-0.2150837988826816
80912,0,-0.5283495145631067
91926,0,-0.3815304574029915
61743,4,-0.2213213213213213
11674,0,-0.1495477746932927
76708,0,-0.1321671525753158
40440,0,-0.4985754985754985
79322,0,-0.138517343006121
44943,0,-0.0766871165644171
26403,0,-0.1789205269868253
10886,0,-0.3157894736842105
64936,0,-0.076618060885137
38682,2,-0.4955263157894737
25953,0,-0.1829861787035234
30681,0,-0.2075635103926097
63132,0,-0.4434490481522956
27959,0,-0.1179934569247547
30940,0,-0.4055735257526748
31051,0,-0.5501562499999999
42200,0,-0.1291068949560389
31480,0,-0.2343934040047114
14276,0,-0.4437299035369775
11762,0,-0.1436287477954144
70578,0,-0.136436686062621
32062,0,-0.1857923497267759
22103,0,-0.2567462174387771
81124,0,-0.1504854368932039
32986,0,-0.0389346246973365
52476,0,-0.1590396479188712
33532,0,-0.2991755005889281
31691,0,-0.1526261682242989
42550,0,-0.0147198847113924
33770,0,-0.2725978647686833
87717,0,-0.0525418915080942
33823,0,-0.3618968386023294
87725,0,-0.3338360985419809
11850,4,-0.2618584758942457
19166,0,-0.1225563909774435
24205,0,-0.0480297138799538
34367,0,-0.4364372469635628
47706,0,-0.0593103448275861
21135,0,-0.1944922547332186
34746,0,-0.3913934426229508
35263,0,-0.1338289962825277
10777,0,-0.2656901458163287
35554,0,-0.2632141330673884
36397,0,-0.3953488372093022
54244,0,-0.4339751534610467
36768,0,-0.2023289665211062
88924,0,-0.0469112865768696
88853,0,-0.2585836909871245
37154,0,-0.2682682682682683
25785,4,-0.3060344827586206
37402,0,-0.2157360406091371
37568,0,-0.0882182240278582
37584,4,-0.2329963235294118
58421,0,-0.2025316455696202
12036,0,-0.1254019292604501
38093,0,-0.1639142476151399
47941,0,-0.2416201117318436
20765,0,-0.1511769480519481
12052,0,-0.1714571983217483
12060,0,-0.2702205882352941
46834,2,0.1940983606557378
14558,0,-0.4244116473873155
12369,0,-0.3186885245901639
55212,0,-0.2215597424278559
46674,0,-0.2282209995414946
57154,0,-0.1430575035063113
32299,0,-0.1367781155015198
16432,0,-0.3990707279297883
53604,0,-0.024382619568615
85908,0,-0.3705799151343706
39571,0,-0.011962692619627
60468,0,-0.2219541616405306
52695,0,-0.1046335985935865
39731,0,-0.3234624145785876
90213,0,-0.3935185185185185
23819,0,-0.5961084905660378
25304,0,-0.4186822351959967
52978,0,-0.0737864077669903
41188,0,-0.3850544888427607
10294,0,-0.2039987405541562
41241,0,-0.0041958041958041
41292,0,-0.1318082788671023
76927,0,-0.3045387994143484
32651,0,-0.3106060606060606
15408,0,-0.0012111425111022
32707,4,-0.5757657901870425
16600,0,-0.0797972720468594
61567,0,-0.4245706328330496
52716,0,0.0473711608537219
14338,0,-0.2979423868312758
32803,0,-0.2722684085510688
42439,0,-0.2327139811148338
21792,0,-0.3288444830582102
32942,0,-0.1388472576668226
42877,0,-0.0436540854417253
42906,0,-0.330888345558272
87464,0,-0.4776119402985075
12570,0,-0.2458852867830423
80210,8,-0.1123256690539012
21928,0,-0.0915769867549668
56573,0,-0.1529383716771962
43634,2,-0.3333333333333332
43757,0,-0.1574999999999999
12431,0,-0.3599658524462067
14855,0,-0.361344537815126
44274,0,-0.0044419766796225
46463,0,-0.2729885057471264
59328,0,-0.0252161383285303
44768,0,-0.4818368745716244
12490,0,-0.14767569325207
40272,0,-0.1477709133411254
45306,0,-0.156173189638873
21573,0,-0.1577380952380952
53065,0,-0.2420411985018725
45728,0,-0.0197889182058047
82694,0,-0.202808112324493
22111,0,-0.0249107674003569
46886,0,-0.0648623990070652
12558,0,-0.2738654147104852
46923,0,-0.4351145038167938
47002,0,-0.3063469166967184
12650,0,-0.155959593573108
24053,0,-0.1576128538638102
26825,0,-0.0079378204068132
47379,0,-0.2360024081878386
44134,0,-0.3302158273381295
47619,0,-0.3768736616702355
47715,0,-0.2639060568603213
17750,0,-0.0253068069212591
59045,0,-0.3181176470588235
48072,4,-0.2608147837043258
48144,0,-0.0858519491896626
89456,0,-0.4307228915662651
49488,2,0.0769230769230771
12781,0,-0.0075949367088606
48486,3,-0.1820876932177245
48523,0,0.0013153340256144
48961,0,-0.3320000000000001
50286,0,-0.3446666666666667
60943,0,-0.3272818961169944
50876,0,0.0998176484579402
81678,0,-0.1574062767126633
21178,0,-0.0835969124286911
56223,0,-0.3961335676625659
59774,2,-0.4575986565910999
33849,0,-0.2301724137931035
66245,0,-0.4102694458566345
23835,0,-0.2246664262531554
50623,0,-0.4394618834080718
50789,6,-0.0822820297168489
51263,0,-0.318364073777065
15069,0,-0.6026570048309179
51423,0,-0.5389221556886228
45751,0,-0.1731063504208111
34032,0,-0.1633591481122942
39538,0,-0.2527565733672603
51925,0,-0.0072661217075385
43449,0,-0.1484265849513313
89915,0,-0.2457883369330453
17478,0,-0.0784475950509571
81061,0,-0.0328901043901045
52250,0,0.0447761194029849
17005,0,0.0025346400811083
22752,0,0.0049634273772203
42796,0,-0.5362428842504744
53074,0,-0.055163151622013
87437,0,-0.2850022655188038
89857,0,-0.3480825958702065
53373,7,-0.1195121951219512
24010,0,-0.1962193140022239
53859,0,0.0109298806120732
54253,0,-0.1682419659735349
22592,0,-0.0852989757907415
24248,0,-0.1204522394549933
54704,0,-0.564343163538874
76591,3,0.2663127912998448
42614,0,-0.3258060305443153
22779,0,-0.1977305165216392
28345,4,-0.6748010610079576
65365,0,-0.2078113485630066
69550,4,-0.1326352530541013
84372,0,-0.2976190476190476
13303,0,-0.115727002967359
55993,0,-0.2541789577187807
78900,0,0.0252100840336133
25590,0,0.0185741600655557
52337,0,-0.452054794520548
34497,0,-0.0988801221684906
56945,0,-0.0085365853658534
64450,0,-0.0379495893514586
47466,0,-0.1801922050186866
60986,0,-0.1393389500972132
21207,0,0.0145641944880126
34673,0,-0.7444444444444445
61815,0,-0.6184459886291851
64311,0,-0.1993419687775174
28118,0,-0.3212032993692382
44206,0,-0.0954198473282442
38762,0,-0.0758697261287935
23931,0,-0.032413350449294
58246,0,-0.1401549680948041
24766,0,-0.0799477253375501
58318,0,-0.3475692866878692
58334,0,-0.0611220921392732
90458,0,-0.1494171168609611
34817,0,-0.1288996372430471
34833,0,-0.6463042150274894
72611,0,-0.03
58975,0,-0.7210626185958254
67029,0,-0.3374741200828157
23026,0,-0.1001571973950146
13610,0,-0.2791846819024089
25232,0,-0.673111510791367
60098,0,-0.0853733799629705
60186,0,0.3396778916544656
91531,0,-0.3129757479199858
77157,0,-0.3416666666666667
44230,0,-0.3172932330827068
22509,0,-0.199617041646721
60506,0,-0.0862481315396114
86136,0,-0.1916583202174846
61146,0,-0.5145337863344659
61269,0,-0.227569331158238
41355,0,-0.2978838556042649
61496,0,-0.4669695248911603
22517,0,-0.1776074641786071
13856,0,-0.0903582519124441
50550,0,-0.5365517241379311
62341,2,-0.6736731476615869
21936,0,-0.0233393177737881
21776,0,-0.1461377870563673
52898,0,-0.0537084398976981
13901,0,-0.0421104780777804
13928,0,-0.3638992152003304
62958,0,0.0253054101221639
63125,0,-0.4802365390600686
89968,0,-0.2783961187214612
24459,2,-0.4035087719298245
80185,2,-0.2672978878368536
63715,0,-0.2321268321866586
18163,0,-0.0285260090082134
55511,0,-0.1928632115548003
23712,0,-0.1247320210485286
54148,0,-0.4447761194029851
64929,0,-0.1985784604570374
64961,0,-0.2018348623853211
65008,0,-0.1265060240963856
65270,0,-0.4959677419354839
69649,0,-0.244290326437881
66683,0,-0.4011627906976743
65700,0,-0.0831781502172563
58771,6,-0.1892065945388974
76711,0,-0.536833855799373
76282,0,-0.343318511584367
80294,0,0.0539162112932605
84381,0,-0.1776021798365122
35991,0,-0.1860344827586206
36003,0,-0.0347222222222221
67847,0,-0.0908054317404375
27633,4,-0.3049421661409043
68196,0,-0.1529884847377078
36281,0,-0.1763396632503661
88518,0,-0.2969004893964111
85926,0,-0.184757505773672
41574,0,-0.2090053763440861
51625,0,-0.181627955639255
50243,0,-0.2971014492753623
36468,0,-0.1107498984034832
49138,0,-0.4779582366589326
70704,0,-0.2657777777777778
65402,0,-0.0439949431099871
60206,0,-0.2482210708117443
71176,0,-0.0385812072184194
26614,8,-0.0757855822550832
15720,0,-0.1845512725107903
71475,0,0.0672411541976758
18411,0,-0.1030483764082172
58683,0,-0.2290539077722451
66093,0,-0.1723452583759227
71985,0,-0.1247457627118644
72304,0,0.0280433397068196
39220,0,-0.0552272727272726
43481,0,-0.227179568027747
43350,0,-0.3041057759220598
18438,0,-0.2894736842105262
72726,0,-0.2178828365878725
36898,0,0.007172947739952
72980,0,-0.2628524046434494
73139,0,-0.1264493939870926
73219,0,0.0597418817651955
52396,0,-0.5384615384615385
47861,0,-0.2961730449251247
65429,0,-0.4468085106382978
43334,0,-0.2375545851528383
52038,0,-0.3153788447111778
65752,0,-0.4893951296150824
74836,0,-0.309271523178808
74908,0,-0.4235593220338982
57007,0,-0.0676392572944296
43123,0,-0.5026331187829141
44329,0,-0.1258432369960969
63773,0,-0.1678252234359483
75460,0,-0.1899636566955549
84375,2,-0.6074154852780806
51369,0,-0.0781143635125934
15579,0,-0.1244962326966881
23579,8,-0.343103448275862
62092,0,-0.0247592168074007
93423,0,-0.5039556962025318
14795,0,-0.2787689562890276
14816,0,0.1209476309226933
76946,0,-0.0827275874004845
55001,0,-0.2103194103194103
92583,0,-0.1492721518987342
59600,0,-0.1339950372208437
76185,0,-0.0535822864661788
77730,0,-0.1468376824413976
91103,0,-0.487741516479948
17929,0,-0.2599889012208656
77973,0,-0.2084639498432602
78044,0,-0.4595226953673373
24985,0,-0.0781012658227848
48725,0,-0.1174520367936925
78749,0,-0.0170068027210884
92655,0,-0.0218858243690844
78829,0,-0.202407566638005
87447,0,0.0323792684274506
78960,0,-0.1936585365853658
79039,7,-0.2335459625179251
17830,0,-0.2776629144651199
79338,0,-0.4682017543859649
67360,6,-0.0713525026624068
59619,0,-0.1152907686051241
16555,0,-0.1041540020263425
79573,2,-0.40625
79637,0,-0.1992888314207208
79776,0,0.076086956521739
43553,0,-0.2488888888888889
79864,0,-0.4434634974533107
80128,0,-0.0881087592496988
27043,0,-0.1651622346913881
81116,0,-0.2852875280059745
57808,0,-0.2294117647058823
15202,0,-0.1013637119574256
53225,0,-0.3215677497613745
24969,0,-0.0988335100742311
46068,0,0.0247852616081083
42059,0,0.1183892617449664
62498,0,0.0112247608926674
66384,0,-0.2508999280057596
38033,0,-0.0806745670009115
39917,0,-0.3475750577367206
25419,0,-0.328953542937588
38156,0,-0.2572178477690289
15648,0,-0.533495736906212
23536,0,-0.0454890068233511
58819,0,-0.0734842670759784
42286,0,-0.4218333967287943
84403,0,-0.424031007751938
27983,0,-0.4118012422360249
59483,2,-0.2075471698113208
88857,0,0.027666114920785
38295,0,-0.325106698830952
84129,0,-0.330162703379224
90756,0,-0.1083853083853084
13600,0,0.084933898727862
72996,0,-0.2417340191036002
87426,0,-0.3078197824961159
88664,0,0.0230657688766462
15318,0,-0.2445363260484347
14318,0,-0.5025706940874036
80072,0,-0.213978494623656
85586,0,-0.486955466569591
35917,0,-0.2707988980716252
13508,0,0.2333333333333331
10028,0,-0.0526315789473684
10138,0,-0.1725277518854334
10107,3,-0.0265414496970216
13983,0,-0.4409534127843987
10200,0,0.1278037383177572
10363,0,-0.2025806451612903
10333,0,-0.1625514403292181
10382,0,-0.0687083888149133
10397,0,0.0791666666666666
10257,0,-0.1696252465483235
10463,0,-0.2451612903225807
70033,0,-0.3787331801772234
10421,0,-0.4231277533039647
91204,0,-0.118911964712369
10530,0,0.0513141426783478
79698,0,-0.2304660329237189
10606,0,-0.0986050473857947
10550,0,-0.123452514933772
79785,0,-0.2994316725549923
75070,0,-0.1096181046676096
10547,0,0.1054104477611939
76123,0,-0.1469242501270971
10355,0,-0.0867999999999999
10661,0,-0.1234042553191488
45225,0,-0.2589928057553956
10693,0,-0.1444414751469802
10649,0,-0.2236808886644786
79909,0,-0.5560032232070911
75517,0,0.0501535312180143
10696,0,-0.1314008778346744
44813,0,0.0519598906107565
89891,0,-0.4066115702479339
71175,0,-0.3560703560703561
93179,0,-0.1436672967863893
35124,0,-0.3268679744324443
22323,0,-0.2789115646258503
10026,0,-0.2476060659366953
10812,0,0.0368509212730319
10909,0,-0.0906597372599969
88779,0,-0.448948948948949
10860,0,0.7844112769485903
10443,0,-0.0493035595843466
10032,0,-0.177694046721929
85570,0,0.3321917808219179
11701,0,0.0109029913335194
77453,0,-0.4909962242230613
11292,0,-0.3408695652173913
64390,0,0.0092946965554949
65294,0,0.0939288380194078
11403,3,-0.0015119443604474
14135,0,-0.1333663366336633
11481,0,-0.4258698940998487
75470,0,-0.4912798497451033
11511,0,-0.298611111111111
75107,0,-0.0339411043485361
11547,0,-0.3948647506339814
11600,0,-0.2114134849715678
13788,3,-0.1166403963071379
11043,0,-0.3156108597285068
11654,0,-0.125
11636,0,-0.370509383378016
11394,0,-0.1206030150753768
11533,0,-0.1817408185517112
13652,0,-0.3792917732597279
81593,7,-0.4286827747466875
11775,0,0.004646691235379
75233,0,-0.189328743545611
75186,0,-0.1749693251533742
11809,0,-0.2615074798619101
11731,0,-0.2612767285781177
11825,0,-0.1944444444444444
11803,0,-0.0952927669345581
88197,8,-0.2048442906574393
85789,8,-0.2268083367388638
11618,0,-0.086791350087668
11896,0,-0.1260338007910822
84769,0,-0.2050610820244329
11884,0,-0.2282717282717282
75182,0,-0.4165757906215922
13643,0,-0.3152055688492494
75241,0,-0.4286528750610848
75320,0,-0.0674944285259472
75285,0,-0.3022122728469844
10901,0,-0.2193218334153553
11891,0,-0.5195439739413681
11955,0,-0.1646963270462954
84176,0,-0.3663865546218487
13969,0,-0.1816608996539792
11752,0,-0.0400808352980801
81774,0,-0.322289156626506
75573,0,-0.3021276595744682
84387,0,-0.4652777777777778
17743,0,-0.2229669347631814
12226,0,-0.0650208623087622
78664,0,-0.158296943231441
12062,0,-0.2806078888952131
80926,0,-0.7586343612334802
12209,0,-0.0634146341463414
36346,0,-0.2287752675386444
85269,0,-0.3153207547169812
92029,0,-0.0887573964497041
75591,0,-0.0668243243243242
76573,0,-0.1443888491779842
11203,0,-0.3412726626377532
75694,0,0.0038646831489228
63467,0,-0.1578702627295978
75649,0,-0.0838218053927314
91279,0,-0.3410041841004184
75607,0,-0.0168155543878086
14663,0,-0.4657534246575342
13721,0,-0.1110722202776804
13802,0,-0.2480755773268019
75654,0,-0.0520880107768297
12073,0,-0.2101501072194423
13825,0,0.0108097484276727
75603,0,-0.0438519813519814
93101,0,-0.2693345323741007
75825,0,-0.4321846348403414
13766,0,-0.3297632468996617
75853,0,-0.4530456852791878
14670,0,-0.1513748191027495
75854,0,-0.007242339832869
13862,0,-0.5115452930728241
15070,0,-0.1199873697505525
75556,0,-0.3449438202247191
86124,0,-0.1462093862815885
11628,0,-0.3352842809364549
75831,0,-0.2794561933534744
11748,0,0.1443113209964048
75828,0,-0.0118378218407813
14312,0,-0.6563071297989032
11348,0,-0.1391424619640386
23799,0,0.1164383561643835
11285,0,-0.2809968847352025
11442,0,-0.0484839816933638
86896,0,-0.0330537740503207
11018,0,-0.3299748110831234
87952,0,-0.0880933226065968
14440,0,-0.058405937399161
10252,0,-0.0467940174737153
12189,0,-0.2075316895752246
11208,0,-0.3321385902031063
90983,0,-0.1993708218639402
13799,4,0.0475409836065574
52936,0,-0.0598014315400601
56710,0,0.1866028708133973
12068,0,-0.1630710659898477
75860,0,-0.2337078651685393
11786,0,-0.2742121445042275
10892,0,-0.2768427161926872
10932,0,-0.3968922833816171
11293,0,-0.2257432211695524
12480,0,-0.0157480314960629
11593,0,-0.1835564053537286
69586,0,-0.2646586345381526
14523,0,0.0135135135135135
35685,0,-0.2762135922330098
76038,0,-0.3286219081272085
10308,0,-0.0966280825364872
77519,0,-0.2113702623906705
92807,0,-0.3498759305210918
14166,0,-0.2286568279469456
13908,3,-0.3729438457175269
83469,0,0.0888435770463154
86814,0,-0.2262868242149563
13812,0,-0.1382978723404254
92716,0,-0.2311046511627906
13877,0,-0.4884424281702312
13870,2,-0.1864406779661017
86384,0,-0.2473075388911049
13816,0,-0.2341379310344827
15505,0,-0.4322418136020152
10781,0,-0.1304347826086956
15056,0,-0.0120068610634649
13876,0,-0.3238321456848774
13943,0,-0.5133366884750881
84725,0,-0.2184466019417476
83642,0,-0.3603046168491195
13924,3,-0.2762482501166589
13890,0,-0.2373949579831932
91937,0,-0.0694321206743565
13694,8,-0.0813370473537604
87759,0,-0.3655705996131528
14051,2,0.7272727272727271
13911,0,-0.226754661498698
14102,0,0.1633291614518146
10232,0,-0.2333333333333332
13962,0,-0.3255748738081884
14239,0,-0.1725703905540417
90534,0,-0.1185544292639929
12166,0,-0.2772277227722772
13963,0,-0.2567287784679088
13959,0,-0.4199507389162561
10629,0,-0.2695738354806739
14044,0,-0.2527379949452401
14046,0,-0.2151354087572766
14400,0,-0.7209775967413442
14464,0,-0.1499743194658448
89875,0,-0.1514267860862319
77643,0,-0.2254237288135593
14099,0,-0.2770796460176991
77379,0,-0.155944931163955
10253,0,-0.1745833333333333
14414,0,-0.4299180327868852
11006,0,-0.1622404635441815
14072,2,-0.1029023746701847
14097,0,-0.3375394321766561
86382,0,-0.2247394653375622
77889,0,-0.3393435043920481
14161,2,-0.4073107049608355
14159,0,-0.2006044578768416
14934,2,-0.0537983238713166
14076,0,-0.1347692307692307
14176,0,0.0458512742930292
11565,0,-0.3435419440745673
75714,0,-0.0561797752808989
14273,0,-0.0874776842642183
14149,0,-0.2860576923076923
14245,0,-0.2393835616438355
14145,0,-0.1500559910414334
14221,0,-0.2480274442538592
14169,0,0.111790689772341
14317,0,-0.4007962840079628
14136,7,-0.1011240721102862
14257,0,-0.3363740022805016
76908,0,-0.701864406779661
14943,0,-0.341180484476288
75912,0,-0.1898080741230972
85299,0,-0.1008074382187422
14238,0,-0.2285714285714285
14258,0,-0.382
14274,0,-0.3756613756613757
14295,0,-0.2602409638554218
14325,7,-0.1380926868470399
14359,0,-0.0803324099722992
14263,0,-0.0153908464965574
15383,0,-0.6465753424657534
14213,0,-0.1520650813516896
14550,0,-0.4302649930264993
14472,0,-0.2063076539516329
77415,0,-0.0385871178391212
14449,0,-0.6602564102564102
47723,2,-0.2644186046511628
83155,0,0.0784172661870503
14352,0,-0.6320147194112236
14436,0,-0.2077389443651925
79851,8,-0.3505639097744361
14422,0,-0.1210911510312706
89211,0,-0.1942970822281167
14433,0,-0.4640625
14532,0,0.333333333333333
92686,0,0.0169491525423728
11844,0,-0.1781282316442606
14459,0,0.1284403669724769
89141,0,0.0211065573770492
76266,0,-0.1108566193311955
91855,4,-0.1393826005612722
14434,0,-0.3447883477469275
85726,0,-0.5588742102240092
75906,0,-0.2126291171311636
77236,2,-0.4451127819548872
14426,0,-0.0694022289766969
15351,0,-0.5464601769911505
14503,0,-0.4882308276385725
14457,0,-0.5015832805573147
14479,0,-0.3963663890991673
14401,0,0.018018018018018
14487,0,-0.1949458483754512
14590,0,-0.2511415525114155
14451,0,0.044917257683215
14490,2,-0.6476190476190476
14781,0,-0.2929380993897124
13328,0,-0.0559757942511346
15092,0,-0.2870118074477747
14608,4,-0.5644509731913332
79747,0,-0.2636180228648285
14667,2,-0.1395348837209302
14547,0,-0.3180975911056208
14504,0,-0.2737430167597765
14580,0,-0.5110132158590308
14456,0,0.0021786492374729
89828,0,-0.3025641025641025
14555,0,-0.325526932084309
14495,0,-0.0745156482861401
14751,2,-0.3471760797342191
14531,0,-0.1454340473506199
11397,8,-0.1481826654240446
14516,0,-0.2163990977842643
14554,0,-0.0974053594215228
14567,0,-0.1533984618582415
14596,0,0.0469669998630699
14574,0,-0.1207759699624531
14528,0,-0.3065539112050741
14556,0,-0.4576642335766424
14684,2,-0.3629191321499014
14619,0,-0.647948717948718
14589,2,-0.3662280701754385
14750,0,-0.2451775230640202
84516,0,-0.2450281425891181
14603,0,-0.0427722772277227
14579,0,-0.2852998508862499
14759,3,-0.2967032967032966
14818,0,0.0073260073260073
14636,0,-0.4301181102362205
77300,0,-0.0338711199169732
76215,0,-0.4221739130434783
14763,0,0.0081505918882205
14641,0,-0.1929138822342705
14632,4,-0.4156285390713476
14634,0,-0.5723880597014925
15527,0,-0.1886792452830188
14697,0,-0.0617283950617284
14625,0,-0.0403225806451612
14682,2,-0.5673469387755102
14719,0,-0.3553008595988539
14677,0,-0.0798479087452471
76082,4,0.2340272792534099
14810,0,-0.4021535580524344
14694,0,-0.3096179183135704
14690,0,-0.1784682080924856
14688,0,-0.0357374918778428
14884,0,-0.2050297561912076
15064,8,-0.2939550949913644
14942,0,-0.1940959409594096
14872,0,-0.5866819747416763
14830,0,-0.2675233644859813
14714,0,0.0488297431648716
14774,0,-0.239655172413793
76095,0,-0.2550933786078098
14782,0,-0.1532205595315549
14807,0,-0.1006739679865205
15226,0,-0.0251867662753468
15429,0,-0.1794212218649518
14836,0,-0.5033528918692372
14823,0,0.0520722635494155
14879,0,-0.0578764142732811
84184,0,-0.3497267759562842
14812,0,-0.3449612403100776
14874,0,-0.3746031746031746
14852,2,2.54251012145749
76963,0,-0.2847058823529411
76127,0,-0.746031746031746
76128,0,0.0300647548566141
92897,0,0.1664946834761542
15510,7,-0.0956521739130434
14941,0,-0.1690836161678494
76135,0,-0.2529527559055118
78981,0,-0.0506090918094483
15482,0,-0.3690406121247792
14983,0,-0.1545641512418921
14908,0,-0.7365891472868218
88965,0,-0.2183908045977011
14969,0,-0.2378116858950503
14982,0,-0.6112099644128114
15022,0,-0.4196094723722475
15079,0,-0.1184713375796178
89655,0,-0.1776513355460723
14926,0,-0.2861799217731421
76392,0,-0.1321855040266591
15067,7,-0.0389708095094792
14882,0,-0.7130330809087286
15084,0,-0.2323590197815175
14970,0,-0.2577876845918082
14953,0,-0.5784153896315618
15065,0,-0.1686602870813396
14353,0,-0.2727272727272727
15046,0,-0.2318093916104027
15119,0,-0.2435657463734207
15016,0,-0.5250596658711217
15071,0,-0.3777426992896606
15087,0,-0.310717039321511
92089,0,-0.2641681901279706
88871,0,-0.5426829268292683
15072,0,-0.2683749157113958
85875,0,-0.2117302052785924
15028,0,-0.724220623501199
15110,0,-0.5587392550143266
15590,2,-0.2315270935960591
15108,0,-0.1781016708140774
15180,0,-0.2491883116883116
83671,4,-0.14247311827957
15125,0,-0.4766666666666667
12622,0,-0.292575387764743
76201,0,-0.0664750269493352
87053,0,0.09
14773,0,-0.572031344183243
76360,2,-0.5703703703703704
15433,0,-0.2668810289389067
15264,0,-0.232343909928352
89369,0,-0.2011494252873562
15168,0,0.197278911564626
17073,2,-0.5428571428571429
15167,0,-0.3650740242261103
15172,0,-0.3200065541536948
15220,0,-0.1447638603696098
15374,2,-0.439655172413793
15144,0,-0.2418032786885245
15398,0,-0.4030955585464334
76230,0,-0.1937689969604863
76461,0,-0.208232445520581
89948,0,-0.1043958359674632
15198,0,-0.3292443572129538
15178,0,-0.3172110552763819
76261,0,-0.0236252545824848
15315,0,-0.1839096884824236
15400,0,-0.2963479879041638
76224,0,-0.264532744665195
15382,0,-0.308252427184466
92020,0,-0.4893333333333333
15272,0,-0.3434894162924952
14543,0,-0.3887024608501118
76279,0,-0.2160596026490066
76478,0,-0.1650901891772987
15395,0,0.0451297434854007
90608,0,-0.081228138359891
15291,0,-0.3350631378654213
15381,7,-0.247787610619469
15397,0,-0.2906930693069307
15650,0,-0.0347052280311457
15490,0,-0.0529426882549471
79037,0,-0.2257575757575757
78071,0,-0.4186046511627906
15282,0,-0.1016393442622949
15302,0,0.1068580542264754
76529,0,-0.2274678111587983
76515,0,-0.3600299401197604
76504,0,-0.2543859649122807
15399,2,-0.3908794788273615
15371,0,-0.312421052631579
91902,0,-0.1856973528249703
88284,0,-0.3225152129817444
76582,0,-0.0885554089709762
76613,0,-0.6392045454545454
76614,0,0.0983422161112486
15452,0,-0.4123376623376623
15440,0,-0.0562462995855536
15390,0,0.0422535211267607
15710,2,-0.0588235294117647
15396,0,-0.7542168674698795
76644,0,-0.213216957605985
15454,0,-0.2983174170077307
76837,0,-0.0800332317917474
76661,0,-0.0689247735328869
15410,0,-0.0977474180694477
15496,2,-0.1914784394250513
76686,0,-0.1116352201257862
15409,0,-0.1935751295336788
76856,0,-0.0673426937077483
15534,0,-0.2122411291386361
76709,0,-0.0482102097446154
76934,2,-0.039090909090909
76712,0,-0.1870890615660491
76721,0,-0.2093124456048738
76684,0,-0.4173134328358209
15585,0,0.2404768725992316
76732,0,-0.649602932193036
91403,0,-0.2672659968270756
76736,0,-0.3080614203454894
88031,0,-0.0985419003364844
76744,3,0.062134535553274
76750,0,-0.2193513898788309
76788,0,-0.5035516969218626
76795,0,-0.1297340380148836
14106,0,-0.2772115776600081
15493,2,-0.3475362318840579
76869,0,-0.5111111111111111
76798,0,-0.1312499999999999
76838,4,-0.0791896869244934
76892,0,-0.4121546961325967
15407,0,-0.4217975937721161
76841,0,0.0259087186384538
15649,6,-0.2106265696876048
15541,0,-0.0641468682505399
15651,0,-0.0150364520048603
77235,0,-0.2276422764227642
15488,0,-0.1134364292990092
77037,0,-0.3227038699690403
15478,0,-0.2557354925775977
13412,2,2.717059639389737
77202,0,-0.3596
77090,0,0.089239332096475
77117,0,-0.3424408014571949
77114,0,-0.3007682458386683
77217,0,-0.4261083743842364
77165,0,0.2736857102151304
77182,0,-0.051292168080489
77191,0,-0.1267466303944602
77175,0,-0.1999999999999998
77178,0,-0.136015325670498
90464,4,0.0732931726907628
77274,0,0.0778546712802767
15627,0,-0.2784116165357829
77292,0,-0.1705882352941177
77282,0,-0.31985559566787
15643,0,-0.4777662874870734
15530,0,-0.5485466914038344
77338,0,-0.1134205540682242
15394,0,-0.1826347305389221
77366,0,-0.39811542991755
77393,0,-0.1800990099009901
13599,0,-0.1351805205709487
92871,0,-0.3105978260869565
77425,0,-0.3678963110667995
77447,0,0.0304376691690926
77496,0,-0.3706974824597607
77501,0,-0.3795918367346939
77505,0,-0.2930011862396203
77515,2,0.1050632911392406
77520,0,-0.2181035909316564
83738,0,-0.2511182108626199
15623,0,0.0175712612260834
77610,0,-0.1700988204609118
77605,0,-0.1273067665151109
77649,0,-0.1175765981591224
77629,0,-0.3379389752446747
15539,0,-0.2156505914467699
77660,0,-0.3658482300136848
77661,0,-0.3617420687065891
15533,0,-0.4049586776859504
15531,0,-0.512987012987013
89810,0,-0.0976331360946746
15785,0,-0.1612903225806452
77702,0,-0.1618003315058015
87505,0,-0.0872675250357655
77780,0,0.0268857356235996
77868,0,-0.4205231388329979
77900,0,-0.2902208201892744
77902,0,-0.5206286836935168
77918,0,-0.1644538554893447
77917,0,-0.303490435811477
78018,0,-0.6294277929155313
78015,0,-0.1918876755070202
78038,0,-0.39030131826742
15795,0,-0.6023142509135202
15775,0,-0.0877192982456139
78054,0,-0.0235294117647059
78077,0,-0.1780444835939219
78066,7,-0.2197426124021477
78091,0,-0.0315186246418338
78081,0,-0.223076923076923
91402,0,-0.4908643710470836
78189,0,-0.1984615384615384
78170,2,-0.8143074581430746
78211,0,-0.1338811019816336
78137,0,-0.2772117962466487
78156,0,0.1001306051371353
78213,0,-0.2655367231638418
78840,0,-0.1211630871825046
91128,0,-0.4574182528062469
88944,0,-0.1093272171253822
15779,0,0.1464872944693571
15658,0,-0.1904999999999999
15694,0,-0.0273121910044615
15833,0,-0.1868852459016393
15774,0,-0.2731383780524571
15856,0,-0.1605504587155963
15838,0,-0.341100076394194
15826,0,-0.3714148565942637
15850,0,0.016
15853,0,-0.2761674718196457
15859,0,-0.1189374119541154
78841,0,-0.5489999999999999
86889,0,-0.1894409937888199
78908,0,-0.2053388090349075
79033,0,-0.0441278665740096
78875,0,-0.2072434607645874
78876,0,-0.3398361295357003
78915,0,-0.091189009947892
79019,0,-0.2046250117285332
79065,0,-0.0203488372093022
48653,0,-0.0177052057590466
78955,0,-0.0893098782138023
75985,0,-0.7150916784203103
78950,0,-0.1985194547260088
78987,0,-0.2525631132179473
15491,0,-0.4432234432234432
79072,8,-0.3495126705653021
79089,2,-0.2832244008714596
79108,0,0.0376569037656904
79116,0,-0.1182732111176818
79133,0,-0.0151380231522705
79103,0,-0.1835268225211543
88597,0,-0.2338449111470114
79150,0,-0.3077107279693486
79166,0,-0.0804020100502512
79198,0,-0.3018018018018018
13949,0,-0.1834179653300648
79237,2,-0.6537313432835821
90783,2,-0.4367088607594936
79323,0,-0.1284560570071258
79299,0,-0.073598333622635
79248,0,-0.2300147130946542
79249,0,-0.3382303839732887
79265,0,-0.2491170237814928
18649,0,-0.3351641333503641
79382,4,-0.3836504286012963
79507,0,-0.4063028764805414
79499,0,-0.3043478260869564
79545,8,-0.2287974683544303
79490,0,-0.5659722222222222
88568,0,0.1520514883346742
79491,0,-0.3629
15724,0,-0.4169811320754717
80069,7,-0.186368778280543
85913,0,-0.3966935483870968
79668,0,-0.0964187327823692
79731,0,-0.2887545980031529
79758,0,-0.4601272931486335
79686,3,-0.2289988492520138
79734,0,-0.2232558139534884
79824,0,-0.0661099512874042
79857,2,-0.5898778359511344
79906,0,-0.0289086328073199
79862,0,-0.1529504637852773
79839,0,-0.2638449367088608
79791,0,-0.6547277936962751
79878,0,-0.2063593683311994
79841,6,-0.1416709032367394
80223,0,-0.2670425422860072
79879,0,-0.1501137225170582
79885,0,-0.1980122324159021
80034,0,-0.2896024464831804
80080,0,-0.2427247602015932
80050,0,-0.227853233326576
84723,0,-0.346851238058101
80054,0,-0.2479845987245819
80167,0,0.0943952802359882
80236,0,-0.0154298310066127
80204,0,-0.1683294510613985
80191,0,-0.3113011606597434
80193,0,-0.4747145187601957
21186,0,-0.1500751879699248
80306,0,-0.3333333333333333
13006,0,-0.2262142381902859
80375,0,-0.1410788381742739
80343,0,-0.7767741935483871
80362,0,-0.2476257474498768
80341,0,-0.2485065710872162
80336,0,-0.1052631578947369
80415,0,-0.2598505004434309
80478,0,-0.2605118829981718
80539,0,-0.1422393080249878
80534,0,-0.2848837209302325
80498,0,-0.304856641310708
80563,0,-0.5722015556307067
80575,0,-0.2196902933400479
80640,2,-0.3823529411764705
80633,0,-0.1283292978208231
80759,0,-0.1816644113667117
80774,0,-0.1693989071038252
80828,0,-0.0481319421070346
80791,0,-0.0453697949036668
80795,0,0.0547669705630118
80812,2,-0.3515425427392414
80837,0,-0.5155152224824355
80928,0,-0.2540856031128403
80924,0,-0.2208201892744479
80955,0,-0.2538461538461539
80864,0,-0.1437090624694496
80951,0,-0.1836393989983306
81010,0,-0.003125
80960,0,-0.1870967741935485
80957,0,-0.1074077551403624
80969,4,-0.2834710743801653
81084,0,-0.1537423312883435
81095,8,-0.1670266378689705
81055,0,-0.4287332880126898
81182,0,-0.1232067510548522
81184,4,-0.3266375545851527
88865,0,-0.3044871794871795
85205,0,-0.0269769357495881
81220,0,-0.2352514067888909
81241,0,-0.1161982034192986
81282,0,-0.1334768568353068
81278,0,-0.3079866092778575
81501,0,-0.1787487586891758
87532,0,-0.5330132052821128
81540,0,0.0495730550284629
81560,0,-0.3689567430025444
90470,0,-0.2095090838809432
81588,0,-0.1114741035856573
81584,0,-0.1966205837173578
87476,0,-0.2132179386309992
81624,0,-0.347794753531277
81621,0,-0.0618892508143322
81736,3,-0.0734148167202557
85332,0,-0.1537708129285014
81740,0,-0.3071951744937528
81696,0,-0.4036396181384249
81666,0,-0.5
81665,0,-0.1500479386385426
81677,0,-0.2994177583697234
88719,0,-0.4041859050568166
81893,0,-0.1981191222570533
82251,0,-0.2633795402702229
81869,0,-0.256
82171,0,-0.1336335820125829
91262,0,-0.0392964071856286
82212,0,-0.1605384110308602
82179,0,-0.1426103646833013
82176,0,-0.0634820867379006
82234,0,-0.43
82281,0,-0.2145522388059701
82272,0,-0.3188999414862492
82261,0,-0.1045846878152673
82486,0,0.0372236915757069
82508,4,-0.1878547105561862
82518,0,-0.5052109181141439
82515,0,-0.0672639805051203
82307,0,-0.020097912909044
82575,8,-0.2760736196319019
82567,0,-0.1066666666666665
82581,0,-0.1709878569084344
82621,7,-0.4318181818181819
82649,0,-0.1749703440094898
82552,0,-0.1874678267540095
82547,0,-0.1846994535519125
82642,0,-0.132135123522052
82651,0,-0.0658833187952177
82573,0,-0.2641145689892592
82587,0,-0.2696428571428571
82599,3,-0.294770206022187
82762,0,-0.1708302328053577
82686,0,0.3690879195280008
82759,0,-0.2238667900092507
89736,0,-0.2952158693115519
82768,0,-0.1585333333333333
82775,0,-0.2944944944944945
82747,0,0.5476190476190477
82800,0,-0.163150074294205
82812,0,-0.096551724137931
82848,2,-0.1144051691372101
86122,0,-0.2281188118811882
86098,0,-0.208477508650519
87832,0,-0.4247619047619048
84825,0,-0.2416725726435152
90710,0,-0.2600828707184796
83145,0,-0.4399293286219081
87471,0,-0.2857142857142857
83149,0,-0.130081300813008
83120,0,-0.1958829205532325
84397,0,-0.3169877408056042
37381,0,0.1100000000000001
83111,0,-0.045091991917473
83124,6,-0.0542372881355931
82859,0,-0.3685730791450028
83303,0,-0.4247787610619468
83143,0,-0.2173627096349885
83272,0,-0.0164395414233181
83304,0,-0.224376731301939
83244,4,-0.3758620689655172
83762,0,0.2487804878048782
83390,0,-0.0950095969289827
86080,0,-0.2878787878787878
83411,0,-0.445859872611465
84215,0,-0.4387096774193548
83414,8,-0.2639791937581275
83382,0,-0.0553924447054219
83422,0,-0.1439393939393939
83520,0,-0.5059456398640998
83509,3,0.0637712052580157
83547,0,-0.2552552552552551
83462,0,-0.431578947368421
83534,0,-0.0860612460401267
93312,0,-0.2104504504504504
86091,0,-0.0567970204841712
83690,0,-0.2720114531138152
89202,0,-0.4066168623265741
83621,3,-0.040133779264214
83683,0,-0.2288607594936709
90082,0,-0.2418604651162791
83774,8,-0.2216242661448141
83779,0,-0.21292817679558
83799,0,-0.0517031483240603
83734,4,-0.124390243902439
83756,0,0.0347826086956521
83916,0,-0.018968741651082
83879,0,-0.3876283735371387
83844,4,-0.0655737704918032
83856,0,-0.2364066193853428
83862,0,-0.2503276539973788
83910,0,-0.688376753507014
83906,0,-0.1541006442625805
83885,2,-0.3214004720692368
83969,3,-0.5308641975308642
88436,0,-0.3297101449275361
88905,0,-0.2387096774193549
84026,0,-0.2424242424242424
89425,0,-0.2004889975550121
84062,0,-0.5784522003034902
84042,0,-0.3915688830943068
84010,0,-0.1261724659606655
84041,0,-0.6442105263157896
84032,0,-0.4746125066809193
84203,0,-0.5656108597285068
12877,0,-0.5942408376963351
84234,0,-0.1734424498416051
84172,0,-0.1088907014681891
84262,0,-0.1535861809988734
84210,0,-0.1894065446478092
84348,0,-0.3753043478260869
84302,7,-0.3497222222222222
84373,0,-0.2428813878936451
84319,0,-0.3136119503188989
93131,0,-0.2076299797434166
85176,0,-0.568157802042973
88984,0,-0.2609699769053117
84438,0,-0.0460377358490565
84385,0,-0.4455180615430355
84413,0,-0.0953307392996107
84511,0,-0.4060880829015544
84563,0,0.0136220747467692
84389,0,-0.1378449794480329
84597,0,-0.1792564527587024
84737,2,-0.3258426966292135
84761,0,0.1035541496092296
84607,0,-0.2457912457912457
84656,0,-0.3105050202307808
84734,0,-0.3779799247176914
84780,0,-0.4149659863945578
84827,0,-0.2060085836909871
84788,0,0.0350205547445257
85035,0,-0.1983495724796182
85002,0,-0.1454529571066655
85072,0,-0.366600322244337
85067,0,-0.0764836559822278
85013,0,-0.4722222222222222
85020,0,-0.2706155632984901
85059,0,-0.1342965419232591
85168,0,-0.7555886736214605
92245,0,-0.4666666666666667
85187,0,-0.4207604483083691
85177,0,-0.2508108108108108
87364,0,-0.4251012145748989
89022,0,-0.2745454545454545
85246,0,-0.3166407254517155
89038,0,-0.380952380952381
86818,0,-0.2879349798784818
13739,0,-0.3509385523982534
89898,0,-0.0884353741496598
85349,0,-0.4160423093873954
90012,0,0.0901515151515153
85372,0,-0.2225716282320056
89270,0,-0.2767467248908297
90875,0,-0.151603498542274
85418,0,-0.2331138746647159
85502,0,-0.2620087336244542
13935,0,-0.1729405346426623
85440,0,-0.2420814479638009
85488,0,-0.1519625938230588
85517,0,-0.3289877300613497
85424,0,-0.1437394722066254
13265,2,-0.1513333333333333
87114,0,-0.2621122342279539
85464,0,-0.1938080495356037
85427,0,-0.4806992842895694
85419,2,-0.7734375
85540,2,-0.2238296488946684
85621,0,-0.0159469856641445
92593,0,-0.2711451444483118
85627,0,-0.5257142857142858
85539,0,-0.2224137931034483
85593,4,-0.2137729327306566
85567,0,-0.4809407948094079
85576,0,-0.2912621359223301
85526,0,-0.3107822410147992
93285,0,0.0563097033685269
85686,2,-0.3981481481481481
85725,0,-0.123076923076923
85645,0,-0.0936374549819927
85710,0,0.0147041929925331
85663,0,-0.2232789855072462
85883,0,-0.1353626943005181
92878,0,-0.0569203115638107
92557,0,-0.0186567164179105
85731,0,-0.1375592927986201
85751,0,-0.2133333333333333
85656,0,-0.0479548660084625
85757,0,-0.7499249774932479
88183,0,-0.4184615384615384
85744,0,-0.2704626334519574
85753,0,-0.0509090909090909
85768,0,-0.2428142428142428
85724,0,-0.2772940388479572
85738,0,-0.0288592431255103
14604,0,-0.0951730418943533
85792,0,-0.1678468397587201
85966,0,-0.1593813046402151
85886,0,0.0132776001967052
85889,0,-0.045545688914351
88384,0,-0.4566371681415929
85931,0,-0.1729651162790697
88203,0,0.0993337371290126
86444,0,0.7383177570093458
86102,0,-0.3396880415944541
86111,0,-0.0399029982363315
87014,0,-0.2619647355163729
85860,0,-0.1867339581831291
85863,0,-0.141820418204182
15057,0,0.007518796992481
87488,0,-0.3142144638403989
87501,0,-0.2614107883817428
87508,0,-0.2447129909365558
88820,0,-0.3460837887067395
88951,0,-0.2590059279525764
15840,0,-0.1551522248243558
90603,0,-0.3385487971836495
86302,0,-0.2524366471734892
87614,0,-0.249566122874002
14175,0,-0.3037177063642091
85992,0,-0.2603919239904988
85972,0,-0.2816598580950333
86047,0,-0.2534738859607092
90544,0,-0.0323905109489051
86062,2,-0.0823529411764705
86026,0,-0.197018719667206
86083,0,-0.3698296836982969
86051,0,-0.0775862068965517
86113,0,-0.2752808988764045
86048,0,-0.1740259740259739
86128,0,-0.3845245126993503
88341,0,-0.1559337626494938
86211,0,-0.1262207753773305
89279,0,-0.2494996664442962
87318,0,-0.1926777124532336
92919,0,-0.2264044943820224
86158,0,-0.2373215164943377
87067,0,-0.1372549019607842
14778,0,-0.4826038159371493
86288,0,-0.1204032510791091
90221,0,-0.247250119560019
86228,0,-0.1684023930866386
89643,0,-0.1901081916537866
86287,0,-0.0758254057078903
86233,0,-0.3646616541353383
92935,0,0.3102310231023104
86728,0,-0.2889182058047493
86312,0,-0.3033707865168539
86339,0,0.0077465285607181
15417,0,-0.5109154929577464
14355,0,-0.1304347826086955
86356,0,-0.1322170900692841
86868,0,-0.230014444389102
87658,0,-0.4780487804878048
89109,0,-0.2530378842030022
86435,0,-0.1196319018404906
86432,0,-0.253095975232198
12380,4,-0.2607003891050583
87753,0,-0.2662337662337662
86489,0,-0.5650397275822928
86544,0,-0.307471264367816
86526,0,-0.2474964234620887
87069,0,-0.1364140480591498
86573,0,-0.0260162601626016
86578,0,-0.5939803439803439
90591,0,-0.2707081264698198
86582,0,-0.3697225572979493
86547,2,-0.429699842022117
86560,2,-0.5072046109510087
86719,0,-0.3355704697986578
86717,0,-0.1723125564588979
90590,0,-0.0174736075718966
86763,2,-0.4715025906735751
86778,0,-0.1870446152310609
86783,0,-0.2066098591708858
86810,0,-0.1621536853110298
86820,0,-0.048750512085211
86822,0,-0.3856858846918489
86819,7,-0.2369230769230769
86827,0,0.0089686098654708
86799,2,0.0018832391713747
86916,0,-0.4575510204081633
92318,0,-0.2155247181266261
86876,0,-0.4367759428148878
12588,0,-0.3241430700447093
86964,0,-0.1110462692788663
86949,0,-0.2823458282950423
86990,0,-0.3608247422680413
88368,0,-0.2787136294027565
86996,0,0.0184088422799806
87006,0,-0.0790112665112664
87000,0,-0.0781659698107859
86965,0,-0.3259011519881085
86979,0,-0.0980207351555135
87016,0,-0.5092198581560283
87077,0,-0.3708288482238966
87121,2,-0.3007317073170732
87066,0,0.2575177692728267
87075,0,-0.1429062177945723
87056,0,-0.0649551842425584
87034,0,-0.2031298382501205
87086,0,-0.3387844764461801
87162,0,-0.2666297117516629
87179,0,-0.0789883268482489
90539,0,-0.2058823529411765
87227,0,-0.0928217821782178
87267,0,-0.0497613647704938
87268,0,-0.6767648693718732
87361,0,-0.0527065527065525
87269,0,-0.0289575289575289
87356,0,-0.2745349583066069
87302,2,-0.23992
90358,0,-0.2557712486883525
87299,0,0.0575655993526758
87321,0,0.0533807829181496
87337,0,-0.184331797235023
13704,0,-0.0254147546770208
87379,0,-0.3188437296239947
89597,0,-0.4120603015075377
87439,0,-0.5830258302583027
87430,0,-0.1488314883148832
12308,0,-0.1152949466655525
90808,0,-0.4294260799026567
87394,0,-0.2331902718168812
87373,0,-0.1714285714285714
87510,0,-0.202127659574468
87445,3,-0.1187300450987179
87487,0,-0.4592274678111588
87541,0,-0.0418229971308762
87583,0,-0.0316205533596836
87589,0,-0.4019292604501607
87812,0,-0.036874154262517
87657,0,-0.0791837531732083
87659,0,-0.2068511198945981
88810,0,-0.2641509433962264
87789,0,0.1118739903069465
88152,0,-0.1804997128087306
93368,0,-0.1640020629190304
88167,0,-0.0152138157894736
88468,0,-0.031111111111111
88173,0,-0.2972972972972972
88174,0,-0.1402116402116402
88195,0,-0.253223915592028
88159,0,-0.0736955352339968
88182,0,-0.3333333333333333
88260,0,-0.3309859154929576
89572,0,-0.1224920802534319
88534,3,-0.4283154121863799
88264,0,-0.0619195046439629
90071,0,-0.1791629027401384
88351,0,-0.3562248995983935
88343,0,-0.4336283185840708
88319,0,-0.2623001230012302
88352,0,-0.072571032565322
13198,0,-0.365482233502538
88281,0,-0.1887253847962084
88280,0,-0.3912331011880376
88332,0,-0.4666666666666667
88287,0,-0.4731781376518219
88439,3,-0.1603525881470366
88417,0,-0.2367653188828679
88466,0,-0.2207357859531773
88485,0,0.0099502487562188
88421,0,-0.0582959641255605
88446,0,0.0280422694304112
88511,0,-0.4585384615384615
88542,0,-0.3947368421052631
88504,0,-0.1767676767676768
88564,0,-0.5378378378378379
89617,0,0.090380623086254
48506,3,-0.1188601424821896
14932,4,-0.3359932801343972
88648,0,-0.2040030792917628
88620,0,0.0536708860759493
88626,0,-0.1242937853107344
88615,0,-0.3028723522235776
88661,0,-0.4477611940298507
91360,0,-0.2733333333333333
13453,0,0.1505617977528088
89576,0,-0.3364956030975193
14521,0,-0.2875520242149073
88807,0,-0.1023054755043227
88863,0,-0.2835083384805436
89029,0,-0.574331797235023
88860,0,-0.20334329272529
88949,3,0.0133497277358158
88839,0,-0.3179012345679013
90029,0,-0.1051964512040557
90177,0,-0.0114646700982686
88873,0,-0.2160134804587705
88897,2,-0.7433628318584071
92601,0,-0.5426896551724137
88895,0,-0.3577106518282988
89290,0,-0.1238455715367146
89006,0,-0.0515151515151515
89110,0,-0.1950411194304652
88970,0,-0.3026992287917738
88994,0,-0.0487804878048779
89031,0,-0.0853043815432339
89002,0,-0.6081741965533303
89167,0,-0.2890295358649789
89036,0,-0.1395089285714286
89044,0,-0.1994535519125683
89215,0,-0.2145380434782607
89070,0,-0.2575834930285342
89327,0,-0.3769178700361011
89413,0,-0.5201793721973094
89179,0,-0.1168851763973705
90223,0,0.5816733067729085
89244,0,-0.4363333333333333
89269,0,0.1205205582798942
89217,0,-0.2982403368927658
89307,0,-0.0297730307076101
89252,0,-0.4135021097046414
89262,0,-0.2352941176470588
90125,0,-0.0578446909667194
90081,0,-0.4729620661824052
91379,0,-0.1856164383561642
89297,0,0.1227229146692232
89353,0,-0.4328263624841572
91015,0,-0.0608465608465608
89393,3,0.0175324499363196
89424,0,-0.199501246882793
89387,0,-0.1691560866318148
89394,2,-0.2275541795665634
91975,0,-0.3357810413885179
89445,0,-0.220164609053498
91665,3,-0.1443298969072163
93016,0,-0.1159649122807016
91152,3,-0.4259873433606425
91727,0,-0.1914805624483043
89753,0,-0.1019222172552526
14610,7,-0.4333333333333333
89575,0,0.0722631445262891
89453,0,-0.6901818181818182
91269,2,-0.1458333333333333
89406,8,-0.2663577386468954
89626,0,-0.1303189251423938
89443,0,-0.2785657998423956
89916,0,-0.4979126804661681
89533,0,-0.4425819596221523
90601,0,-0.0741101901511457
89482,0,-0.4781474233529028
90313,0,-0.1512195121951218
89941,0,-0.519559902200489
93150,0,-0.5653487786451775
14599,0,-0.252216748768473
89876,0,-0.2814037389307969
89653,0,-0.3563563563563564
89826,0,-0.5290994052676294
89574,0,-0.285935085007728
89546,0,-0.548582995951417
89509,0,-0.4907715582450832
89573,0,-0.2708108108108108
90436,0,-0.0807358201328565
92468,0,-0.0213333333333333
91274,0,-0.3609249329758712
89781,0,0.1400245614035089
89698,0,-0.1606126055370115
89741,0,-0.1172181914705361
89800,0,0.2103868574456808
89824,0,-0.1116866299773389
90716,0,0.0212290502793297
13411,0,-0.2627737226277372
89901,0,-0.6376216216216216
89866,0,-0.306626098715348
89889,2,-0.211197578901859
89964,0,-0.1448210922787195
89922,0,-0.1908086096567772
89913,0,-0.4318413021363174
91086,0,-0.3523611111111111
89973,0,-0.1959459459459459
89971,0,-0.4152508361204013
89952,0,-0.294775435380385
89960,0,-0.1551551551551552
90088,0,-0.4401544401544401
90126,0,-0.154232424677188
90490,0,-0.5012325390304027
90194,0,-0.4316625582032319
90454,3,0.0254062845067148
91977,4,0.2222972972972972
93012,0,0.7901421227698822
90248,0,-0.0453366536657235
91901,0,0.045045045045045
91233,0,-0.1677519379844961
14542,0,-0.1317971711765486
90285,0,-0.1889763779527559
90533,0,-0.3461538461538461
90708,0,-0.2086452830936204
90427,0,-0.2653859836357168
14650,0,-0.4639971900245873
90288,0,-0.5304958677685949
90227,4,-0.154200819672131
13879,0,-0.2499249924992499
90314,4,-0.6536697247706422
90353,0,-0.4430976430976431
13577,0,-0.1672206065641877
90312,0,-0.3168068730982637
90090,0,-0.3573940847322142
19721,0,-0.5770916334661355
90455,0,0.0555976424609179
90249,0,-0.1958428061058784
90444,0,-0.0289896670493686
90476,0,-0.1567567567567568
90496,0,-0.5787234042553191
90568,0,-0.2716049382716049
90505,0,-0.2716515177499572
90600,0,-0.2126489459211732
90637,0,-0.0992087644552647
90718,0,-0.2231040564373897
90409,0,-0.2355915065722953
90548,0,-0.4130434782608695
90803,0,-0.2684887459807074
90386,4,-0.3646506165590135
15506,0,0.0221556886227545
92521,0,-0.2201834862385322
90520,0,-0.2170898229144441
90440,0,-0.2534187294443483
13797,0,-0.3240016467682173
90564,0,-0.0182012847965739
90605,0,-0.1499026606099935
90550,0,-0.1748858447488585
90569,0,-0.4416257508210985
90558,0,-0.2381203801478353
90734,0,0.1542894780174541
91500,0,-0.3030140656396517
14689,0,-0.2972023246384646
90494,2,-0.7208755692669311
13938,0,-0.412718204488778
90634,0,-0.272179847450823
90672,0,-0.4038461538461538
12487,0,-0.2691853462892154
91018,0,0.2416340721425467
90664,0,-0.0243840942028985
13196,0,-0.1204545454545454
90720,0,-0.4614707177454865
90636,8,-0.2028696691909127
91114,0,-0.4341262580054895
86165,2,-0.409090909090909
90993,0,-0.0949338713292983
90735,0,-0.2542372881355932
90885,0,-0.6826923076923077
14185,0,-0.4056712962962964
13993,0,-0.4749009247027741
90856,0,-0.1257157730348775
90871,0,-0.650810245687402
90776,0,-0.3351433536055603
90829,0,-0.262072707542051
15127,0,0.2819237147595357
90775,4,0.1584885856730515
90868,0,0.0779054916985952
90955,0,-0.3870967741935485
90805,0,-0.2435797665369649
90952,0,-0.2419354838709676
90961,0,-0.1256764882742032
90971,0,-0.1477391123150657
91594,0,-0.5471233913701741
90825,0,-0.3695380774032459
90870,0,-0.3411414218120217
90963,0,-0.0107411385606874
91349,2,-0.6478169014084507
91356,0,-0.2846062052505967
90988,0,-0.5251141552511416
90989,0,-0.6908212560386473
91090,0,-0.3507833397019488
90978,0,-0.4084014002333722
90979,0,-0.350951374207188
91801,0,-0.473352435530086
90925,0,-0.3581011351909184
91083,0,-0.2653061224489795
91408,0,-0.3096774750956861
84185,0,-0.2267267267267267
91041,0,-0.2519335198288629
91080,0,-0.3821548821548822
15273,0,-0.426829268292683
89003,0,-0.1294016604637846
13976,0,-0.1382113821138211
91176,0,-0.3134427901685007
91095,0,-0.010204081632653
93175,2,-0.1996047430830039
91186,0,-0.0607434270172257
91234,6,-0.2684931506849315
91627,0,0.0072992700729925
91348,0,-0.4102564102564102
91237,0,-0.1930803571428572
91215,0,-0.2628624883068288
91359,0,-0.0820895522388059
91395,0,-0.5029940119760479
91366,0,-0.3800813008130081
14174,0,-0.1458333333333333
13532,0,-0.3104761904761904
91299,0,-0.1989730423620025
13377,0,-0.0380684481950305
13956,0,-0.4127423822714681
13921,0,-0.4613109906357812
13534,0,-0.32996632996633
14094,0,-0.2507084468664851
14707,0,-0.382716049382716
13188,0,-0.1806241358878135
13407,0,-0.1333714345092741
14033,0,0.2693498452012381
13641,0,-0.5774193548387097
13356,0,-0.2833288805770771
13621,2,-0.2152487215248723
13559,0,-0.1104961454832971
13543,0,-0.0596948927702851
13447,0,-0.1211628998129349
13548,0,-0.603112840466926
13337,0,-0.7726923076923077
13622,0,-0.6752966558791802
91363,0,-0.4469347396176664
91463,0,-0.0292565947242208
91357,0,-0.3261538461538461
13967,0,-0.1865426695842451
91277,0,-0.1048387096774193
93035,0,-0.3734335839598998
91472,0,-0.3037499999999999
91579,0,-0.2033898305084746
91498,7,0.2000000852151684
91503,0,-0.1256140350877193
12452,0,-0.1990566037735848
91446,6,-0.4063647490820073
91468,0,-0.0958146880758094
92506,0,-0.0593729152768512
91392,0,-0.4561403508771929
91413,0,-0.3086160312218553
91618,0,-0.2628398791540786
91659,0,-0.3964880770612422
92040,0,-0.0319539025667888
91355,0,-0.5396825396825398
93189,0,-0.0644881685013435
91461,0,-0.190263510495757
91416,0,-0.4055891238670694
91611,0,-0.2121476949967227
91742,0,-0.0702087286527513
91615,7,-0.4279210925644916
12049,0,-0.3159203980099502
91612,0,-0.2786483839373164
91622,0,-0.306553911205074
91625,0,-0.3050406504065041
90077,0,-0.1679197994987469
92773,0,-0.1622760800842992
91516,0,-0.2069895157264104
91683,0,-0.3504823151125401
91668,0,-0.1360075211532434
91571,0,-0.0139740967961826
92589,0,-0.303191489361702
92252,0,-0.2872981700753498
91658,0,-0.4193227091633467
91678,0,-0.5587878787878788
91754,0,-0.1892744479495268
92035,0,-0.2123893805309733
14548,0,-0.3381512605042016
92449,0,-0.4157441574415744
91822,0,-0.5760728218465541
91836,0,-0.2916666666666666
91688,0,0.0511157239231967
91826,0,-0.2584745762711864
13796,0,-0.3079710144927535
91814,0,-0.3591905564924115
92043,0,-0.1551859099804304
91959,0,-0.1747279322853687
91854,0,-0.2478275981925616
91968,0,-0.2529354207436399
92091,0,-0.3599038461538462
91900,0,-0.1165730337078652
14137,0,-0.5328368794326241
93177,0,-0.2439024390243902
91909,0,3.727334388424146
91849,0,-0.0913185128401686
14310,0,-0.2882051282051281
91915,0,-0.6074730354391371
91979,0,-0.4284559417946644
92052,0,-0.1089494163424124
14693,0,-0.0087719298245614
92050,0,-0.1278623466863189
92345,0,0.0429565217391305
92095,0,-0.2205882352941176
92096,0,-0.1295164950253098
92097,0,0.1298315163528245
92121,0,-0.4560841720036596
14328,2,-0.4952076677316294
92111,0,-0.2066869300911854
92143,0,-0.3223411225158331
92102,0,-0.1942857142857142
92229,0,-0.3561550668782589
92220,3,0.0844302944958059
92239,0,-0.3700382240517494
92172,0,-0.0526315789473682
13284,0,-0.1967980295566502
93149,0,-0.5372023809523809
14444,0,-0.3372747840734563
15540,0,-0.2214708368554522
92221,0,-0.2068893297295913
93004,4,-0.0992555831265509
68145,0,-0.1805555555555555
92293,0,0.0275827482447341
93130,2,-0.151391304347826
89756,2,-0.4024946759963492
92402,0,-0.0219334213376658
12400,0,-0.3151736285858078
92303,0,-0.2802867383512545
92326,0,-0.4183673469387755
92354,4,-0.3169984686064319
92428,0,0.0750224618149144
92432,0,-0.1548314606741573
92400,0,-0.5214285714285714
13712,0,-0.0170212765957447
92443,8,-0.208067940552017
92448,0,-0.0933607520564042
92493,0,-0.0513078470824949
92466,0,-0.2177589852008457
92467,0,-0.3384223918575063
92469,0,-0.0844788087056128
13561,0,-0.420963278984908
92917,0,-0.3170731707317072
92528,0,-0.312
92523,0,-0.320411871592974
91365,0,-0.0640616693248271
92614,0,-0.0331554261685265
92587,0,-0.0985486891385768
92611,0,-0.1135562892581584
92648,0,-0.4084254556319091
92588,0,-0.3832130649449298
10258,0,-0.3688212927756654
92602,0,-0.1088310736533529
93347,0,0.0969696969696971
92597,4,-0.1833333333333333
13262,0,-0.1021229050279329
92753,0,-0.2439024390243902
14797,7,-0.0634920634920634
12577,0,-0.2349397590361445
93345,7,-0.0420600858369099
92621,0,-0.5480225988700564
93079,0,-0.0742547425474254
92780,6,-0.0533866415804328
13343,0,-0.5103448275862068
92852,0,-0.054474467030243
92685,0,-0.3593096234309624
92688,2,-0.0275132275132276
92810,8,-0.2615663743574236
93065,0,-0.4573248407643312
93339,0,-0.4452149791955617
79678,0,0.0232238087046274
92775,0,-0.3351098783587167
92729,0,-0.233223208754904
13305,0,-0.2225651577503429
13604,0,-0.1119599578503688
92782,0,0.0266562132497059
93089,0,-0.1014119012313843
12527,0,-0.5673469387755102
92797,0,0.0078492935635792
92913,0,-0.1881876085697742
92809,0,-0.3763010408326661
87078,4,-0.06631299734748
91161,0,-0.5954962468723937
92808,0,-0.3474999999999999
92854,0,-0.2002200220022002
13253,2,-0.607843137254902
92902,2,0.0509554140127388
75754,0,-0.2017937219730942
93274,0,-0.1037735849056604
92987,8,-0.0342250196695516
93073,0,-0.1136751016126917
13863,2,-0.3727810650887573
93098,0,-0.3746736292428198
93132,3,-0.0087203605722124
93085,0,0.1225860621326615
14262,0,-0.1520737327188939
92596,0,-0.1751015884743259
93246,0,-0.0953490630158266
93128,0,-0.3547094188376753
92486,0,-0.4978540772532189
15645,7,-0.1962755102040816
93272,0,-0.2133333333333333
93356,0,-0.1157794676806084
93401,0,-0.275775356244761
15186,2,-0.2264150943396227
14172,2,-0.2192558139534882
93233,4,-0.1930379746835444
93304,0,-0.1532589547856724
12591,0,-0.1958713394143062
93264,0,-0.1619601328903653
93372,0,-0.1842407535033311
93434,0,-0.3050847457627119
93266,0,-0.375
11664,0,-0.2567330210772832
93420,2,-0.7859327217125383
93393,0,0.1805157593123207
93289,0,-0.2451487710219922
11370,0,-0.2874933757286698
14435,0,-0.2823590814196242
12449,0,-0.2981677904297457
12559,0,0.0968229954614221
12307,0,-0.1962323390894819
12009,2,-0.475
12089,0,-0.1742589703588143
93374,0,-0.2572679509632225
93436,0,-0.2155571073752168
12374,3,0.0604071792124296
12078,3,0.0923226433430515
10158,0,-0.2444543034605145
93426,0,-0.2690207499089916
12592,0,-0.5214627526605242
10220,0,-0.1117797228300511
12497,0,-0.1815673289183224
15254,2,-0.1599713055954089
12919,3,-0.1344243132670952
86092,0,-0.1522491349480969
13837,0,-0.2341644204851751
12360,0,-0.0999999999999999
12476,0,-0.7867283950617283
12502,0,-0.2818867924528301
12639,0,-0.2261759688033147
12521,2,-0.4904942965779467
12373,0,-0.5317018909899889
12515,0,-0.3703703703703703
12583,0,-0.22706316274781
12366,0,-0.0373071528751752
12573,0,-0.1060606060606061
12494,2,-0.4886363636363636
14358,0,-0.3963133640552995
12640,0,-0.3780851063829786
13410,4,0.0
12798,0,-0.1625887924230465
12623,0,-0.1134627061742811
12783,0,-0.1422879908935685
13860,0,-0.5950018375597207
12579,0,-0.4383561643835616
12905,0,-0.1648590021691974
14329,0,-0.4251583189407024
14441,0,-0.4684210526315789
13844,0,-0.3079856437864513
12913,0,-0.6711299804049641
12872,0,-0.5018979333614508
15327,2,-0.7696984924623116
13141,0,-0.6730975348338692
13302,0,-0.4674463937621832
13108,2,-0.2685074626865672
12880,0,-0.2158064516129032
13323,7,-0.3406167041045538
13046,0,0.0436385080347929
14715,3,-0.2276729559748428
13169,3,0.0208643815201192
12920,0,-0.2384578772013327
13201,3,-0.2238185255198487
13249,0,-0.1313327247832041
13210,0,-0.168189964157706
13116,0,-0.3093922651933701
13316,0,-0.1291512915129152
13326,0,-0.2508903838543728
13743,0,-0.4561224489795918
13520,0,-0.5303171641791045
13244,0,-0.7427385892116183
13375,0,-0.582815734989648
13260,0,-0.1041131105398458
13124,0,-0.6483333333333333
12981,0,-0.2995951417004049
14339,0,-0.1604696673189823
13035,0,-0.1578743211792087
14960,0,-0.2460978147762746
13084,0,-0.228395061728395
15543,0,-0.5430711610486891
10966,0,-0.159935379644588
15662,0,-0.4910144927536231
13019,0,0.0375722543352601
13579,0,-0.2186989212160837
13085,0,-0.4257077908658814
13105,0,-0.3800675675675675
13202,0,-0.053763440860215
13107,2,-0.1553784860557768
13730,0,-0.6837874050915587
13318,0,-0.4234090182283337
13159,0,-0.1168224299065421
13280,0,-0.0810810810810811
14244,0,-0.4825737265415549
13168,0,-0.2584221748400852
12629,0,-0.0332458442694661
90542,0,-0.2093023255813954
13748,0,-0.4279191128506197
90199,0,-0.3282864267901674
90276,8,-0.1806784660766961
90178,0,-0.0748767635560088
90188,0,-0.2302081750493846
90164,0,-0.3269493844049247
92457,0,-0.4232147780534877
90233,0,-0.0385295157299399
90097,0,-0.340028694404591
91609,0,-0.4449225473321858
90303,0,-0.2745411013567437
13279,0,-0.0638297872340425
12615,0,0.1081612586037363
14060,2,-0.0250696378830084
14406,0,-0.1953801732435034
54594,0,-0.4859623733719246
14526,0,-0.3103676714143756
11581,8,-0.2255498362189986
15203,0,0.0193236714975846
16126,0,-0.2377338031986988
17137,0,-0.447821681864235
20670,4,-0.5322245322245323
64899,0,-0.114409564647728
23660,0,-0.3506035596687246
82542,0,-0.0732064421669106
30680,0,-0.1352683461117196
56274,0,0.0992881228924691
31668,0,-0.0988372093023255
47511,0,-0.0656716417910447
60628,0,-0.1410356307997449
37875,0,-0.2880448636247769
17144,0,0.0769387755102042
41452,0,-0.1249696764902991
64020,0,-0.7161016949152542
52090,0,-0.0340651891374238
53613,0,-0.1997716894977168
54114,0,-0.3516355140186916
57665,0,-0.0742895502349518
35107,0,-0.094176851186197
61621,0,-0.1879194630872483
64742,0,-0.0986257073565075
65307,0,-0.0719076587115894
66852,0,-0.1431767337807605
46922,7,0.1013215859030838
77354,0,-0.2056715487690871
74500,0,-0.0970231213872833
74740,0,-0.2472553401775458
65306,0,-0.1868575426510952
81294,0,0.1644153188929606
19502,0,-0.0002185314685314
51086,0,-0.4640585854692619
83601,0,-0.1745283018867924
10044,0,-0.3733681462140993
10104,0,-0.0228467448443187
75510,3,-0.077885981687529
70092,0,-0.4446149125498619
75033,0,-0.2318059299191374
12211,0,-0.0752297283651418
75976,0,0.1027160493827159
77488,0,-0.3542757417102967
76605,0,-0.1806374836017328
76752,0,-0.1418610887637436
77637,0,-0.5058823529411764
79094,0,-0.2330733229329172
87055,0,0.0141921813263077
79866,0,-0.2087378640776699
80719,0,-0.2678497730086669
81655,0,-0.4414358974358974
82777,0,-0.1108055645422193
83148,0,-0.1530214424951267
83597,0,-0.019963157260166
20598,0,0.2605331040412724
89508,0,-0.3834612300996449
85040,0,0.0724815724815723
85982,0,-0.1873757455268389
85272,0,-0.2047619047619048
85394,8,-0.0563835518046328
85796,0,-0.3914919852034525
88841,0,-0.1245011971268953
89216,0,-0.1672175772895198
89900,0,-0.4153403183236024
12488,0,-0.1517857142857144
90179,0,-0.092254134029591
47730,0,-0.2600243013365736
13777,0,-0.1361702127659573
60871,0,-0.1779000458505272
14702,0,-0.2116311080523055
15537,0,-0.2854511970534069
68830,0,-0.3356663333809456
85631,3,-0.1822086651299245
85914,0,-0.2465300727032386
49373,0,-0.3188195452346396
18973,0,-0.0466835656949725
19271,0,0.3197940503432495
29938,0,-0.1245527347077866
10866,2,-0.5490026019080658
25320,0,0.0230496453900708
21742,0,-0.187277573303889
11267,0,-0.3401360544217687
86474,0,-0.340531561461794
22825,0,-0.4310618066561015
26201,0,-0.525695931477516
65541,0,-0.1506608697457908
27562,0,-0.4193818460894439
27909,0,-0.1929824561403508
49154,0,-0.097378640776699
19350,0,-0.1170756646216768
49429,0,-0.3435779001598862
93096,3,0.0047238190286091
61313,0,-0.1430789707187222
30737,7,-0.6342105263157896
12008,0,-0.1322733423545331
31500,0,-0.2183713039263208
33209,0,0.187793427230047
77462,0,-0.6288737717309145
62228,0,-0.0172043010752688
59010,0,-0.5087229588276343
21055,0,-0.6123219994187736
83233,0,-0.1202603282399548
32678,0,-0.3082058414464533
27828,0,-0.164983164983165
66181,0,-0.1429030022034521
32870,0,0.1211538461538461
42922,0,0.0326472675656495
12503,0,-0.5458551363260811
47571,0,-0.30995670995671
16678,0,0.070742979025951
48347,0,-0.2827225130890052
64282,0,-0.4662973222530009
27617,0,-0.1355754385964912
60097,0,-0.1042018476209396
53197,0,-0.1379647749510762
14696,0,-0.6223776223776223
57809,0,-0.0704059876118377
57817,0,-0.5579250720461095
79611,0,-0.1959183673469386
59185,0,0.0989155438711797
34948,0,-0.3995694651432356
13936,0,-0.4921063284307111
64785,0,-0.1715791996165827
62033,0,-0.2605363984674329
91556,0,-0.2004964147821291
50948,0,-0.0503925044315016
42585,0,0.077774541217594
76081,0,-0.4406577377005701
60580,0,-0.0887582248355033
80179,0,0.1217059639389737
80857,0,0.1961070559610704
59627,0,-0.453125
81190,0,-0.5621621621621622
55976,0,0.0551634472511144
82924,0,0.0080666845926324
83011,0,-0.3184805257252764
15456,0,-0.3917241379310344
40539,0,-0.2005016722408026
10501,0,-0.4560105049540408
70228,0,-0.4801512287334594
10514,7,-0.1193633952254642
10645,3,-0.2657508289909995
11154,0,-0.1759036144578313
11343,0,-0.001942376173519
11379,0,-0.56225
11174,3,-0.451688235866498
75100,0,-0.0306160640766525
12266,0,-0.1888888888888887
12146,0,0.1746031746031746
13628,0,-0.2483694083694083
14609,0,0.0266666666666666
13957,0,-0.2522356654392426
14182,3,-0.2672707975247755
14141,0,-0.06863846249844
14231,0,0.1014298795520181
14296,0,-0.6407407407407408
75905,0,-0.6556350626118068
76052,0,-0.2875143184421536
14544,0,-0.493358633776091
15443,0,-0.1624588364434686
15145,0,-0.1617910447761195
14939,3,-0.1169269734065006
76076,0,-0.0155271725519658
15489,0,-0.5891238670694864
15535,0,-0.0890505209357184
79315,2,-0.263157894736842
90751,0,-0.6313841598815692
77007,0,-0.3411371237458195
76839,0,0.0085126507448569
15582,0,-0.0701480904130943
77357,0,-0.0662655017955125
77516,0,-0.4678899082568807
77584,0,-0.3941670349094122
77606,0,-0.627330779054917
77699,0,-0.2256410256410256
15729,0,-0.1939711664482306
78034,0,-0.3572929802437999
15707,0,-0.2408131352619232
15837,0,-0.4154518950437318
78975,3,-0.1348505121365238
79007,0,-0.3055834169174189
78963,0,-0.6783042394014962
79307,0,-0.6387283236994219
79881,0,-0.3943002977456402
80114,0,-0.4604316546762589
80274,0,-0.1201646336007634
80233,4,0.0020325203252031
80320,0,-0.1889204545454545
93397,0,-0.2155688622754491
80432,0,-0.3827639751552795
81165,0,-0.5283018867924528
81481,0,-0.1151391063471034
15014,0,-0.603756437443199
82598,0,-0.1076626712328767
88988,0,-0.2961038961038961
83399,0,-0.2066115702479338
83391,0,-0.3359375
83822,0,-0.5820987654320988
83976,0,-0.3076923076923077
84084,0,-0.4398053278688524
84275,0,0.4188562596599692
84255,0,0.0163934426229508
84588,0,-0.3052537039650064
84519,0,0.0353706111833549
12493,0,-0.1859327217125381
85390,0,-0.6604166666666667
13687,0,-0.4461410940540845
89606,0,-0.1666666666666666
86580,0,-0.0239567510661403
86594,0,-0.3047455688965123
89416,0,-0.1701222753854332
87432,0,-0.0707149344751523
89301,0,-0.0277777777777777
89397,0,-0.2164723032069971
89447,0,-0.2037267080745342
89449,2,-0.3436440677966101
89540,0,-0.4160944795385882
89908,0,-0.487116564417178
90215,0,-0.1550468987703579
90387,2,-0.2499107461620849
90679,0,-0.4025641025641026
90371,0,-0.6246719160104988
90715,0,-0.3471541650961176
13521,0,-0.0336538461538462
13379,3,-0.1432159098622141
13511,0,-0.1119054815296284
91733,0,0.186223000583771
92203,0,-0.1281449795317601
92257,0,0.0048124792565549
92322,0,-0.3165817418024815
92471,0,-0.1404549950544016
92635,0,-0.4
93373,0,-0.5972972972972973
12363,0,-0.5012106537530265
12915,0,-0.6496913580246914
13399,0,-0.3646153846153847
13181,0,-0.2764346318766535
91964,0,-0.4104129840912742
