firms,mom1,clusters
47730,0.0987468671679199,1
13777,0.1082474226804124,1
38746,-0.3319919517102615,0
60871,0.0375653827864954,1
14198,0.0254374158815613,1
14702,0.1284965034965035,1
15537,-0.0089197224975222,1
68830,0.1321928460342147,1
85914,0.3721518987341774,0
49373,0.2261712439418417,1
18570,0.1012437810945274,1
18973,0.0446107784431137,1
19271,-0.0455212922173273,3
29938,0.0673154471544714,2
10866,-0.0615133369624388,1
25320,0.0521639438234451,1
21742,0.0306967984934085,1
11267,0.005103900838498,1
86474,0.2969121140142519,1
22825,0.0565085771947526,1
26201,0.0441292356185973,1
65541,0.0959126297577852,1
27562,0.0087145969498909,1
27909,0.1658894070619587,1
63546,0.2727272727272727,0
49154,0.0209565658272772,1
19350,0.0884054616986809,1
49429,0.0076399665751463,0
61313,0.1452496954933007,1
30737,-0.0822956145100162,1
80971,-0.1344519966015293,0
12008,0.0595959595959596,1
31500,0.1365777080062795,1
33209,0.0703703703703704,1
50788,0.0437038201540638,1
77462,0.0125576627370578,1
37058,0.0771428571428571,1
62228,0.116788321167883,1
59010,0.0528350515463917,1
21055,0.1332727272727272,1
83233,0.0557303370786517,1
32678,0.0134048257372654,1
27828,0.1585964912280701,1
66181,0.0819725141471301,1
32870,0.1089394424863825,1
42922,0.2904347826086957,1
12503,0.1984382177308221,0
89757,0.1351547388781431,1
47571,0.0181069958847734,1
16678,0.06456571867794,1
48291,-0.0640243902439023,0
48347,0.1053003533568903,1
64282,0.0203994900127497,0
27617,0.0249307479224376,0
60097,0.13603120429059,1
52813,0.0064629847238542,1
60548,0.0701754385964912,1
53197,-0.0408773678963111,1
56777,0.0403120936280883,1
57809,0.0712927756653993,1
57817,0.0323364485981307,1
79611,0.1916558018252934,1
59185,0.0054347826086955,1
34948,0.0651423641069888,1
60709,0.1298701298701299,2
35051,0.1334218386989711,1
18403,0.0314561136478943,0
35238,0.1322482197355037,0
13936,0.0708044320331502,1
49971,0.0143724049824338,1
64785,0.0444444444444445,1
62033,0.0216236722306524,1
91556,0.1037160288408207,1
50948,0.041796200345423,1
70923,0.0806675938803893,1
42585,0.0277133580705009,1
76081,0.1242318995458189,1
60580,0.0244299674267101,1
37807,0.0621794871794871,1
80179,0.0791527313266442,1
80857,-0.0264759586122945,1
59627,0.0308880308880308,0
55976,0.0252088524109628,1
82924,-0.0161828923709221,1
83011,0.0052547406899701,1
15456,0.0694271481942716,1
79672,0.1970802919708028,0
40539,0.0643109540636042,1
10025,0.0869491811581968,1
10182,0.1181638480122995,1
10259,0.0367321581113613,0
10501,-0.0003594536304817,1
77420,-0.0067618332081141,1
10514,-0.0229604298974109,0
10659,-0.0307302181642903,1
10645,0.0181249999999999,0
75527,0.5388235294117647,1
89105,-0.0095641266854813,1
71837,0.1600719424460432,1
11154,0.0050335570469799,1
11343,0.0616193480546793,0
11379,0.0928571428571427,1
11174,-0.0172754195459032,0
75100,0.1466689919776769,1
11081,0.3057199211045365,1
89609,0.0135765012966322,0
12266,0.4242424242424241,0
75489,0.1828947368421052,1
75905,0.0484954718083554,1
76052,0.0458553791887124,1
76076,0.0468513033476849,1
76671,-0.0886524822695036,1
76217,0.0144927536231884,0
79315,0.0306345733041575,1
90751,0.0188765413304918,1
77007,0.5055555555555555,0
76839,-0.0534612748457847,3
76847,0.0321657386770186,0
77045,0.0798429319371727,1
77478,0.1376146788990826,0
77501,0.1136690647482014,0
77584,0.0479390681003584,1
77699,0.1886586695747001,0
77830,0.0463121783876501,0
77862,-0.0659250103007828,1
78216,0.0049019607843137,0
78034,0.0555068653228163,1
78050,-0.0902255639097745,0
78200,0.0206896551724138,1
78881,-0.1745669141442984,1
78975,0.0488369981538585,1
79007,-0.0009760858955587,1
78963,-0.0287107258938245,1
79195,-0.0325814536340851,1
79307,0.0533980582524271,1
79411,-0.0428738659642962,1
79667,-0.1159708416169649,1
79881,0.0873983739837398,1
79797,0.0906481702941879,0
80114,0.003448275862069,3
80274,0.2499696609305601,0
80233,0.0703971119133572,1
80320,0.2172881355932201,1
80432,-0.0146270112140419,1
80544,-0.0479098168154062,1
81165,0.0873074101247248,1
82598,0.0730253353204173,1
88988,0.0712788259958072,1
83399,0.115251601833731,1
83391,-0.0456942003514939,0
83704,0.179134043958117,0
83822,0.1039119804400978,1
83976,0.0423181154888472,1
84084,-0.0007590132827325,1
84275,0.0072774771412575,1
84255,0.1530506721820062,1
84416,-0.2120582120582119,0
84588,-0.0229247550378998,1
84519,-0.0025477707006369,0
85019,0.1126920887877063,1
85390,0.125310453827049,1
85464,0.0365296803652968,1
89606,0.0189573459715639,1
86580,0.0,1
86594,0.0832282471626735,1
91014,-0.1196581196581195,0
86881,0.0731707317073169,1
89416,0.0392291810048175,1
90539,-0.4272641509433963,0
87255,0.0836718115353369,1
87310,-0.2264808362369337,0
87390,-0.0484960098219766,0
87432,0.0937957987298485,1
90640,0.1692307692307693,0
88172,0.3859275053304902,1
88458,0.0916193181818181,0
89301,-0.0753288162614588,0
89397,0.1512261580381471,1
89447,-0.0119000396667988,1
89540,0.0461639920861727,1
89908,-0.0723828410395573,0
90215,0.0239737641895441,1
90387,0.026246719160105,1
90679,0.0114285714285713,1
90657,0.1698113207547169,1
90715,0.0870685213807316,1
90706,-0.0595930232558139,1
90807,0.0446232626188733,1
91547,0.068904593639576,1
76020,0.0833333333333334,1
91733,-0.0041398344066236,1
91888,0.1108968177434908,1
92203,-0.0948445493900039,0
92322,-0.0044779157337676,0
92471,0.1704453441295546,0
92635,0.0122488975992161,1
77186,0.2886178861788617,0
91964,-0.0047194056352506,1
11499,0.1115577889447236,1
81912,0.0565862708719853,1
27991,0.0470772852098864,1
10517,0.0484441301272984,0
20482,-0.4827480916030534,1
10656,0.0388059701492535,1
60038,0.1050724637681159,1
10779,-0.0119047619047618,1
61487,0.0176789278585685,1
61241,0.0833333333333334,0
88845,0.0414597279205353,1
28222,0.0405855748631278,1
11368,0.0260951706222694,1
28804,0.0705500116036204,1
11587,0.0230101530612243,1
11691,0.1088187702265373,1
11790,0.1894621894621893,1
71271,0.0750402159966543,0
10145,0.0751536158815187,1
45911,0.1793103448275861,1
24643,0.0184331797235022,1
28484,0.2681268882175225,1
90893,0.0577777777777777,0
81073,0.0603265515337907,1
10225,0.0040923228024225,2
12758,0.0093457943925234,1
24109,0.0611527647610121,1
59176,0.0231384829505916,0
66800,0.071671388101983,0
13507,0.1306194171913894,1
58560,0.0363441190001534,1
13769,-0.1758241758241758,0
11144,0.0910846475700031,1
85257,0.0910300771892467,1
14008,-0.008584686774942,1
18075,-0.0780780780780779,1
14219,0.1160151324085749,0
14227,0.0061696658097687,1
83112,0.0990675990675991,1
39490,0.0670063694267517,1
14593,-0.1440939938111468,1
14761,-0.0481347773766547,1
10516,0.0416210295728367,1
14868,0.0403467822607535,0
77595,0.1015706806282721,1
29209,0.0089285714285716,1
24272,-0.0236289018778758,1
15457,0.0013111888111889,1
15553,0.0457843382536902,1
15721,0.1524350294824199,1
44644,0.0414544177059545,1
16030,0.0471167369901546,0
44601,0.1028064146620846,1
27684,0.1551780463900687,1
40416,0.1824512534818942,1
53110,0.0438726007171483,1
52484,0.0304853590052147,0
75034,0.0947984831459298,1
10318,0.026063100137174,1
57568,-0.0051396648044692,1
16505,0.2910052910052911,0
16548,0.0917139614074915,1
49656,0.0568093385214008,1
46877,0.0443012072846327,1
39693,0.0641139804096169,1
47423,-0.0557515878616795,1
27887,0.0177017701770179,1
29612,0.0464175196381815,1
39642,0.0748177516306434,1
17444,-0.048695652173913,1
65875,0.0078576380864339,1
65509,0.1043024771838332,1
43772,0.0663478780633592,1
17778,0.0881321796210652,1
61508,0.1089546502690239,1
18033,-0.0285714285714285,0
61946,0.1103467253714913,1
65154,0.0777496839443743,1
19561,-0.0197717622080678,1
42024,0.1045081967213115,0
18650,0.0441485634197618,1
52230,0.1074795725958517,1
60898,0.0471999999999999,1
17961,0.1257115749525617,1
19393,0.1089291193617674,1
10874,0.2430388449639049,1
55597,0.0434445306439099,1
19880,0.1351784997994385,1
10890,0.283815028901734,0
20117,0.0154639175257731,1
45655,-0.0064214827787506,1
64186,0.0912832023943135,1
67838,0.0374600274097762,1
20336,-0.0203761755485892,1
62148,0.1165737455651292,1
28564,-0.0639698965192852,1
86290,0.2104166666666667,1
46690,-0.0593113847700427,1
20504,0.0082644628099173,0
20750,0.0626702997275203,1
21371,0.0638659543467703,1
27334,0.0917290673927844,1
20618,0.0135580089095486,1
30402,0.1408259986459039,1
18542,0.0979985157658034,1
89792,0.0376150460184074,0
22437,-0.003373198405397,1
64557,0.0684828792801799,1
60599,0.0339979550102251,1
90011,0.0469387755102039,1
22921,0.1229050279329608,1
64194,0.1014725178597462,1
23182,0.0453744493392072,1
14541,0.0648233771037545,1
30509,0.089974293059126,1
23297,0.0564698289770895,1
23393,0.0787754340115736,1
79026,-0.0269375470278405,2
68320,0.4084507042253522,0
47677,-0.1332116788321168,1
23916,0.0694668820678512,1
27422,-0.0326678765880217,1
46578,0.0708822726031139,0
24193,0.05,0
11995,-0.0266165413533834,1
11308,0.0273103448275862,1
24441,-0.1178861788617886,0
24476,0.0943607144056264,1
30648,-0.033210332103321,1
18729,0.0270709776162234,1
61735,0.0383024635856861,1
89525,0.0192719486081369,1
25129,0.0710211066742725,1
25452,0.0711538461538461,1
25487,0.08627648839556,0
25778,0.1292083712465879,1
40125,0.0436953807740325,1
26084,0.049917718047175,1
79618,0.1078717201166179,1
26463,-0.0047011417058429,1
11404,0.0241267554915376,1
41929,0.1279654924514737,1
26607,-0.054202324347529,0
26650,0.1605933569816189,1
23229,0.0541427399507794,1
30840,0.1506666666666667,1
91983,0.1310382364947613,1
27430,0.0039432176656151,1
59248,0.0558541715354055,2
22293,-0.0491283676703644,1
27474,0.1009090909090908,1
20204,0.0864304235090751,1
27618,-0.0889724310776943,1
38420,0.1157102539981183,0
53575,0.0612244897959184,1
17726,0.028524857375713,1
59256,0.038,1
31077,-0.0202209714404836,1
27888,0.0851299060254284,1
41080,0.0598061836640517,1
18091,0.0858970453853182,1
19828,0.0936170212765956,1
92570,0.0301089045483664,0
28629,0.0363636363636363,1
29050,0.0128885519332828,1
29103,0.0917431192660549,0
91926,0.1701769165964617,1
29285,0.0076726342710997,1
61743,0.1411290322580645,1
11674,0.0542880932556204,1
76708,0.0606826801517068,1
29867,-0.0054945054945054,1
40440,-0.0382228030055536,1
44943,0.0962536023054754,1
26403,0.0821450090379594,1
10886,0.2804878048780488,0
64936,0.0445945945945946,1
38682,0.0233592880978863,0
30593,0.3025641025641026,1
25953,0.0528077918125096,1
20626,-0.0040025487636639,1
30681,0.0864691753402722,1
11703,0.0549484753826829,1
63132,-0.0086580086580086,3
27959,0.0774294670846393,0
88590,0.0367450731087095,1
30940,0.0679155313351498,1
31051,0.3578470930844533,0
31070,0.1726495726495727,0
31078,0.0686015831134563,1
42200,0.1102709514807813,1
63159,0.1052631578947367,1
31480,-0.011378002528445,1
11762,0.0511258767072722,1
70578,0.0069541029207231,1
82855,0.0557818865559385,1
32054,0.0854271356783922,1
32062,0.0026525198938991,0
22103,0.0810045317220544,1
81124,-0.0115606936416184,0
23042,0.0407262021589793,1
32540,0.0465753424657533,1
32548,0.2827868852459017,1
26470,0.0676424927921932,1
32791,0.1930294906166221,1
32986,0.0637813211845104,1
52476,0.0846267553584627,1
24328,0.0072906069854188,1
33532,0.0537428023032628,1
31691,-0.0047619047619048,1
42550,-0.0268497701430294,1
87696,0.1786516853932584,1
87717,0.0847029077117573,1
33823,0.1956834532374101,1
87725,0.2147435897435896,0
11850,0.0395147313691508,1
19166,0.0504101161995897,1
24205,0.041335453100159,1
34367,-0.0686070686070686,3
92640,0.1645885286783042,0
47706,0.0565045992115635,1
21135,0.2200956937799043,0
34666,0.1167086481947943,0
34746,0.0717105263157895,1
34818,-0.0243161094224924,1
35044,0.091164095371669,1
35167,0.0732910500352361,1
35263,0.0298308103294744,1
10777,0.0664220183486239,1
36397,0.0302724520686177,1
54244,-0.0126943005181346,0
36768,0.0937062937062938,1
88924,0.1551353674258702,1
88853,0.1036772216547496,1
37154,0.2771362586605082,0
25785,0.0,1
45241,0.0277463193657983,1
37234,0.0403587443946187,0
37402,-0.0029926335174953,1
37568,0.0723722285900367,1
37584,0.0889419252187748,1
58421,0.0839920948616601,1
37955,0.1724743777452415,1
12036,0.0935334872979216,1
38093,0.0663780663780664,1
47941,0.0899500277623541,1
12052,-0.0428757037678648,1
12060,0.0614578370652694,1
46834,-0.1419003767266639,0
55212,0.063863150392017,1
38659,0.0148541114058353,1
46674,0.0699905630701478,1
39029,0.1439393939393938,0
57154,0.0629290617848969,1
32299,0.5638297872340425,0
16432,-0.0043446777697321,1
53604,0.0187730472678513,1
85908,0.0679756061282164,1
39571,0.1108953194795105,1
60468,0.1882051282051282,1
52695,0.0763453575134653,1
39731,0.9540229885057472,0
84808,0.00899854862119,1
23819,0.1726722398385702,1
54084,0.0842696629213484,0
25582,-0.0563725490196077,1
25304,0.0846808510638297,1
52978,0.0409470752089136,1
41188,0.0212121212121212,1
10294,0.0796352583586628,0
41241,0.0098343685300208,1
41292,0.0396039603960394,1
76927,0.0311871227364186,1
32651,-0.0994854202401371,1
32707,0.1487234422424568,1
16600,0.1001107726391581,1
91575,0.1235402581438231,1
61567,-0.0063056379821958,1
52716,0.1642105263157893,1
32803,0.1218045112781955,1
42140,-0.0176879343019582,2
42439,0.0502328675981371,1
42455,0.2090680100755666,0
91207,0.0706066945606693,1
21792,0.0618181818181819,1
32934,0.0771211535985578,1
42877,0.126611957796014,1
42906,0.0892018779342722,1
88795,0.395,0
78892,-0.029585798816568,0
12570,0.0946291560102301,1
80210,0.0387806289793557,1
21928,0.0705882352941176,1
56573,0.0332182206873867,1
43634,0.1057692307692306,0
43757,-0.0102739726027396,0
51633,0.073469387755102,1
12431,0.0715179316096747,1
44274,0.05993690851735,1
46463,0.0296684118673646,1
44506,-0.0095890410958903,1
59328,0.0203685741998058,1
77855,0.3018867924528301,0
44768,0.044181705040448,0
12490,0.0601410075698249,1
40272,0.0584610760444845,1
45277,0.0846859562455892,2
45306,0.0559746897055244,0
21573,0.0396586345381526,1
27705,0.0992667794698249,1
45437,0.1589805825242718,1
45560,-0.0386100386100384,0
53065,0.0989110707803992,1
45728,-0.0349693251533742,1
46042,-0.0216366958361381,0
46077,0.0515786183182245,1
52329,0.1301385952548743,1
82694,0.0496966194741403,1
22111,0.0544935805991442,1
42534,0.0136941636778611,1
46886,0.1497068676716917,1
46907,-0.0168539325842697,0
46923,0.0778260869565217,0
47002,-0.0124999999999998,1
42067,-0.0111731843575419,1
47088,0.0151991614255766,1
24432,0.0536681437715411,1
12650,0.1153569717297555,1
24053,0.0506638714185883,1
47205,0.0363560384454659,0
26825,0.0474485228290062,1
47379,0.0127064803049554,1
44134,0.0252499999999999,1
47619,-0.0595703124999998,0
47715,-0.069767441860465,1
17750,0.0601681866635082,1
59045,0.1415414444983034,1
48072,0.0378947368421052,0
48144,-0.0558798999165971,1
89456,0.0328102710413695,1
49488,0.1688311688311687,1
48267,-0.0042432814710042,1
12781,0.0339290339290339,1
48486,0.1386659285911984,1
48523,0.0328082092787973,1
48531,0.0543030323131648,1
48961,0.1090909090909091,1
50286,0.1140350877192983,0
60943,0.0815576781778104,1
65330,0.0750388802488335,1
20415,0.0697772173182009,0
50876,0.0886050283860502,1
81678,0.1078471651602301,1
49905,0.2128514056224899,0
21178,-0.05872792285188,1
56223,0.0056935817805383,1
76489,-0.0037846206777912,1
59774,0.0655509065550905,1
33849,0.0019047619047618,1
66245,0.0696409140369969,1
23835,0.0979284369114878,1
50623,0.1162379736893777,1
50789,0.0282630029440627,1
89790,0.2255965292841646,0
51263,0.1224489795918368,1
81311,-0.0051387461459404,1
15069,0.0962165688193086,1
45751,0.0293008413112851,1
34032,0.1038415366146459,1
51829,0.1393926723462082,0
39538,0.0275805570726379,1
51925,-0.0072289156626507,0
51960,0.1650602409638553,1
43449,0.0802630087291691,1
89915,0.0272042449069365,1
17478,0.0521309676239254,1
81061,0.0852929042904291,1
52250,-0.0211920529801324,1
10507,0.7137546468401488,0
17005,0.0589451913133403,1
22752,0.0564240351734246,1
42796,0.0525399129172712,1
53074,0.0375174615845141,1
87437,-0.0828402366863905,1
89857,0.0950435687547568,1
53373,0.0059880239520957,0
53480,0.0843543826578701,1
53640,-0.0057034220532318,1
24010,0.0133333333333331,1
53859,-0.0127811860940695,1
54253,0.0821821587450244,1
91109,-0.053175775480059,0
22592,0.0829294561120086,1
24248,0.1259150805270865,1
54675,-0.037493315925805,1
54704,0.0430504305043049,1
54827,-0.0062202707647273,1
76591,0.201928227102303,1
42614,0.0772437469347719,1
22779,0.0486709770114943,0
28345,-0.0005037783375313,1
65365,-0.0244224422442245,1
69550,0.0298724954462659,1
59408,-0.0249784668389319,1
84372,0.0898744113029827,1
13303,0.1301310043668122,1
90377,0.0825242718446601,1
55993,-0.0109890109890109,1
56040,-0.0239661654135339,1
78900,0.2246290801186943,1
25590,0.0731899782994673,1
52337,0.1958731136433631,0
58501,0.0363196125907989,1
34497,0.0615050651230102,1
56945,-0.0041436464088397,1
38658,0.0435501653803747,1
64450,0.0608278647147906,1
47466,0.0386869871043376,1
60986,0.0543331836551415,1
21207,-0.0749354005167958,1
34673,0.0980891719745222,1
57534,0.0721189591078066,1
61815,0.0594653037153529,1
64311,0.1136804657179819,1
28118,0.0736529906080079,0
44206,0.0422210849539406,1
38762,0.085978304539976,1
23931,0.0400599026581804,1
58246,0.0263157894736842,1
24766,-0.0375850843444804,1
58318,0.151903237282106,1
58334,0.027601809954751,1
90458,0.0650734235531242,1
34817,0.0660333642261352,1
58836,0.1344086021505375,0
34833,0.1521994517686986,1
72611,-0.0041178200764738,1
58975,0.1751254880089237,1
67029,-0.0411764705882353,1
59089,0.0618710398807305,1
23026,-0.0304118773946359,1
24440,0.0426212040490143,1
13610,0.077350625289486,1
63714,0.0789473684210526,1
59871,0.0990712074303405,0
60098,0.0751999999999999,1
60186,0.0736583654857943,1
91531,0.1265206812652068,1
77157,0.1189468735307945,1
44230,0.3461698717948718,1
90531,-0.0382417582417582,0
22509,0.0186183214910735,1
60506,0.0409201504092016,1
13688,0.0612244897959184,1
86136,0.0579362841838173,1
61146,-0.0938775510204081,1
61269,0.1328015016424215,1
58675,0.2217391304347826,1
41355,0.0929931812837996,1
61496,0.057840616966581,0
57509,0.0665236051502145,0
61787,-0.0748074807480747,3
61955,-0.0272108843537415,1
22517,0.0579811386657351,1
13856,0.0645915534122458,2
50550,0.210948905109489,1
62341,0.1150255947003915,1
62368,0.0374414976599064,1
21936,0.0877496580845558,1
21776,0.0571620712844653,1
52898,0.0712037765538944,1
13901,0.0712468193384223,2
13928,0.0001724435247456,1
62958,0.0133377792597533,1
63125,0.016726403823178,1
89968,0.2054154995331463,1
24459,0.3543233082706767,0
80185,0.1152698671006238,1
23501,-0.0045894951555328,1
63715,0.0895738020707921,1
63830,-0.0317812796959137,1
18163,0.1070849904256885,1
64486,0.1070678796361093,0
55511,0.0414431984397853,1
23712,0.018954248366013,1
64929,0.0614556256962495,1
64961,0.0506912442396312,1
65008,0.2142857142857142,0
87043,0.0967741935483872,1
27756,0.1756072874493925,1
65270,0.062135922330097,0
69649,0.1583181936153646,1
66683,0.2230392156862746,1
65700,-0.0227079796264856,1
24942,-0.0847810979847116,1
58771,0.0523627075351214,1
76711,0.0490543735224584,1
76282,0.2216624685138537,1
66617,0.1619190404797601,0
80294,-0.0043360433604334,1
84381,0.061912132396714,1
35991,-0.0563834071687474,1
36003,0.1215970961887478,1
45495,0.1026543012472016,1
67847,-0.0822271386430678,0
54818,0.0759854771784231,1
66050,0.064516129032258,0
27633,0.1371920688964549,1
68196,0.1550985432733505,1
54199,0.019548872180451,1
41320,-0.0314333333333333,1
76149,0.0641238253178551,1
68591,0.1261759822910901,1
22840,0.1009239516702202,0
23085,0.025635407537248,1
36281,0.0685527330254114,1
85926,0.0691033695031408,1
41574,0.1604938271604938,1
51625,0.0811006517016654,1
50243,0.1269230769230769,1
88742,-0.0424559111691704,1
36468,0.0540891266357348,1
49138,-0.0171428571428571,1
70536,0.0509649361239468,1
70616,-0.0658578856152513,1
65402,0.098462026319962,1
60206,0.0256994556272947,1
64995,0.1163895486935866,1
71176,0.0423814328960645,1
26614,0.0784820186767336,1
63335,0.0440771349862259,1
15720,0.066386368665634,1
71475,0.0535639849937474,1
18411,0.0331698201354822,1
58683,0.0947265625,1
66093,0.0320379709285079,1
63765,0.0266387309188866,1
71942,0.0608258928571427,1
71985,0.1524390243902438,1
17523,0.0973323720259553,1
72232,0.1301397205588823,0
72304,-0.0721311475409834,1
39220,0.0445544554455445,1
72494,0.0476190476190476,0
43481,0.1045038019107038,1
43350,0.0386643233743408,1
18438,0.1134020618556703,1
72726,0.1837906828334397,1
36898,0.0561757292041771,1
27254,0.052689352360044,1
72980,0.0215384615384615,1
73139,0.142831083546151,1
73219,0.1182819383259912,0
52396,-0.0063725490196078,1
47861,-0.0078602620087335,1
73681,0.0894586894586895,1
73817,0.1088910891089109,1
66739,-0.0207927225471085,0
43334,-0.0020964360587002,1
52038,0.0034744156664561,1
37161,0.0602625298329353,1
74406,0.0257731958762885,3
15560,0.5518867924528301,0
74836,0.1310859758672029,0
44513,-0.0595813204508857,0
74908,-0.0504201680672269,0
74932,0.5760869565217392,0
57007,0.0883190883190883,1
43123,0.0424901185770749,1
44329,0.051745898190997,1
63773,0.1422764227642274,1
75257,0.0,1
75460,0.0475540386803183,1
84375,-0.0042722870976928,0
51369,-0.0432208407341622,1
37284,0.1053348467650396,1
15579,0.0708967303334411,1
23579,0.1601452198467126,1
62092,0.1310755722797114,1
76100,-0.0263859275053305,1
50606,0.1004923903312444,1
14795,0.1208446581643321,1
14816,0.0455246913580247,1
62308,0.0781885039674858,1
76639,0.0854341736694677,1
76946,0.175362563237774,1
61209,-0.0193939393939394,1
55001,0.1083193746510329,1
92583,0.3488157894736841,1
48389,0.0676567656765676,1
59600,0.3155479059093518,1
45356,0.0335042735042734,1
76185,0.115813377374071,1
77730,0.1402061855670104,1
91103,0.032934131736527,1
17929,0.0773463772546623,1
50278,0.0565461029037188,1
79244,0.0470252939080868,1
77973,0.0039605056166451,0
78044,0.037663335895465,0
24985,0.0559895833333332,1
48725,0.0456570951320396,1
63781,0.0683684794672587,1
89329,-0.1090909090909091,0
78749,0.1021860701576002,1
92655,0.0178834808259586,1
53663,0.0390952247975424,1
78829,0.0102692834322228,1
87447,0.0754102807541028,1
78960,0.215909090909091,0
79039,0.5333333333333332,1
79303,0.0758309131978058,1
17830,0.0677966101694913,1
39087,-0.0070546737213403,1
79338,0.0253748558246829,1
67360,0.0331790123456789,1
59619,0.0714285714285714,1
16555,0.0895612101783212,1
79573,-0.0643678160919538,0
79637,0.1714581178903826,1
79776,0.1151178918169211,1
43553,-0.0224547923428495,1
79864,-0.0203998368013056,1
80128,0.0671548883192969,1
27043,0.0058371298405468,1
81116,0.0664632078670737,1
61700,-0.0798611111111111,1
57808,0.0338664158043273,1
15202,0.0866474543707973,1
81510,0.129032258064516,0
86008,0.1226053639846744,1
21231,0.0699157948456239,1
53225,0.0560499454026435,1
24969,0.0725839900456242,1
46068,0.0301932367149757,1
81702,0.1166281755196305,1
42059,0.0278274189430685,1
63829,0.1403932584269662,1
79066,0.3688524590163935,0
62498,0.0814611872146118,1
66384,0.1061426217933632,1
59467,0.0749464668094217,1
38033,-0.0248287671232876,1
39917,0.0826743350107837,1
92872,-0.0384870603848706,0
25419,0.1339557739557739,1
38156,0.0705558949297493,1
64135,0.4142857142857143,1
58819,0.0439535413345482,1
25099,0.0472998851014936,1
42286,0.0492923377257199,0
84403,0.0073432992394437,1
27983,0.1744868035190614,1
63079,0.1697841726618705,1
59483,-0.0755555555555554,0
88857,0.0756972111553784,1
38295,0.0663198959687905,0
84129,0.0897196261682244,1
84161,0.013375796178344,1
90756,0.32141652613828,1
72996,0.1526431029089772,1
87426,0.1355038759689921,1
86191,-0.0930232558139534,1
88664,0.0565461029037188,1
87856,0.0266666666666666,0
15318,0.0876524390243902,1
71563,0.0401923737547236,1
80072,0.0526881720430105,1
85586,0.0418397626112758,1
35917,0.0119808306709265,1
70332,0.0768402637599245,1
10116,-0.1576576576576577,0
10147,-0.0272727272727273,1
38149,0.077163945426079,1
10028,0.0552486187845304,0
69032,0.1950836820083681,0
10138,0.0966397459346317,1
10107,0.0277165224618771,1
10200,0.0987261146496816,0
89954,0.0195374800637959,1
10302,-0.0525830258302583,1
10299,0.0676384839650146,1
12217,0.0261627906976744,1
10363,0.0842963970088375,1
10333,0.1208333333333333,0
10382,0.0587529976019185,1
10397,0.0899861559760035,1
10257,0.5774647887323945,0
76565,0.1201716738197424,1
10463,-0.1042780748663101,0
70033,0.0735203768175303,1
10421,0.014446227929374,1
91204,0.0497076023391813,1
10530,0.0345679012345678,1
79698,0.1192959582790089,1
10606,0.0723424052105141,1
10550,0.0634665105614908,1
79785,0.1191956847826087,1
75070,0.0471216905513722,1
89849,0.0129390018484287,1
10547,0.1714922048997771,1
68857,-0.0200803212851404,1
76123,0.0181975736568458,1
79903,0.3881355932203387,1
10667,-0.0020936998667646,1
10355,0.0746623446785521,1
10661,0.0877969762419006,1
45225,0.2568000000000001,0
75596,0.2547348484848484,0
10693,0.1302700142112742,1
10649,-0.0694134897360704,0
79909,0.0279245283018867,0
75517,0.1071234366503532,1
10696,0.0161963811210932,1
10772,0.0433472803347279,0
89386,0.0633333333333332,0
10644,-0.0251572327044025,1
44813,0.0214814814814814,0
89891,0.1363636363636364,1
70500,0.0989599747872673,1
75224,0.0031362007168458,1
89659,0.1577060931899641,1
35124,-0.0252600297176821,1
71191,0.1029792746113991,1
10853,0.0507952796305799,1
22323,-0.0897435897435898,1
10026,0.0667923128339107,1
10812,0.0581484315225706,1
10909,0.0650238678880144,1
88779,0.0292275574112734,0
90441,0.0874166993335945,1
75222,0.3609496124031006,0
10860,-0.0181058495821726,0
10443,-0.0935631375307773,1
10032,-0.0108527131782946,1
70308,0.0432687041296964,1
85570,-0.1224747474747474,0
11701,0.1118192352259559,1
10001,0.057877813504823,1
75215,0.2077136375094528,1
77453,0.015034965034965,1
11292,-0.0425239369015774,1
87816,-0.2164179104477611,0
64390,0.0658767772511847,1
65294,0.0672749768017322,1
12173,-0.1126173096976016,1
11378,0.1311706629055007,1
11403,0.0310880829015542,1
11478,0.0974664679582713,0
85991,0.0307226308957162,0
11481,0.0136476426799005,1
75175,0.0968152866242038,0
75470,0.1025660164912241,1
11552,0.2611188989422708,1
75107,0.0379464285714286,1
11547,0.0508050089445439,1
90196,0.0058479532163742,0
89048,0.0188087774294671,0
11600,0.054279222418581,1
75104,0.0979462875197474,1
11043,0.109767441860465,1
11654,0.047808764940239,1
11638,-0.0012505210504375,1
11641,0.1845028447575183,0
11394,0.1189285714285715,1
75526,-0.0118460019743337,1
11533,0.0723292886033786,1
11707,0.0325131810193319,1
11775,0.078313253012048,1
11781,0.0255102040816326,0
75233,0.0450571620712845,0
75186,0.1511142061281338,1
11809,0.0105435375386293,1
11731,0.1049382716049383,0
11825,0.0107816711590296,1
75261,-0.1070336391437308,0
75272,0.1041942480493507,1
88197,0.1331945889698231,1
11599,-0.0374837027379399,1
85789,-0.0027510316368637,1
11618,0.0649517684887459,1
11896,0.0697278911564627,1
84769,0.0443585780525501,1
10180,-0.0202095808383233,0
11884,0.1156217882836587,0
75182,0.0349376114081996,1
75577,-0.0282058738005234,1
75241,0.102730087250211,1
75320,0.079455164585698,1
75285,0.2134778510838832,1
10901,0.1076666666666665,1
75316,0.0684116597263535,1
11891,0.0970790378006871,2
11955,0.0782454060462358,1
84176,0.0166512488436632,1
11752,-0.0663741086121777,1
81774,0.0307017543859648,1
12149,-0.0088119590873326,0
12248,0.1568767908309454,1
75573,0.3201219512195123,0
11976,0.0487127713276123,1
75326,-0.0273224043715847,0
84387,0.0664652567975829,1
17743,0.0908850026497085,1
12226,0.0935672514619883,0
78664,0.0843486410496718,0
87137,0.0989623366641045,1
12062,0.0332486723620411,1
12190,0.1534195933456561,0
80926,0.0957446808510638,1
12209,0.1842105263157893,1
75432,-0.0069297981319673,1
11992,0.0231481481481479,1
36346,0.0230873698506111,1
85269,0.2816529894490036,1
92029,0.1029109851933576,1
12169,-0.0899047092942962,0
75591,0.0722114764667956,1
82540,0.0465440356744704,1
75447,0.4717948717948719,1
76573,0.066560063961623,1
10375,0.1242798353909464,1
75694,0.0488732806555458,1
63467,0.0738413197172034,1
75649,0.1170421155729675,1
75646,0.1447727024964569,1
75607,0.1567481402763018,1
75654,0.0780073987295493,1
12073,0.0190239867659223,1
75603,-0.0255436658612356,0
10051,0.0500730994152047,1
75825,0.0346883020117558,1
75853,0.1684587813620071,1
75854,0.1152882205513783,1
11131,-0.0012180267965896,1
76148,0.0304789550072568,1
15070,-0.0220440881763527,1
75556,0.0200623189198054,1
86124,0.0390660080826223,1
11628,0.0333547145606156,0
75831,0.0348468848996832,1
11748,0.0477777777777777,0
75828,0.0833333333333334,1
11348,0.0115326251896812,1
23799,-0.0941176470588236,1
11285,-0.0093603744149767,1
11442,0.0843615494978478,1
86896,0.0380116959064327,1
11018,0.1200873362445413,0
11513,0.4974111675126904,0
87952,0.0591434398368455,1
10252,0.0704663212435232,1
89440,0.2634989200863931,1
11839,-0.011461318051576,1
90086,0.057900635039223,1
12189,0.1094249201277954,1
11208,0.0764044943820223,1
52936,-0.002267573696145,1
56611,0.0461373390557939,1
56710,-0.0058479532163743,0
10297,0.0173228346456693,1
12068,0.1255265374894691,1
75860,0.1231372549019607,0
11786,0.1858138288368769,1
75509,0.0557251908396947,1
81577,0.0426793123888558,1
10932,0.0827250608272505,1
11293,0.0436543654365437,1
11750,0.2751062588549047,0
11593,0.3838268792710708,0
69586,0.1118012422360248,1
35685,0.0458276333789329,1
89207,-0.0036968576709797,1
10308,0.0320383451059533,1
77519,0.0018939393939394,1
92807,-0.0199335548172756,1
83469,0.0098082924654481,1
86814,0.0024764735017333,1
92716,0.0049164208456244,1
86384,0.0372405372405371,1
10781,0.1146318732525628,1
84725,0.044518272425249,1
83642,0.0345423143350605,1
87759,-0.0086956521739131,0
90534,0.052910052910053,1
12166,0.1980676328502415,1
10913,0.2351020408163266,1
77643,0.0366568914956011,1
77379,-0.0023148148148146,1
11006,0.0296610169491524,1
86382,-0.0236559139784946,1
77889,0.1464435146443514,1
88976,0.3145609484994442,0
11565,0.0142493638676846,1
75714,0.7331670822942644,0
81620,0.1348088531187121,1
75912,0.0297645490892934,1
85299,-0.0541795665634674,1
89738,0.5400843881856539,1
77415,0.0231869758263443,1
90561,0.0613008890968647,1
47723,-0.0411622276029055,0
83155,-0.0207446808510638,1
79851,0.6967213114754098,0
89211,0.0716385993049988,1
11844,0.0283709579011592,1
89141,0.1356445641198249,1
76266,0.0126876063747487,1
91855,0.0067034700315458,1
85726,0.0368852459016393,0
75906,-0.0231827111984282,1
77236,0.0127523910733262,1
11056,0.0330143540669856,0
77528,0.020475926950747,1
79747,0.108433734939759,1
89828,-0.0128654970760235,1
11397,0.0019004180919801,1
20395,0.0576923076923077,1
84516,-0.0149516270888302,0
77300,-0.0074914869466514,1
76215,0.0775089605734766,1
87652,0.2457627118644065,1
76082,0.0611178126256533,1
76095,0.1913983438363624,1
76963,-0.0714285714285714,1
76127,0.1198945981554677,1
76128,-0.007380073800738,3
76135,0.0814991076740037,1
78981,0.0873046130385055,1
76138,0.0423076923076923,1
76139,0.0675381263616556,1
76415,-0.074875,0
76868,0.0896022999520842,1
88965,0.1428571428571428,1
89655,-0.0088304198954767,1
76383,0.1159519987770387,0
76392,-0.002158273381295,1
88871,0.0134560906515581,3
85875,0.0807075732448867,1
76544,0.126086956521739,1
83671,0.0914285714285714,1
76202,0.0050468637346792,1
76201,0.0175399459022338,1
87053,0.0272727272727271,0
76207,0.0823599880203653,0
76355,0.393939393939394,0
76360,0.199134199134199,0
89369,0.2056451612903227,1
90069,0.1359223300970873,0
90053,-0.0438094194361489,0
77486,-0.0328947368421053,0
76330,0.3548387096774195,0
76230,0.0455001672800268,1
76461,0.0668523676880223,0
89948,0.0967192965869339,0
11644,-0.0350592919358999,1
76261,-0.1243059287121618,1
76224,0.056558363417569,1
89100,0.0935555992104697,1
77256,0.0891870560378849,1
76279,0.2417391304347824,1
76477,0.0445448676565525,1
76478,0.1005078855920877,1
90608,-0.1075268817204302,0
79037,0.1244651886425514,1
78071,0.389189189189189,0
76529,-0.0384105960264899,1
76515,0.07057546145494,1
76504,-0.0061443932411674,1
76553,0.0334,0
76879,0.5319148936170213,0
88284,0.2469095640858816,1
76582,-0.0200905489530277,1
76584,0.0229007633587787,1
76613,0.0445468509984638,1
76614,0.0167766986159643,0
77004,0.0419161676646706,0
76978,0.1673003802281367,0
76624,0.1094049904030711,1
76644,-0.0628930817610062,1
76888,-0.0182648401826484,1
76837,0.0269343780607247,1
76638,0.0849909584086798,1
76661,0.3917624521072798,0
76686,0.002827521206409,1
76695,0.0061701189951519,1
76856,0.0743651753325274,1
76709,0.0259698275862068,1
76934,0.2631578947368422,0
76712,0.0130841121495328,1
76721,0.0216372964532678,1
76684,-0.047589032461393,1
76732,0.0934328358208955,1
91403,0.0076187388555681,1
76736,0.2448704103671706,0
76980,0.1587301587301586,1
88031,-0.0934897804693415,1
76744,0.0687350835322195,0
76750,0.0378193758757137,1
76788,-0.016822429906542,1
76795,0.100992113965912,1
76869,0.0685261362496236,1
76798,0.1161387631975867,1
76892,0.029195739992655,1
81564,0.0482491856677524,1
76841,0.0663387306141969,1
89213,0.0261282660332542,1
77235,0.0833333333333334,1
77037,0.087514585764294,1
77202,0.1343283582089551,0
77090,0.1789703078180331,1
77117,0.1538461538461537,0
77114,0.040101931330472,0
77217,0.4133986928104576,0
77165,0.0137513751375137,1
77182,-0.0338363933480726,1
77191,0.0827351718927087,1
77175,0.0114503816793891,0
77178,0.0672555270321824,1
77173,-0.062780269058296,0
77259,-0.0114068441064637,1
90464,-0.0102739726027396,1
77271,0.1279620853080569,1
77274,-0.4628999319264806,1
77279,0.0436657681940699,1
77282,-0.0459057071960298,0
77281,0.055835892935498,1
77327,-0.0576184379001279,1
77340,0.1126760563380282,1
77338,0.0535522066738427,1
77366,0.0092307692307691,1
77393,0.4649681528662419,0
77461,0.0884406516679596,1
77413,0.213485231675909,1
77418,0.0562408530211164,1
77425,0.4492753623188406,0
78147,-0.040767386091127,0
77437,0.0214723926380369,0
77447,-0.0078778926637124,1
77496,0.1236874101912235,0
77768,0.0084056646870718,1
77505,0.1925042589437819,0
77507,-0.0091603053435114,1
77515,0.0390390390390389,0
77520,0.0789902280130294,1
83738,-0.080568720379147,1
77599,-0.2875531914893616,0
77610,0.085870413739266,0
77605,0.3036649214659683,1
77649,0.0863806507342355,1
77629,-0.1067538126361654,1
77630,-0.1194786386676322,0
77660,-0.0207513768686075,4
77661,0.1961577350859453,0
77668,-0.0107407407407407,0
89810,0.0851393188854487,1
84776,0.1055573824399866,1
77702,0.0464292373671451,1
87505,0.0447669033652362,1
90352,0.0454783063251438,0
77763,0.2051158301158302,0
77780,-0.0419161676646706,1
77785,0.0762124711316396,1
77868,0.2457627118644065,1
77892,0.0840964109041153,0
77900,0.1268731268731269,0
77902,0.0137572607765208,1
77918,0.0372711067898234,1
77917,0.2056213017751478,0
77971,0.1911532385466037,1
78001,0.1451292246520874,0
78018,0.2835820895522387,0
78015,0.0363226452905811,1
78186,0.0383838383838381,1
78051,-0.0464071856287424,0
78062,0.0516129032258065,1
78077,0.0135797812146358,1
78068,0.0333333333333334,1
78066,0.1625441696113074,0
78091,0.0086206896551723,0
78081,-0.030858244937319,0
78082,0.0,0
91402,-0.007483981640178,0
78189,0.1450594626339745,0
78139,0.0689972401103955,1
78172,-0.0373870172555463,1
78170,0.1139628423673624,1
78211,0.0365296803652968,1
78137,0.0855608591885441,1
78156,0.0516975308641975,1
78193,0.060803474484256,1
78213,-0.0061728395061728,1
78840,-0.1268362897421785,1
78195,0.1324200913242008,1
91128,0.0798011512297227,0
88944,-0.0012523481527865,1
78841,-0.0184971098265895,0
86889,0.5413105413105415,1
78908,0.0829217412645335,1
79033,0.010752688172043,1
78875,0.2698646262507358,1
78876,0.0304975922953449,1
78915,-0.0129198966408268,1
78916,0.0045348837209302,1
79019,0.0143769968051117,1
79065,-0.0381679389312977,0
79006,-0.0723905723905722,0
48653,0.0834911846131429,1
78990,0.0557111329537656,1
78950,0.0404411764705883,1
78987,0.0263884627186252,1
78977,0.1381044487427465,3
79072,-0.034466477809254,1
79089,0.1340494092373791,1
79108,-0.1400180668473352,0
79131,-0.0788990825688074,1
79116,-0.0161194029850746,1
79133,0.0798407376362113,1
79103,0.0361216730038023,1
88597,0.0695396669931438,1
79150,0.0684104627766599,1
79166,0.028084714548803,1
79198,0.1183241252302025,1
79159,-0.0037499999999999,1
79237,0.2698163905060458,3
90783,0.1032786885245902,0
79323,0.0928553647000247,1
79299,0.0212998361551064,1
79248,0.0887136186945962,1
79249,0.056445261223418,1
83659,-0.029173459208253,1
79336,-0.0294573643410852,0
79265,0.0651693650658504,1
79444,0.0964912280701755,1
18649,0.0452155625657202,1
79382,0.0672225117248566,1
79399,0.1751196172248803,1
79666,0.0452898550724638,0
79507,-0.0504124656278643,2
79472,0.236,0
79499,-0.0052910052910053,1
79545,0.0357442055291818,1
79490,-0.0666666666666666,0
88568,0.0572916666666665,1
82763,0.5169798310636098,0
79491,0.1347368421052632,1
81103,0.0465116279069768,0
80069,-0.0934579439252337,0
79564,0.1057563587684069,1
79588,0.1013546202225446,1
85913,0.0727126375100615,1
79628,0.0922252010723863,1
79668,0.0702378306290285,1
79731,0.1758745330530391,1
79724,0.2441441441441443,1
79758,0.055722891566265,0
79686,-0.0079463620561212,1
79689,0.1140186915887848,1
79734,0.289940828402367,1
79824,0.0525506280440912,1
79857,0.0917874396135265,1
79906,0.1065623118603251,0
79790,-0.0681818181818183,0
79862,0.0890282131661444,1
79839,0.0413019079685748,1
79795,0.0099085365853659,2
79791,0.0387323943661972,2
79878,0.0686119873817034,1
79802,-0.0222222222222222,0
79915,0.1015683345780433,1
79841,0.0599828620394173,1
80223,0.0266370699223086,1
79879,0.0748148148148148,1
79796,0.0405982905982906,1
79884,0.1144186046511628,1
79859,0.0190839694656488,1
79885,0.1176470588235294,0
80034,0.0901348474095102,1
80049,0.0869565217391303,1
80080,0.0455547391623807,1
80001,0.2191011235955056,0
80012,0.2097902097902098,1
80007,0.14375,0
80050,0.0558035714285714,1
84723,0.1304579339723108,0
80079,0.0649426122330378,1
80054,-0.0704812428950359,1
80167,0.051309479896717,1
80113,0.0962921970116212,1
80112,0.1054313099041532,0
80159,0.1098901098901099,0
80165,0.1710665258711721,0
76697,0.1193415637860082,1
80236,0.1388888888888888,1
80204,0.0471998302927449,1
80254,0.1511343469710777,3
80191,-0.0130392788151962,1
80193,0.1142687981053878,0
80237,0.0679611650485436,1
80266,0.1870503597122301,1
80361,0.1293091117150622,1
80306,0.1408450704225352,0
80375,-0.0510388437217704,1
80343,0.0109170305676855,1
80316,0.0119760479041917,1
80362,-0.0853005980484734,1
80368,0.9014419267944858,0
80341,0.0152207001522068,0
80336,-0.0070387129210658,1
80357,0.1049562682215743,1
80303,-0.1304347826086955,0
82541,-0.0555555555555555,1
80415,0.1071794871794871,1
80478,0.064587973273942,1
80446,0.0272992700729928,1
80539,0.156545209176788,0
46392,0.1244444444444443,1
80587,-0.048689138576779,0
80569,0.0785474860335198,1
80524,0.1008100810081009,0
80592,-0.0990353697749196,0
80534,0.0454545454545454,1
80498,0.0616493194555645,1
80557,-0.0149532710280373,1
80560,-0.0285714285714285,0
80563,-0.0091631032376299,2
80575,-0.0112839280268374,1
80621,0.0489690721649485,1
80625,-0.05,0
89099,0.150214592274678,0
80633,0.7169360182064357,0
80768,0.0281158203944609,1
80759,0.0205607476635512,1
80774,0.1567375886524822,1
80828,0.0019672131147541,1
80791,0.0337768679631524,1
80795,-0.0165210315916087,1
80804,0.0514285714285713,1
80808,0.1883509833585477,1
80837,0.2959199999999999,0
80858,0.3249651324965132,0
80928,0.0517456359102246,1
80924,0.0865051903114186,0
80955,0.0704878048780488,2
80864,0.0421900161030595,1
80918,0.0364963503649635,0
80943,0.5595238095238095,1
80951,0.0094850948509486,1
81010,-0.0208359326263256,0
80960,0.013687943262411,0
80957,0.1070911722141823,1
80969,0.1410488245931282,1
80990,0.1717277486910993,1
81084,0.0439560439560438,0
81095,0.0049423393739702,1
81055,-0.0277921629552908,0
91517,0.0071794871794872,1
81182,0.0730176899063477,2
81162,0.0957894736842106,1
81184,-0.0282839271144956,0
81173,0.05320813771518,1
81128,-0.0271519352975158,0
88379,0.1051819939784102,1
90359,0.0,1
81148,0.3872549019607842,1
88865,0.2104488594554818,0
86993,0.0305028854080791,0
85205,0.2352941176470586,0
81220,0.1283822682786413,1
81241,0.1627329192546582,1
81256,0.0411111111111111,1
81259,0.0710659898477159,1
81254,0.0063182079264789,0
81292,-0.0829596412556054,1
81282,0.0881208514534219,1
81278,0.0422316931421928,1
91731,0.0062992125984251,1
81298,0.0547297297297295,1
81501,0.1003487020534676,1
82162,0.2116279069767441,1
87532,-0.0299500831946755,1
81540,0.0507179249652616,1
81566,0.0740740740740739,1
81541,0.1326582278481012,1
81546,0.09,1
81560,0.3715529753265603,1
90470,-0.0009132420091324,1
81588,0.0,1
81533,0.0324795352521785,1
81539,0.0238095238095237,1
81565,0.0432276657060519,1
81562,-0.1234972677595628,0
81584,0.0253807106598984,1
87476,0.0477843032568072,1
81624,0.0422535211267605,1
81621,0.0315581854043391,1
81705,0.0989644927745247,1
81736,0.0536444551359152,1
85332,0.0490341753343239,1
81740,0.0919175911251981,0
81756,0.5280327868852459,0
81761,-0.0467336683417085,0
81857,0.1213248317392845,1
81696,0.0236263736263735,0
81666,-0.1217656012176561,1
81665,0.0145077720207251,1
81677,0.069453963902216,1
88719,0.0578871201157742,1
81776,0.29595015576324,1
89611,-0.0050352310282471,0
81893,0.1091073038773671,1
82251,0.0126043165467624,1
81850,-0.0037313432835821,0
81869,-0.0648148148148148,1
82171,0.1199379363847945,1
81925,0.0223642172523961,1
91262,0.0173736462093863,1
82212,-0.0404463040446304,0
82179,0.0816012317167051,1
82176,0.029320987654321,2
82234,0.0848484848484849,1
82281,0.0,1
82272,0.0759557344064387,1
82266,-0.0740740740740741,0
82287,0.1642633228840126,1
82261,0.0969976905311778,0
82508,-0.0069724770642202,1
82298,0.1049146556798117,1
82518,0.0522388059701495,1
82515,0.082703213610586,1
82521,0.3087248322147651,1
82307,0.0441509092554057,1
82575,-0.017246989912138,0
82567,0.3347193347193349,1
82581,0.0736135289728923,1
82618,0.1491954022988506,1
82649,0.0438124519600306,1
82552,-0.0042060988433226,4
82643,0.0375161707632598,1
82546,0.1529466791393825,1
82547,0.1116019378806421,1
82642,0.0178750417641162,1
82651,0.0510789715335169,1
86042,0.0934579439252334,0
82634,0.0438081071030123,2
82638,0.0954692556634304,0
82573,0.0325945241199479,1
82587,-0.0787746170678337,1
82635,0.0013932427725531,1
82607,0.1439675566069618,1
82599,0.0331098072087174,1
82762,-0.0108108108108108,0
82779,-0.0529100529100527,0
82734,0.0408839779005523,1
82720,-0.0038706739526412,1
82686,0.1149039926851569,1
82759,0.0775089605734766,1
89736,-0.0940726577437857,1
82768,0.1968695652173915,0
82702,-0.0161054172767203,1
82699,-0.1466340813152633,1
82747,-0.0444444444444445,1
82800,0.0404120443740094,1
82812,0.696969696969697,0
82825,0.1508771929824559,1
82839,0.0823413915817892,0
83875,0.2958333333333334,0
86122,0.2374509803921567,0
83113,0.0531945649031511,1
83131,-0.0824931255728689,1
86098,0.2162162162162162,1
87832,0.090909090909091,1
83529,0.1515975526852482,1
88177,0.3266331658291457,0
84825,0.0194174757281553,0
90710,0.2220858895705522,1
83145,0.0769230769230771,1
87471,0.1831361439760039,0
91910,0.2586206896551724,1
83149,-0.0494505494505495,0
83120,0.1452784503631963,1
83123,-0.0161904761904762,1
84397,-0.0150665170700433,0
91187,-0.0287292817679559,1
37381,0.2635135135135136,0
83111,0.0026669511414549,1
83124,0.0357478781744873,1
82859,0.0862068965517242,1
83303,0.0344827586206897,1
83307,-0.0419222903885481,1
83152,0.0524160524160524,1
83143,0.1017713365539452,1
83272,0.0955357142857142,1
83317,0.1512027491408933,1
85406,0.4681564245810057,1
83304,0.0465116279069766,1
83244,-0.0184441197954711,1
83390,0.0414878397711016,1
86080,-0.0154142581888246,0
83413,0.1467803030303029,3
83411,0.157441574415744,0
84215,0.2835820895522387,0
83414,0.0221421215242019,1
83421,0.109024833434282,0
83366,0.0225938218023997,1
83382,0.4513888888888888,1
83405,0.0544933078393881,1
83422,0.0578186596583443,1
83520,0.0431309904153356,0
83504,0.0102564102564102,0
83509,-0.0151515151515151,1
83541,0.0263471468290745,0
83462,0.1887675507020283,1
83565,0.0894378194207836,4
83534,0.2112299465240641,0
83503,0.1321533923303837,1
83575,0.0579710144927536,0
92851,0.0614638091386978,1
88811,0.1835430683662904,0
86091,0.0037986704653372,1
83616,0.1990536277602523,1
83690,0.1325231481481481,1
89202,0.1827956989247312,1
83621,0.0929610929610929,1
83633,0.0765449438202248,1
83630,-0.0682326621923936,1
83661,0.1117245005257623,0
83602,-0.2055674518201284,0
83683,-0.0491428571428571,1
90082,0.1494845360824741,1
83774,0.032,1
83779,0.060405643738977,1
91050,-0.1735751295336787,0
83799,0.0129962613494747,0
83756,0.1205673758865248,0
83916,0.050561797752809,1
83879,0.1003870967741935,1
83832,0.0515366430260046,1
83844,0.0510948905109487,0
83883,0.0427112349117921,1
83862,0.1843575418994414,0
83910,0.113573407202216,1
83906,0.0114708404802743,1
83885,-0.0314136125654449,0
83903,-0.0225988700564971,1
83831,0.1928205128205129,1
83934,0.1748019312597601,1
83969,0.029350104821803,1
92530,0.0882515168229454,1
88436,0.2070102668308546,1
83950,0.1273019846236367,0
83961,0.1821955719557195,1
83965,0.0999999999999998,1
88905,0.0,0
84026,0.0059171597633136,0
89758,0.068075117370892,1
84103,0.0331541218637991,1
89425,0.0269016697588126,1
84062,-0.0282674772036474,1
84636,0.0100817438692097,1
85996,0.1797682584269664,0
84042,0.0940511797939516,1
84010,0.0765259641664137,1
84060,0.0235434007134365,1
84041,0.0776416539050537,1
84032,0.0847110460863205,1
84168,0.0744680851063828,1
84203,0.0272034820457018,1
90666,0.0630434782608695,1
84234,0.1269956458635703,1
84281,0.1713532513181017,1
84172,0.1433198380566802,0
84262,0.1077931536780771,1
84210,0.0548507462686567,1
84348,-0.0125964010282776,1
84325,0.0986132511556239,1
84365,0.0274709713962049,1
84342,0.0320284697508896,1
84364,0.1547516011770813,1
84302,0.0769893708704394,1
84320,0.108433734939759,1
84373,-0.0054916766775355,1
84319,0.1563335114911812,0
84331,0.0215297450424931,1
86440,0.0459965928449743,1
85176,0.1595679641328713,1
88984,0.44921875,1
84438,0.0582822085889571,1
84385,0.0328624078624077,1
84413,0.0031645569620253,1
84511,0.0634920634920634,0
84531,-0.0321568627450981,1
84563,0.0327395281656235,1
84555,-0.0761904761904762,0
84624,0.1205443940375889,1
84606,0.0368644067796608,1
84389,0.0477849676455948,1
84597,0.1534800713860797,1
84737,-0.0337078651685394,1
84749,0.2635983263598325,1
85211,0.2151898734177213,0
84761,0.1053587647593097,1
84607,0.3999999999999999,0
84656,-0.0235940050452589,1
84734,-0.1891752577319586,0
84780,0.0794270833333332,1
84827,0.1211498973305955,0
84788,0.0583170566428827,0
85079,0.1212586339217192,1
85035,0.1160714285714283,1
85002,0.0484496124031008,0
85072,0.1104589114194236,1
85067,0.0846251186333437,1
85013,0.1014492753623188,0
85077,0.0694789081885853,1
85020,0.1259765625,1
85059,0.0616776315789473,1
85168,0.1492248062015502,0
92245,0.0602189781021895,1
85187,0.0370370370370372,0
85177,-0.1029810298102981,0
85173,-0.0217265910401844,1
87364,-0.0276497695852534,0
89022,0.0061276223776223,1
85198,0.0851508813863162,1
85246,0.0976888253514416,1
89038,0.1019283746556471,1
90942,-0.1999999999999999,0
85280,0.0267686424474187,1
85291,0.0973451327433627,1
85320,-0.18527540939234,0
85319,0.0869261192318233,1
89898,0.0353535353535352,0
85401,0.1145038167938929,0
85349,-0.035940803382664,0
90012,0.1747747747747747,1
85333,0.2373333333333331,1
85348,-0.021987951807229,1
85372,-0.0692264573991031,1
91908,0.0351758793969849,0
89270,0.0273972602739727,1
89292,0.0572842998585572,1
90875,0.1213307240704502,1
85418,-0.0064763026199587,1
85502,-0.0999999999999999,1
85516,-0.0214692566087338,3
85482,-0.0077490774907749,1
85440,0.22265625,0
85488,-0.150687070580887,1
88635,0.0469988674971686,1
85517,0.0719809637120763,0
85432,-0.0382470119521912,1
87139,0.0256944444444444,1
85424,0.1100616016427105,1
85445,0.0020283975659229,1
89615,0.2489795918367348,1
87837,-0.1214285714285713,0
85427,0.0927568962735922,0
85419,0.1359015516318886,0
85496,-0.1195516811955167,1
85540,-0.0038759689922481,0
85621,0.0994826694257628,1
85627,0.1617999042604117,0
85539,-0.0204081632653061,0
85571,-0.0436241610738254,0
85798,0.1431226765799258,1
85593,0.1058778414043672,1
85567,0.0145155845617193,1
85576,0.0132275132275132,3
85522,0.017814726840855,0
85526,0.2776470588235293,0
85686,0.1324717285945071,0
85725,0.0436569080636877,1
85675,0.0399866711096301,1
85559,0.1825192802056554,1
85645,0.0254539810647211,1
91419,0.0125313283208019,0
85710,0.1127640583159774,1
85663,0.1120386643233741,0
91911,0.0301810865191147,1
85728,0.1333333333333333,1
85883,0.0097478991596637,1
89938,0.0337466784765279,1
92557,-0.1289473684210526,0
92320,0.1389961389961391,1
85731,-0.0381211708645335,1
85751,0.1844380403458214,1
85656,-0.005361930294906,1
88183,0.1049773755656109,1
85763,0.0763183125599233,0
85744,-0.2397515527950311,0
85753,0.1182380216383307,0
85768,-0.0291111111111112,0
85724,-0.0150587833413988,0
85738,-0.2010869565217391,1
85792,0.0615610113594722,1
85839,0.0628778718258766,1
85966,0.5277777777777777,1
85886,0.0739130434782608,1
85889,0.0782647584973166,1
92560,0.0520833333333334,0
88384,0.1921641791044774,3
85931,0.1401493394600805,1
85903,-0.0559440559440559,1
85804,0.0304093567251462,1
85739,0.0890688259109311,0
88203,-0.0073529411764706,1
85963,-0.0228846732911772,1
86102,0.1695501730103805,1
86111,-0.0144946292222076,1
87014,0.0901137357830272,1
85860,0.0364705882352942,1
85863,-0.0425412293853072,1
87488,0.0141903171953254,1
32687,0.0389610389610388,1
85829,0.0603248259860791,1
87501,0.6089965397923875,1
87508,0.2120200333889814,0
88820,0.0433238636363635,1
89530,-0.038781163434903,1
88951,0.2256284550927683,1
80638,0.2424242424242424,1
85939,-0.0532319391634981,1
85951,0.1290849673202614,1
90603,0.0584507042253521,0
85953,0.088888888888889,0
86302,-0.0673352435530086,1
87614,-0.0422396856581531,1
85994,-0.0113493064312736,1
89821,0.0461922596754058,1
85992,0.1353994033808419,1
85972,-0.0596863935255437,0
86047,0.0917751367666477,1
89681,0.0211195054945054,1
90331,-0.06078431372549,1
90544,0.4090909090909091,1
86073,0.0524590163934426,0
86062,0.0536912751677853,0
86026,0.1670049289649173,1
86021,-0.0091359958235448,1
86083,0.0197368421052632,0
86097,0.0659958567623557,1
86051,-0.0106761565836299,1
86113,0.0078797874289902,1
86048,0.0046728971962615,1
86196,0.0755216608410127,1
86128,0.3064876957494407,1
88341,0.1413333333333333,1
86211,0.0737845363032769,1
89279,0.0326509723643808,1
87404,-0.0989399293286219,1
86150,0.0449999999999999,1
87318,0.1296945418127191,1
86157,0.0923694779116466,1
86158,0.0581695480514279,1
87067,0.0054644808743169,1
88836,0.2014925373134328,0
86199,0.0345080763582967,1
86155,0.2172284644194757,0
86178,0.142709410548087,0
86288,0.0493454179254784,1
90221,0.0673913043478262,1
86228,0.0872826457551996,1
88257,0.1165254237288135,1
89643,0.0822526817640045,1
86240,0.0757042253521127,3
87131,0.0598290598290598,0
86299,0.1038062283737024,1
86236,0.0053571428571428,1
86250,0.0024539877300613,1
88516,-0.086206896551724,0
86233,0.0688679245283019,0
86260,-0.0122448979591838,1
86728,0.1031850533807829,0
86312,0.078834618680377,1
89419,0.040920716112532,1
87160,0.0280701754385963,1
86322,0.0097357440890124,1
86305,0.0371724558196222,1
86339,-0.0227272727272727,1
88850,-0.0206896551724138,0
86362,0.0547045951859956,1
90733,-0.1308270676691729,0
86356,0.0975004755116406,1
88940,0.1121316494450823,1
86868,0.1591407964879272,1
87658,-0.0896358543417367,0
89109,0.1495063469675599,1
91431,0.0,0
86253,0.1850079744816586,1
90914,0.1527196652719666,0
86435,0.1214953271028038,0
86432,0.0740476190476191,1
86489,-0.1585785250286588,0
86544,-0.0541056651814132,0
86525,-0.0091824644549761,1
86531,-0.0828025477707006,1
86526,0.1172413793103448,0
86533,0.1502347417840375,1
87069,-0.0231095238095238,1
86573,0.0019257927846965,1
86578,0.0933333333333332,0
90591,0.0260137719969395,1
87342,0.13988,0
86582,-0.0408163265306122,1
86547,0.0428571428571429,0
89143,0.0101010101010099,1
91608,0.0592255125284739,0
86560,0.1375358166189111,1
86719,0.0912052117263844,1
92094,0.1549295774647887,1
86709,0.1306818181818181,1
86715,0.004081632653061,1
86595,0.0315934065934064,0
86717,0.1019325502084123,1
86720,0.0558364938895912,1
90590,0.0429782082324454,1
86725,0.3193962879869467,1
86759,-0.0419580419580418,0
86763,0.015075376884422,0
86778,0.0783553141970518,1
86783,0.1049016891809719,1
86810,0.1348374966424927,0
86820,0.0051325919589393,1
86840,0.2837465564738293,1
86822,0.0137362637362636,1
86819,-0.0417910447761193,0
86827,0.0360419397116644,1
86799,-0.0236760124610592,1
86830,0.2206464379947228,1
87039,0.0170731707317073,1
86899,0.1578807947019866,1
86916,0.8923055516905525,0
92318,-0.0206584893479664,1
86924,-0.0239520958083833,1
86926,0.0848056537102472,1
86876,0.0815660685154975,1
86946,0.0615496017378709,2
86964,0.0795676788471435,1
86949,0.0270270270270269,1
88368,-0.0779014308426073,1
86996,-0.0186813186813188,0
87006,0.0087982029202544,1
86989,-0.2234957020057307,0
87000,0.071031746031746,1
86965,0.0783682232957596,1
86977,0.0199004975124377,0
86979,0.1377732587696998,1
87016,-0.042955326460481,1
87077,-0.0173089483997387,4
87020,0.120757180156658,1
87121,0.0677655677655677,0
87066,-0.0024479804161565,1
87075,0.0398692810457514,1
87056,0.1156504065040648,1
87034,0.0950114242193449,1
87086,0.0152801358234295,1
89481,-0.0631808278867102,1
87162,0.0953678474114441,1
87167,0.0498687664041994,1
87165,0.2457067371202113,1
87179,0.0015390534821086,1
87173,0.0350561797752808,0
87172,-0.0074626865671639,1
89529,1.975,0
87227,0.6493333333333333,0
87264,0.199165175909362,1
87242,0.1071682044002839,1
87261,0.1878354203935599,1
87267,0.1430505953727154,1
87345,-0.0221774193548387,1
87268,0.0482445061884313,1
88475,0.0575949367088608,1
87361,0.0305555555555554,1
87269,-0.0282776349614396,1
87277,0.1877551020408163,1
87356,0.0849176172370089,1
87302,0.1696903560223708,1
90358,0.0333333333333332,1
87299,-0.0048887802493277,1
87321,0.0348101265822784,0
87337,-0.0999999999999999,0
87379,0.1994017946161514,1
89597,0.1652173913043479,0
87439,0.1384615384615384,0
87430,-0.1232604373757455,0
90808,0.06201171875,1
87394,-0.0101892285298399,1
87415,0.0037202380952381,1
87414,0.0682191780821919,0
87424,0.2337662337662338,0
87373,-0.0927835051546391,0
87510,0.168421052631579,0
87445,0.0490241278623022,1
87496,0.0344086021505374,1
87494,0.0333333333333334,1
87498,-0.0484472049689441,0
87487,0.1531791907514452,1
92582,0.0496894409937886,0
91837,0.0106060606060607,0
87525,0.1356080489938758,1
88926,-0.1259550561797752,0
87632,-0.1188959660297238,0
87541,-0.0010397712503249,1
87583,0.1097560975609757,0
87589,0.0306748466257669,0
87602,-0.1106639839034204,1
87601,0.0925925925925925,0
87771,-0.0139303482587065,1
87612,0.0434258142340171,1
87797,-0.0217125465365906,1
87752,0.0119815668202765,1
87825,-0.0497430427615631,1
87814,0.3153846153846156,0
92763,0.1501757910597689,0
87785,0.0165118679050568,0
87812,0.0440366226228667,1
87657,-0.002661639126095,1
87659,0.0878969742435609,1
87827,-0.0272606382978722,0
87789,0.0941453105932075,1
88207,0.0546110252447191,1
88152,0.0408335680090117,0
88167,0.0193336075689016,1
88468,0.0,1
88173,-0.0361990950226244,0
88174,0.017503805175038,1
88195,0.5923460898502497,0
88159,0.0196936542669583,0
90354,0.0318471337579617,1
88370,0.112043642467478,1
88246,-0.0108108108108108,3
88646,0.0263691683569979,0
88182,0.1141843971631206,1
88260,0.1741071428571428,1
91171,0.1091432762661228,1
23887,0.0677570093457944,1
89572,-0.0361904761904762,1
88534,0.2325581395348839,1
88264,0.3352941176470589,1
90071,0.0439321444106133,1
88351,-0.125560538116592,0
88343,0.1098909971740009,1
88319,0.0458937198067632,0
88352,0.171319615800314,1
88331,0.069698759598346,1
88335,0.1115311909262759,0
91040,0.133216476774759,1
88281,0.1027488657592741,1
88313,0.0915492957746479,1
88280,0.0142497904442582,1
88332,-0.0526966292134831,0
88287,0.0336194563662373,1
88359,-0.0866666666666666,0
88439,0.0740740740740739,1
88417,-0.0217391304347824,1
19675,0.0114068441064638,1
88466,0.0499011857707509,1
88485,0.1325301204819278,0
88421,-0.0631929046563193,0
88446,-0.0892246806979673,1
88511,-0.0728862973760933,0
88542,0.0303030303030302,0
88504,0.1071079348204149,1
88497,0.2507462686567165,0
88545,0.246558197747184,1
88574,-0.0850202429149799,0
88564,0.152224824355972,1
89617,0.0447623181377303,1
89395,0.1395966029723991,1
71862,0.1484848484848486,0
48506,0.0894276629570747,0
88648,-0.1327529923830249,1
88739,0.0815147625160463,1
88620,-0.0378787878787879,0
88615,0.1419965576592083,1
88661,-0.0812466222302287,1
91360,0.1089285714285714,1
88740,0.0598802395209581,0
88750,0.1183745583038868,1
89685,-0.0182328190743338,1
88817,0.08470066518847,0
89576,0.4210526315789475,0
89925,0.3530655391120507,0
88792,0.1930232558139535,1
88807,0.4135338345864661,0
88786,-0.0307820299500831,0
88860,0.1300900900900901,1
88949,0.2710401381096243,0
88839,0.1347031963470319,1
90029,0.0842105263157892,0
88908,0.0375146541617819,1
88892,0.0805555555555554,0
88897,0.084428291864691,1
92601,-0.0166468489892984,1
88991,-0.0548665915069522,1
88895,0.1031468531468531,1
89004,0.1055335045528835,1
90238,0.0535714285714286,0
89290,0.1705038371705038,1
89006,0.0918077098360914,1
89110,0.0625420309347681,1
88970,-0.0222634508348794,1
89046,0.0071462601238685,1
88994,0.0919540229885056,1
88987,-0.043059410790511,0
89642,0.0083547557840615,3
89031,-0.063758389261745,1
89002,0.088698679794051,0
89014,0.012205604263366,1
90176,0.0625,0
89167,0.1770833333333334,1
89036,0.1035372309456204,1
89044,0.0899854862119013,0
89215,0.0519480519480519,1
89070,0.1191119111911191,1
90216,0.8686868686868687,1
89327,0.1102091788947861,1
90175,-0.0362485615650172,0
89413,0.0587786259541984,1
89203,0.1592220559948707,1
89179,0.0640183847669073,1
90223,-0.0975609756097559,1
89244,0.0211993888464476,1
89269,0.0526829268292681,1
89168,0.0716981132075471,1
89217,0.016171389080857,1
90643,0.1713395638629282,0
90204,0.0501930501930503,0
89230,0.1491891891891892,1
89252,0.1297405189620759,1
89262,0.0428769017980634,1
90081,0.2222222222222223,1
91379,0.1409090909090908,0
17279,-0.6651238536041828,0
89297,0.0940812720848056,1
89353,0.0157342657342656,1
89321,0.1572769953051642,1
91015,0.0074074074074075,1
92174,-0.0489510489510488,1
89409,0.0702508960573478,1
90192,0.4771126760563382,0
89332,0.0135454545454545,2
90778,0.2107101280558789,1
89424,0.4012738853503186,1
89387,0.0450933651172029,1
89394,-0.0607966457023061,0
91975,0.0743697478991596,3
90280,-0.0206185567010308,0
92213,-0.1249999999999998,0
89445,0.0116009280742461,0
91665,0.0504036999294505,1
89567,0.0668380462724935,1
89920,0.2350000000000001,0
91152,-0.0067468465825756,1
91727,0.6319148936170211,0
89753,0.0986842105263159,1
89471,0.0440324449594435,1
89453,0.0476055539812978,1
89407,0.4169986719787515,0
91269,0.0754716981132075,0
89406,0.0875305623471882,1
89626,0.1415038484310242,1
89443,0.0278728606356968,1
89916,0.3578847969782814,0
89533,0.1131656147213087,2
90601,0.1332533013205283,1
89452,0.0832599118942731,0
89482,-0.0415647921760391,0
90313,0.1536850921273032,1
89941,0.1542917324907848,1
90067,0.0719277810133953,1
89876,0.0823000898472596,1
89653,-0.0060321715817693,1
89826,-0.0763052208835342,1
89574,0.0008422234699607,4
89546,0.1077953714981729,1
89509,0.1061839598129221,1
89549,0.046189376443418,1
89573,0.4225638342823801,1
90436,-0.0029806259314455,0
90492,0.0782918149466191,1
16852,-0.0678409090909091,0
89781,0.0609756097560976,1
89699,0.0324483775811208,1
90874,-0.0672698662470495,1
89698,0.0736607142857141,1
89644,0.0718367346938775,0
89796,0.1530054644808742,1
89793,0.1437125748502996,0
89741,0.0612244897959184,0
89800,-0.1095612477808775,1
89850,0.0274212368728121,1
89770,0.0512820512820513,0
89799,0.1386861313868612,1
89798,0.2814814814814814,1
90080,0.0328305235137533,1
89824,0.0906415538552092,1
90007,0.10752688172043,1
90716,0.1596009975062344,1
89901,0.0970717085543002,1
89866,0.0611374407582938,1
89889,0.1285714285714287,0
89964,0.0214837193689156,4
89922,0.0668693009118541,0
89877,0.2493242373535846,0
89913,0.0967098703888336,4
90400,0.40521327014218,0
89905,-0.079295154185022,0
91086,0.1617055510860821,0
89973,0.1254980079681276,1
89971,0.2372181644966657,0
90038,0.1020172910662824,1
90020,0.1933333333333333,0
89952,-0.0356043367688394,1
89904,0.010024718483933,1
89960,-0.0056410256410256,1
90052,0.0749860100727477,1
90088,-0.0948905109489051,0
90129,0.0949367088607595,1
92636,-0.0718232044198894,0
90333,0.2167577413479051,0
90006,0.0855036855036854,1
90085,-0.0354515050167223,1
90126,0.7878787878787876,0
90490,0.0738083735175882,1
90454,0.0711048158640228,1
91977,0.1197456729071,1
92282,-0.092722371967655,0
90210,0.0308880308880308,1
90248,0.0693455797933411,1
91901,0.0606060606060607,1
90232,-0.2095497278574963,1
90425,-0.0480591497227356,1
90110,0.0921895006402049,1
90275,-0.0075191214386658,0
90700,0.377049180327869,0
90319,0.0682942689926207,1
90285,0.0476190476190476,0
90533,0.0979413599500935,1
90708,0.0773515836383893,1
90325,-0.16078431372549,0
90427,0.0470238095238095,1
90292,0.0339506172839505,0
90447,-0.0476190476190476,0
90614,-0.0153061224489795,1
90288,0.0867052023121386,0
90466,0.2428571428571428,1
90299,-0.0425160163075131,1
90227,0.0846569250317663,1
90314,-0.0146163215590744,0
92453,0.0373831775700934,0
90353,0.0859375,1
90515,0.0180608365019012,1
92132,-0.1701075268817203,1
90421,0.0121739130434783,1
90423,0.0004496402877698,0
90312,0.1583858764186634,1
90536,0.0493827160493827,1
90090,0.0363050182225961,1
91400,0.146067415730337,1
19721,0.0279823269513992,1
90901,0.1234567901234566,1
90411,-0.1317073170731706,1
90098,-0.0874587458745873,0
90538,-0.0591900311526479,0
90455,0.0466786355475763,1
90274,0.1930769230769231,1
90535,0.0399736496811504,1
90249,0.08769598724422,1
90444,0.1026970954356847,1
92332,0.1515151515151513,0
90404,-0.0141911069063387,1
90416,0.0503759398496239,1
90833,0.0766101694915255,1
90371,0.0732984293193717,1
90488,0.3658536585365854,0
90476,0.1787068965517242,0
90487,0.0364864864864864,1
90496,0.1032028469750889,0
90489,0.1572519083969465,1
90568,0.3613445378151261,1
90505,0.1969237435008666,0
90600,0.0358974358974357,1
90637,0.0876944837340876,3
90718,0.017520215633423,1
90540,0.058292852185982,1
90417,0.2312500000000001,1
90409,0.0121697833184921,1
90548,-0.06640625,1
90803,0.0817096165933375,0
90964,0.2914760147601476,0
92521,0.1924999999999999,0
90520,0.0527734111834719,1
90440,0.0867579908675799,1
90564,0.0708936595107339,1
90605,-0.0169863013698629,0
90550,0.1016024548244121,1
90569,0.0429879262305956,1
90558,0.1088050314465407,1
90734,0.0028169014084507,1
90547,-0.0903490759753594,0
91500,0.1192452830188679,1
90494,-0.1023046655424394,1
90948,0.0666666666666666,3
92462,-0.0124610591900311,1
90711,-0.0015503875968991,1
90634,0.1491938383649518,1
90672,0.1057091882247991,1
91018,0.0587117212249208,1
90664,0.1206769683590875,1
90742,0.421309872922776,1
84553,0.0,0
90849,0.1065507480792558,1
90720,0.1218637992831541,0
90636,0.1006711409395972,1
91114,0.0631716906946264,1
86165,0.1388801012337868,0
92571,0.0884353741496599,0
90993,0.1206687666585897,1
90763,0.0765561650369663,1
90665,0.059076923076923,1
90735,-0.0089445438282647,1
90786,0.0531790404368743,1
90730,0.0159535895576505,1
90885,-0.0369897959183673,1
90752,0.10375,0
90824,-0.0477099236641221,1
90792,0.0890052356020942,1
91605,-0.0322352107686858,1
90789,-0.0041046690610568,1
90791,0.0845697329376855,1
90856,0.1681159420289855,1
90871,0.0674443236997399,1
90867,0.0210000000000001,0
90984,0.0945945945945945,1
90776,0.1680911680911683,1
90722,0.0305343511450382,1
90814,-0.0109571382533032,1
90779,0.0845771144278608,1
90829,0.1280271707028941,1
90831,0.08745992162451,1
90775,0.0153462497602148,1
90966,-0.0265486725663715,0
92619,-0.0326678765880217,1
90868,0.150485436893204,1
90795,0.1562499999999997,0
91141,0.0625488663017983,0
90805,0.09294265910523,1
90952,-0.0073115860517436,1
90961,-0.0410256410256409,1
90862,0.3542600896860985,0
91033,0.0092059838895282,0
92681,0.0199386503067484,0
92227,0.0410852713178293,0
91286,0.2413793103448276,0
90971,0.2209178228388475,1
91032,0.0995821727019499,1
90956,0.1215351812366736,0
91594,-0.060695344725987,1
90825,0.1348773841961852,0
90926,0.2767857142857142,1
90870,0.0531256241262232,1
90963,0.0510091743119265,1
90940,0.1517317207256734,1
91349,-0.0120839118850152,0
90951,0.0680713128038896,1
90900,0.0297356828193833,1
90957,0.04,1
90958,-0.0547256097560976,0
91356,0.0514839491217442,1
90988,0.0667456556082148,1
90989,0.0683760683760683,0
91020,0.1074243052675238,1
92044,0.081568273997296,1
91090,0.0326615705350936,1
90978,0.386120996441281,1
90979,0.0482175973624561,1
90969,0.1272727272727274,0
91967,-0.0410367170626349,1
91488,-0.0456730769230768,0
90925,0.0658174097664543,0
91075,0.2398361172392058,0
91083,0.1622921926356404,1
91408,0.2148148148148148,1
91891,0.1035598705501619,1
91073,0.1929762327066335,0
91063,0.1442927569207432,1
91192,0.0357142857142855,0
91507,0.2136851261235139,0
84185,0.048780487804878,0
91041,0.1020408163265305,1
91515,0.3635410111181036,0
91099,-0.0137074074921623,1
91080,0.2793629727936297,0
91752,0.4285714285714286,0
91068,0.0321052253111417,1
91096,-0.0270758122743682,1
91088,0.3909090909090909,0
89003,0.0660729675380638,1
91603,0.1585918438480307,1
91100,0.1699029126213593,1
91176,0.0301263362487853,1
91095,-0.220019579050416,0
91151,0.0197234648230988,1
91154,-0.1393939393939395,0
91186,0.0864864864864862,0
91143,0.0960684844641726,1
91428,0.0483870967741935,0
91234,0.053475935828877,1
91627,0.046315789473684,1
91201,0.1111111111111109,0
91348,0.0484848484848485,1
91237,0.10126582278481,1
91215,0.3416271721958925,1
91359,0.0834236186348862,0
91395,0.1654135338345863,0
91366,0.1289710763394973,1
91350,0.3753213367609254,1
91167,0.6281260847286732,1
91299,0.1511627906976744,0
91363,0.088888888888889,1
91463,0.1014550173407748,1
91371,0.060567556120288,1
91357,-0.026079869600652,1
91491,0.1210986267166043,0
91406,-0.0194174757281553,1
91283,0.1040462427745665,0
91472,0.7142857142857144,0
91579,0.0434491978609625,1
91514,0.0100286532951288,1
91485,-0.0161764705882352,1
91503,0.1062717770034842,1
91446,0.1320754716981131,1
91391,0.176328502415459,1
91432,0.009433962264151,1
91614,0.0875268817204302,1
91468,-0.0234641638225255,1
92506,-0.0216567406605304,1
91434,-0.1236080178173719,0
91392,0.0484871264799848,1
91413,0.2692944683670089,1
85208,0.031182128451753,1
91618,0.0765306122448978,1
91659,0.014439449666258,1
92040,0.4179104477611939,0
91355,-0.0683060109289617,1
91405,0.0531309297912714,1
91407,-0.0026455026455025,1
91397,0.0088105726872247,1
92093,0.0258397932816538,1
91461,0.0455547391623807,1
91416,0.0463428252372974,1
92682,0.1319925266512802,0
91486,0.1074656846334114,1
91611,-0.0867135949390062,1
91742,0.1639344262295081,0
91495,-0.0125260960334028,0
91615,0.0135135135135135,0
92054,-0.0923076923076922,0
88434,-0.0157142857142856,0
91622,0.145543945912723,1
91501,0.0336336336336338,1
91625,-0.027027027027027,0
90077,0.1166666666666667,0
92773,0.275308354666046,1
91516,0.0839739798935541,1
91683,0.1260076368264742,1
91623,-0.0411985018726591,1
91668,-0.0175543885971493,1
91613,0.1538461538461537,0
92456,0.5188679245283019,0
91571,0.0006234413965087,1
91616,0.0540540540540541,0
92589,-0.1002506265664161,0
92252,0.1284403669724769,0
91630,0.0982658959537572,1
91658,0.0861678004535146,1
91678,0.0484949832775918,1
91754,-0.0130434782608694,0
91666,0.0741364785172704,1
91650,0.0146092037983931,1
91654,0.1845161290322581,0
92035,0.0289156626506024,1
91741,0.0447761194029849,1
91743,-0.0117493472584856,1
91661,0.0816326530612245,0
92449,0.0246478873239437,0
91883,-0.0807696265047843,1
91736,0.1039307128580946,1
91822,0.0813871196036799,1
91899,-0.0978398983481575,1
91907,0.2137254901960785,1
91836,0.1398176291793313,1
91688,0.0354713313896988,1
91692,0.1704697986577181,0
91826,0.0327868852459014,0
91824,0.0254143646408837,0
92232,-0.0244857982370225,1
91814,-0.2052877138413684,0
91959,0.0110192837465563,1
91854,-0.003472222222222,0
91956,0.0344827586206895,1
91968,0.0634095634095635,1
92091,0.2206896551724138,0
91900,0.1359649122807018,0
91905,0.04,1
91909,0.0114942528735633,0
92421,0.11496062992126,1
91849,0.0301573426573427,1
92101,0.0719424460431654,0
92210,0.1314142678347933,1
91915,0.0831408775981523,1
91979,0.1425968109339408,1
92052,-0.0846846846846846,1
92207,0.0117924528301887,1
92034,0.0714514578660685,0
92050,0.0871819038642791,1
92345,0.1061946902654868,0
92038,0.3148936170212766,1
92095,0.2272156147265873,1
92096,0.058965147483291,0
92195,-0.0147368421052632,1
92201,0.0170889805539189,1
92097,0.0630630630630628,1
92021,0.025060781746774,1
86812,-0.0079365079365079,0
92150,0.0218579234972677,0
92105,0.0377358490566037,1
92143,0.2061235647895025,1
92102,0.0689404934687953,1
92229,0.26049908703591,1
92450,0.0242214532871971,1
92220,-0.0337934316991909,1
92177,0.2079772079772082,0
92239,0.1323237338629592,1
92758,0.0396039603960396,0
92805,0.3998333333333332,0
92184,0.0168539325842695,1
92188,-0.0388096333793527,1
92296,0.1798335379997269,1
92172,0.0250544662309368,1
92183,0.0625,0
92243,-0.0976863753213368,0
92221,0.1253978357733929,1
92257,-0.1875929466751645,1
92223,0.3559322033898306,0
68145,0.0699588477366255,0
92293,0.077072224915172,1
92302,0.0598170302603799,1
89756,-0.2258620689655173,0
92402,0.0887383026782835,1
92303,0.0741721854304635,1
92308,0.0250569476082005,1
92319,0.0040322580645162,0
92326,0.2041401926624308,0
92354,0.0796296296296295,0
92445,-0.0243055555555554,0
92454,0.0778210116731519,0
92428,0.0667220376522703,1
92429,0.0631747301079568,1
92432,0.0519337016574585,1
92400,0.1201968578459209,1
92443,-0.2662295081967213,1
92395,-0.0471464019851117,0
92448,0.099836333878887,1
92460,-0.0094517958412098,0
92493,-0.0968688845401174,1
92464,0.1657722122838403,1
92466,0.2298795180722892,0
92478,0.0980957876514716,1
92465,0.0179640718562874,1
92497,0.0435364041604755,1
91136,0.4059405940594058,0
92467,0.06703146374829,1
92535,0.0802469135802468,0
92469,0.0631209818819404,1
92528,0.1354838709677419,1
92523,0.0417163289630511,1
92527,0.0737849408209518,1
92555,0.046029919447641,1
92558,-0.0980544747081711,1
91365,0.2541832669322708,1
92687,0.2846993816603078,0
92614,0.0309722596283328,1
92587,-0.013157894736842,0
92611,0.0417601266657869,1
92648,0.1055762081784386,0
92588,0.0479680213191207,1
10258,0.1117734724292101,0
92602,0.0540411286465805,0
92597,0.0946483856700575,1
92618,0.0201448619284745,1
92753,0.0970588235294118,1
92670,-0.0654205607476635,0
92621,0.094410521371536,0
92765,0.0145415376329607,0
92852,0.0166169578184918,1
92685,0.0134529147982063,3
92688,0.0837988826815641,0
92709,0.066470994475138,1
92692,-0.0714285714285714,1
92810,0.046027397260274,1
92696,-0.0193222642975046,1
92697,-0.0235580828594639,1
92772,0.0211449200618876,1
92771,0.0820624546114743,1
79678,0.0734463276836159,1
92775,-0.0305047143649473,0
92729,0.051772650534609,1
92782,0.0089887640449437,1
82526,0.0030487804878049,0
92777,0.0285760413303197,1
92797,0.504950495049505,0
92809,0.103129810159056,1
87078,0.1762208067940551,1
91161,-0.0126422250316056,0
92808,0.0342995169082125,1
90183,0.1522198731501056,0
91892,0.1003460207612456,0
92854,0.1570480081716039,1
92596,0.0416666666666667,1
92486,-0.1083445491251682,0
90295,0.2311281021188362,1
88244,0.1130434782608695,0
88278,-0.0762711864406778,0
86092,-0.0670731707317071,1
92185,-0.0743589743589743,0
90542,0.1322314049586779,0
91021,-0.0214285714285712,0
90199,0.0844221105527638,1
90272,0.0414869583076606,1
90276,0.0915462111257119,1
90178,0.3221917808219177,0
90188,0.1144890038809831,1
90187,-0.1296777546777545,1
90164,0.1329101750336603,1
92457,0.0905644481887111,1
90233,0.0695504664970314,0
90097,0.1425661914460285,0
92870,0.0908696595098679,1
90200,0.2364071856287424,1
90207,-0.0092307692307692,0
91609,0.0581009683494724,1
90399,0.7263681592039803,0
92155,0.0612492419648271,0
82678,0.1244239631336405,0
54594,0.0091006423982871,1
13056,-0.0526939017169922,1
14526,0.0200250312891114,1
11581,0.056252239340738,1
15203,0.2145390070921986,1
16126,0.1134530314858184,1
16249,0.0264900662251654,0
17137,0.1162790697674418,1
20670,0.0288461538461539,0
64899,-0.0857305610937054,2
23660,0.0332518337408311,1
23975,0.0560904143993301,1
82542,0.0118279569892472,1
30680,0.1204576043068639,1
56274,0.1081355932203389,1
31668,0.036745406824147,1
32046,0.0065019505851755,1
47511,0.009049773755656,1
53866,-0.1058192714082951,1
60628,0.1060837331007413,1
57330,-0.0124324324324324,0
37875,0.1223434807581849,1
20765,0.1726775956284152,1
17144,0.0376051459673427,1
39328,0.0198250728862974,1
41452,0.0831837223219629,1
89888,0.0342205323193918,0
84226,-0.0086584157341569,1
64020,0.0194319880418534,1
51423,0.0665597433841218,1
67002,0.0941306755260245,0
52090,-0.0185739020934991,1
53613,0.1924290220820188,1
54114,0.1509785647716681,1
55213,-0.0419847328244274,1
57665,0.0474806201550386,1
35107,0.0159347065682082,1
61621,0.0498392282958197,1
51692,0.0845,0
64742,0.2508833922261484,0
65307,0.0630108991825613,1
66852,0.0706713780918726,0
46922,0.1764705882352941,0
77354,0.003382949932341,1
69199,0.1110688724465287,1
38850,0.1748768472906403,0
44951,0.582995951417004,0
74500,0.076158940397351,0
74740,0.1093023255813951,0
65752,0.1516824395373293,1
40694,0.1142913154283475,1
65306,0.1148390616475723,1
92874,-0.0250202593192868,1
81294,0.1339418382509021,1
19502,0.0797081869764928,1
81614,-0.0764809384164223,0
51086,0.0928196147110331,1
83601,0.0573297422085419,1
62042,0.1156462585034012,0
21785,0.0538116591928252,1
10044,0.1505681818181818,1
10104,0.0657262905162063,1
75510,0.0039808917197452,1
70092,0.2069620253164557,0
75033,0.4353640416047548,1
12211,0.1612581128307539,1
80297,-0.0355329949238578,0
75976,0.0258164165931156,1
77488,0.1745614035087719,1
76858,0.2199999999999999,1
76568,0.0720461095100863,1
76605,0.0430833180905487,1
76752,0.1181515007146261,1
77637,0.0759689922480619,1
77669,-0.0153195985208662,1
79094,-0.0196993260756868,1
87055,0.0365643674668287,1
79866,-0.0412133201450708,1
80719,0.232529375386518,1
81138,-0.0334608030592735,1
91364,-0.1254612546125461,0
81655,0.0317284224539604,1
82777,0.0496152825683207,1
83148,0.2407991587802314,1
83597,0.0506472859414035,1
20598,0.0363003480855295,1
89508,0.0500799147575918,0
84746,-0.05,0
85040,-0.0113895216400911,0
85982,0.1148148148148149,1
85272,0.0495294117647058,0
85394,0.000259773996623,1
85796,0.0698587127158556,1
87092,0.0664240218380345,1
87184,0.0490936555891239,1
87214,0.1669044222539228,1
88668,0.0707871104067616,1
88841,0.0234702430846607,1
88873,0.0874172185430464,1
89216,0.0157980215561788,1
89900,0.0456660849331005,1
90386,0.0815822002472188,1
90992,0.0718750000000001,1
92121,-0.0041504539559013,0
92378,0.0110803324099724,1
90179,0.1101000909918106,1
