firms,clusters,mom1
54594,0,-0.176068376068376
13056,37,0.0424581005586592
50091,52,0.1606275303643725
14526,0,0.064096817570596
11581,67,0.0779450841452613
15203,48,-0.0609019060901907
16126,0,0.1761619190404797
17137,0,0.0041876046901172
85885,13,-0.1397058823529412
85914,0,0.0853091585309158
84839,13,6.387755102040817
20670,12,-0.0308880308880309
64899,20,0.1567887931034484
22905,52,-0.1097595878649112
47175,7,0.0358649789029534
23660,18,-0.0030395136778115
23975,0,0.0347950428979981
82542,0,-0.0172955974842766
30680,5,0.1753371868978805
56274,0,0.0008488964346349
31668,31,-0.0412698412698412
32046,0,0.0451517394522575
47511,28,0.115112160566706
33188,7,0.0681818181818181
53866,67,0.0
60628,0,-0.0433920934598937
57330,67,0.1232032854209446
37875,18,0.0775563258232236
20765,20,-0.029171528588098
17144,5,0.0463576158940397
39328,15,-0.0285714285714286
26657,47,-0.0941133720930232
22250,12,-0.1136363636363637
41452,18,0.0567711413364873
89888,48,0.315947242206235
84226,18,0.0462046204620463
64020,0,-0.0585885486018641
51423,18,0.0385774562989753
67002,0,-0.0289672544080604
52090,0,-0.0055570256681661
53613,15,0.045336787564767
54114,67,0.0630090012858981
55213,42,-0.1210340775558166
51377,57,0.0323688082393329
57665,57,0.0235029940119761
67010,15,0.0070052539404552
35107,0,0.0904059040590405
61621,0,-0.050041242782513
51692,63,-0.0756410256410256
65307,0,0.1
66852,15,-0.1307692307692307
46922,42,-0.1666666666666667
67193,0,0.0158053186151529
77354,28,0.1047957371225578
69199,50,0.0655660377358491
38850,36,-0.0290697674418605
72128,0,0.0617715617715617
72486,0,0.0994940978077572
44951,0,0.0595166163141993
65429,0,0.0713333333333332
74500,15,-0.0454545454545455
74740,0,0.3207920792079208
65752,0,0.0776992936427849
40694,0,-0.0582612065624594
76129,2,0.0543933054393304
65306,0,0.0254219183935056
92874,36,0.0719474181582249
81294,0,0.1131105398457583
19502,67,0.0335724533715926
81614,48,-0.2126137841352406
51086,20,-0.0727159726538222
83601,0,0.107162687395891
88867,0,-0.0055596738324685
21785,9,-0.0123734533183353
10044,37,-0.0455284552845528
69032,31,-0.0899176954732511
10104,52,0.0954436450839328
75510,57,0.1815500134084204
11161,42,-0.0652173913043479
75033,31,-0.0238095238095238
75110,47,-0.0919685039370078
12211,48,0.0084517864003073
75434,35,0.0736196319018405
80297,66,-0.0450160771704178
75976,0,0.0481496219657779
77488,57,0.9893617021276596
76355,56,-0.1666666666666667
76858,47,-0.0380952380952381
76279,52,0.1989060169070113
76568,28,-0.1277853569804455
76990,0,0.085328422344997
76605,0,0.0481159420289856
76752,0,0.030102547138604
76788,9,-0.1157952367916781
77163,31,0.2491749174917492
77478,0,-0.050632911392405
79580,47,0.0266222961730449
77637,0,0.0545454545454544
77669,42,0.2070015220700152
79094,35,0.1691176470588236
79262,42,0.0561797752808987
87055,0,0.0009824561403508
79866,33,0.1379545454545454
80032,33,0.234318089842169
80393,48,0.0092983939137785
80553,13,0.3123359580052494
80719,67,0.1538461538461537
80763,7,-0.0833333333333332
81655,0,-0.0373805508712759
82777,0,0.1177194421657097
83148,0,-0.0123304562268803
83597,0,0.0779610194902546
83957,63,0.0251046025104602
20598,48,0.0558375634517767
89508,31,-0.0525301204819277
84746,42,-0.0145985401459853
84785,0,0.1097345132743361
85040,7,0.2547204968944097
85982,0,0.0488540410132691
85272,52,0.0235294117647058
85394,33,-0.1754816112084063
85796,36,0.1371841155234656
85972,36,0.0113109048723898
86251,13,1.1428571428571428
86868,0,-0.0781731723885666
86724,63,-0.0425531914893617
87092,28,0.0065189048239895
87184,0,0.1842489061740397
87214,4,0.0586510263929618
87484,7,-0.2809999999999999
87800,7,0.0520833333333332
88193,36,0.0611111111111111
88668,33,0.1173478337133837
88841,37,0.0395843641761504
88873,0,0.0668775417984637
89271,50,0.0913642052565708
89216,70,0.1130852842809364
89900,0,0.0406197654941373
50906,63,0.122681883024251
10568,47,0.0234899328859059
11157,2,-0.212310783351218
47730,50,0.042502387774594
13777,18,0.0616883116883115
38746,47,-0.0410354745925215
60871,9,0.0900341508848183
14198,0,0.1637437055044277
14702,0,0.0616291532690245
15537,26,0.1897983392645315
68830,10,0.0376775787523162
18570,0,0.0370502315639471
18973,0,0.1402061855670102
19271,18,0.0895588019739093
29938,0,0.0792882562277579
10866,15,0.0125899280575541
20248,63,0.2009544008483563
25320,0,-0.0379310344827585
21726,0,0.1643930635838151
21742,0,-0.0108450067781291
11267,18,-0.0898550724637681
86474,10,-0.008
22753,29,0.125968992248062
22825,20,0.120418848167539
24951,12,-0.157068062827225
26201,5,0.1954557190808159
82165,7,-0.1231506849315068
65541,36,0.1557142857142857
27562,57,-0.2027612344342176
27677,15,0.5617760617760619
27909,10,0.0241820768136558
63546,15,-0.0176829268292681
49154,0,0.0043290043290042
19350,0,-0.0324729392173187
49429,31,-0.2019607843137253
61313,0,0.1823610473128156
80971,35,0.1331615120274913
12008,0,0.1926286509040331
31500,0,0.1625683060109288
33209,4,0.2017114914425428
50788,0,0.1126482213438735
33690,13,0.0072148010572183
77462,4,-0.0640569395017792
46295,7,0.2057971014492754
37058,0,0.0129611166500498
62228,20,0.0316742081447962
21055,22,0.2946750902527075
47888,0,0.0798274002157497
83233,0,0.0377708978328175
32678,52,-0.0151426907396622
23077,5,0.0612375079736338
41663,36,0.3182936833470058
27828,0,0.0153182308522115
66181,0,-0.05
32870,0,-0.0411063181933518
42922,52,-0.2087792094343743
89757,23,-0.14085792515972
47133,0,0.1286939942802669
47571,52,0.1064102564102564
16678,0,0.0143119266055045
48291,4,0.0137931034482758
48347,2,-0.0031397174254317
64282,67,0.0464362850971922
53612,0,0.18372441337993
27617,10,0.05
60097,0,0.0408792111750206
52813,18,0.156901688182721
60548,28,0.1939769707705936
53197,0,0.0553505535055349
56777,0,-0.0294627383015597
57745,0,-0.0029383991882745
57809,0,0.2171777062510587
57817,57,-0.0079410096426546
79611,0,0.0164835164835164
59185,50,-0.0255681818181819
60709,13,0.0133051370164771
35051,0,0.17371297095197
18403,18,-0.0531764705882352
35238,20,0.0067264573991032
13936,0,0.0762852404643448
49971,0,0.0281475846329404
64785,48,0.0
62033,0,0.2320496083550913
91556,0,0.0934607345476259
50948,0,0.0788177339901479
70923,0,0.0910041841004183
42585,0,0.0583400160384923
72005,35,0.2046979865771812
76081,18,-0.1108179419525066
60580,18,-0.0780844538806322
66368,56,0.6778523489932886
37807,36,0.0263876251137396
80179,0,-0.1163985701519213
80857,9,-0.0050966234869399
59627,15,0.1820330969267138
81190,44,0.1214392803598201
55976,0,-0.004139358399448
82924,0,0.0260586319218241
83011,18,-0.037121212121212
15456,44,0.1549407114624506
40539,0,-0.0049658597144629
10025,63,-0.0719093163301453
90609,28,0.1273885350318471
69411,7,-0.097457627118644
10182,0,0.0886640880690272
10259,48,0.034675615212528
10501,20,0.1939586645468998
77420,0,0.1326714801444044
10514,35,-0.2589531680440771
10659,70,-0.0135027799841144
10645,31,0.0
75527,0,-0.1223021582733814
89105,52,0.1344107744107745
11132,0,0.1613285883748516
11154,44,-0.1528301886792452
11343,52,0.1982241420686343
71685,63,0.1195652173913044
11379,2,-0.0532407407407408
11426,10,-0.0934844192634559
11174,47,0.1459346768589295
75100,5,0.1260909508497933
11081,44,0.2377885131508319
89609,47,-0.1712707182320442
12266,7,0.0287081339712917
75489,28,0.0806451612903225
76008,13,0.0869565217391303
11839,36,-0.072
75905,0,0.1247457627118644
76052,0,0.0012690355329949
76076,0,0.0421216848673946
84184,47,0.1578947368421053
76322,35,-0.0152439024390242
76671,67,0.0822134387351778
76217,0,0.2910662824207493
79315,31,-0.0610344827586206
76673,42,0.087719298245614
77007,2,-0.2110912343470482
86590,18,-0.0343680709534366
76839,28,-0.0682382133995037
76847,42,-0.2405929304446977
77045,0,0.0102489019033675
85837,13,3.40625
77501,44,0.2941176470588234
77505,7,0.0968527918781725
77516,31,-0.2215546376267367
77530,35,0.0825515947467165
77584,52,-0.0566076574722107
77699,10,0.1472253680634203
77830,20,0.0514285714285713
77862,52,0.198265760487462
78216,36,-0.028776978417266
78034,28,-0.0055555555555556
78050,0,-0.0728395061728395
78200,7,0.2708757637474541
89930,63,0.3066666666666666
78209,12,-0.046594982078853
78816,0,-0.0220883534136546
78881,63,0.1221518987341772
78975,0,0.0737856878012608
78999,15,-0.2915734526472782
79007,0,0.0450966356478166
78963,42,0.0763790664780763
78953,36,0.3522727272727273
78972,52,0.067561314206386
79121,36,0.3131067961165048
79156,0,0.0563380281690142
79195,0,0.1935201401050788
79307,15,0.0112016293279022
79411,67,0.0473637176050045
79667,28,-0.0548327137546468
79881,0,-0.0601459854014598
79922,56,-0.0983810709838106
79847,0,0.0709018718094158
79797,33,-0.123076923076923
80114,48,0.0831525668835864
80274,35,0.0612612612612613
80233,15,0.365111561866126
80320,52,0.101052116466846
80432,15,-0.0081654872074035
80544,0,0.1142974190905365
80592,0,0.1555819477434679
81165,52,0.1379679144385028
81212,63,0.1249609375
82598,0,0.0074380165289256
83170,13,-0.1560283687943262
83399,0,0.3187042842215255
83391,2,-0.0950226244343891
83808,48,0.0981937602627256
83822,0,0.0666144200626959
83861,0,-0.0023875845602864
83956,63,-0.0467289719626168
83976,0,-0.0230117077109407
84084,0,0.1511500547645123
84275,0,0.0742424242424242
84255,0,0.0977653631284916
84416,7,0.2247191011235956
84588,70,0.0196600450542698
84519,48,-0.0961254066844129
84625,13,0.0273972602739727
84761,47,0.0316310975609757
84730,63,0.1442342342342342
85019,3,-0.2079422382671479
85232,0,0.0359391395592865
85314,18,0.0078947368421053
85390,0,0.4804301075268817
85402,57,-0.3328859060402684
85477,57,-0.1052488441664399
85464,28,0.0469043151969981
85550,31,-0.0351201478743069
86189,36,0.0662364130434782
89606,47,-0.2306666666666667
86580,31,0.2019464720194645
86594,50,-0.0996784565916398
86878,31,0.2356321839080459
86881,0,0.1256983240223463
86959,66,-0.1649122807017544
89416,0,-0.0376728659990461
87057,42,0.4444444444444444
87149,15,0.0452631578947368
87255,0,0.0218712029161602
87333,47,-0.025706940874036
87343,15,0.0527950310559006
87390,44,0.3629629629629629
87432,25,0.2376696458126448
87377,63,-0.141639033633349
87498,15,-0.1284916201117318
88172,42,0.1488673139158576
88458,0,0.0099750623441396
89301,52,-0.0988372093023255
89447,0,-0.1147342995169081
90024,13,0.1229050279329606
89449,13,0.5606936416184973
89452,7,0.840909090909091
89540,31,-0.1905594405594406
89908,0,-0.0204197390811117
90127,42,-0.1428571428571429
65832,0,0.0235676554246242
21020,42,-0.1801596351197262
11499,47,-0.2395209580838323
81912,28,0.0113895216400912
27991,36,-0.0047142015321154
20482,0,0.0682464454976303
10656,28,0.1194879089615932
60038,0,-0.0020642857142857
85084,56,-0.1035632183908045
79678,52,0.2476894639556377
10779,63,-0.0532544378698224
61487,0,0.1275803722504229
61241,0,0.1543624161073824
88845,31,0.0816513761467889
28222,52,0.0354566697145177
11368,57,-0.0326315789473684
11456,47,-0.19125
28804,15,-0.0907821229050278
11587,52,-0.0304289544235925
42083,15,0.0500595947556614
48514,9,0.1041095890410959
11691,0,0.0246864423651205
11790,18,-0.0002503755633449
71271,0,0.0899854862119013
10137,0,0.0176579925650557
10145,0,0.0037037037037037
45911,70,0.1887226697353281
24643,0,0.1670500287521565
28484,0,0.1564030131826741
81073,25,0.0362180045272504
39482,0,-0.1851851851851852
10225,28,0.0275066548358473
12758,52,0.0805116629044395
24109,0,-0.0515348420345059
59176,0,-0.0347771761765931
57904,0,0.006899655017249
15667,0,0.0
66800,44,-0.2207792207792208
13470,0,-0.1101320308989985
13507,28,-0.0135086777598855
13603,33,0.0078413284132841
58560,9,0.0510978863123332
13769,29,-0.0384615384615385
11144,31,-0.2271676300578035
85257,0,0.0572959604286891
14008,44,0.0515882493432051
64864,0,-0.0794165316045381
18075,52,0.031844316674038
14219,29,0.1363636363636362
14227,28,-0.0341499628804752
83112,0,-0.067986798679868
59184,0,0.1678861788617884
39490,52,-0.0046034306952353
14593,48,0.0850819200919805
10516,52,-0.0989559691330004
14868,0,-0.1246268656716418
77595,0,-0.0587639311043566
29209,28,0.1267916207276735
24272,25,0.0122595247076575
15457,0,-0.0207865168539326
15553,28,0.05
15721,52,0.0121163968616546
29787,23,-0.0392156862745098
44644,28,-0.0260180995475114
16030,15,-0.1514929025942241
44601,26,0.0703465449263331
27684,0,0.127147766323024
40416,0,0.0010251153254741
53110,33,-0.0560783560591511
52484,0,0.066951566951567
75034,0,0.0956973293768548
10318,0,0.0813648293963253
58755,0,0.0864197530864199
57568,0,0.009669021941242
24221,0,0.0186650915534554
16505,44,-0.1259021651964715
16548,0,-0.013313879263177
49656,0,0.0229726625315873
29532,0,0.0285714285714286
46877,70,-0.0315387065944567
39693,0,0.2246932515337425
47423,0,-0.0173482032218091
27887,0,-0.019576379974326
29612,26,0.1411423841059602
39642,0,-0.0553691275167785
17444,28,0.0756650522917103
65875,0,-0.0002598752598752
65509,35,-0.0534653465346534
43772,28,0.0114068441064638
11510,20,-0.1387283236994221
17778,0,0.0059768397459842
61508,70,0.0570351166627387
18033,48,0.2197802197802199
20220,18,-0.014170348925796
61946,0,-0.0966418866957189
62519,52,0.1270986976306292
65154,0,0.1325788197251416
19561,70,-0.0246288003770916
42024,29,0.1866447728516693
18650,33,0.1128854625550661
52230,0,0.0371308016877636
87146,28,0.0409810617820551
66130,7,0.2036474164133741
60898,0,-0.0542372881355932
39757,18,0.0131291028446389
47642,0,-0.0763221153846154
17961,35,-0.030880420499343
19393,18,0.0373236231224396
10874,20,-0.1786570743405275
55597,0,0.077394388906804
50227,52,0.1023890784982934
19880,18,0.4395604395604395
10890,20,0.2163461538461537
20117,20,0.2400676246830093
45655,0,0.0477941176470588
64186,4,-0.0494029501287754
67838,28,-0.0572433642468819
47626,0,0.1335322640805669
20336,0,-0.0084317032040471
62148,0,0.0970611596505162
28564,28,-0.0328888888888888
86290,0,-0.0867052023121386
87451,29,0.0558659217877093
46690,18,0.0987654320987654
20504,37,0.0350734094616638
20512,0,0.0169592976855545
56602,29,-0.0247933884297519
20750,0,-0.0583979328165376
84837,15,0.1472222222222221
21371,18,0.0858459765700019
27334,4,0.1575484764542936
23114,28,0.0183376994522503
20618,0,0.0764430577223089
30402,52,0.0621158201229374
18542,70,0.0092818759159747
89792,0,-0.0395791583166331
53831,7,-0.0955811719500481
22437,36,0.071266968325792
64557,0,0.0403998334027488
63503,28,-0.1270386266094421
60599,18,0.091217257318952
22374,10,0.1070328542094456
41419,0,-0.190891472868217
90011,0,0.0430163254729203
22921,5,0.0015426147319705
64194,15,0.0621700879765394
21960,7,-0.2123287671232876
23182,25,-0.0662407531943509
14541,52,0.0312012480499219
30509,67,0.0465116279069768
23297,15,-0.0334949316879683
23393,0,0.0019359380499823
79026,0,-0.1627815866797256
68320,48,0.0630439091187546
47677,0,-0.0926724137931034
86685,7,-0.3284848484848485
27422,48,-0.3347879884531165
24097,22,0.2399481193255512
46578,67,0.0779245283018867
56741,66,-0.1909814323607427
24193,0,-0.0924339622641509
11995,0,-0.0961202376791331
11308,0,-0.0273483947681332
24441,44,0.019543973941368
24476,28,0.0157718120805367
30648,28,-0.0149683362118596
18729,0,0.0517680339462516
24548,63,0.0714285714285714
61735,70,0.0396563119629873
89525,0,0.0948905109489051
25129,28,0.0096551724137932
25452,0,-0.0131004366812226
25487,63,0.0481927710843375
25778,26,0.1987353206865401
40125,28,0.1275521908694654
26084,5,-0.0137524557956778
79618,47,-0.1535897531927644
26463,25,0.0222036028487639
11404,28,-0.0072115384615385
41929,0,0.0553513513513515
26607,35,-0.1452020202020202
26650,67,0.0258719816021464
23229,28,0.0692729766803841
30840,23,-0.0108225108225108
21979,23,0.1000235904694504
27430,31,-0.1643835616438356
59248,37,0.0576221735959152
22293,0,0.0235866716585548
27474,0,-0.002124044180119
20204,0,0.11504640937958
27618,0,0.1522157996146436
27642,13,0.56
38420,0,0.2615606936416186
53575,70,0.0327044025157232
17726,52,0.0748882265275707
59256,47,0.1046511627906976
31077,0,-0.0675027665068239
27888,0,0.0014331780723755
41080,31,0.1240223463687151
18091,0,0.0846493998736575
83186,57,0.0594919786096255
19828,35,0.0652173913043476
28629,52,0.0807537752986291
28840,0,0.1404164442071542
29050,33,-0.0559856234448437
29058,31,0.0579710144927534
22859,0,0.0212001437297881
29103,0,0.0768049155145929
60273,12,-0.0053846153846154
29285,0,0.1894273127753303
61743,22,0.059736594543744
11674,28,0.0974944182584967
76708,33,0.000877192982456
65226,0,0.2616912235746318
29867,57,-0.0227642276422764
40440,67,0.0066326530612244
79322,0,0.2314814814814814
44943,28,0.044008875739645
30147,0,-0.0677576067501917
26403,0,0.0360777058279371
10886,0,-0.0692307692307692
38682,28,0.0714751958224542
89566,42,-0.2832764505119454
30593,57,0.0926130099228224
25953,0,0.0931877905801494
20626,25,0.0062266500622665
54279,13,-0.5247524752475248
30681,36,0.0266024298282361
30761,20,0.0892857142857144
11703,0,-0.0204457166223676
63132,0,-0.0279312461632902
27959,36,0.0092845439650464
88590,0,0.0868327402135231
30940,33,0.1162865662019503
31051,44,-0.0202020202020202
31070,0,0.0763052208835342
31078,12,0.0348101265822784
42200,0,0.0647590361445784
63159,20,-0.0391752577319586
31480,0,-0.1466321243523317
11754,0,-0.1436556735606484
11762,0,0.1006375227686704
70578,5,-0.0245865970409051
82855,50,-0.0425343376163048
32054,36,-0.0371724558196221
32062,0,0.0910868647363392
32110,0,0.0587780355761793
22103,67,0.1132797550707997
81124,7,0.1018518518518516
23042,28,-0.0072011521843494
32540,37,0.0710466004583652
26470,52,0.0983294255568583
32636,0,0.947836759742252
32791,52,-0.4343622164373373
32986,0,-0.0104768786127167
33137,0,0.0091743119266054
52476,5,-0.0028743140841391
24328,0,0.0581588066897693
33532,20,-0.0826086956521739
31691,0,0.1043353978084802
42550,52,0.2054520252579699
33612,7,-0.0747663551401869
87696,4,-0.0676156583629892
87717,0,0.0105172783859195
33815,33,-0.1338028169014083
33823,48,-0.0776100361471401
87725,63,0.2865168539325842
11850,0,-0.0463092296121198
19166,0,0.1784007645747054
24205,0,0.0185548348167143
34367,0,-0.0351941747572814
47706,28,-0.0288184438040346
21135,28,0.1012514220705347
34666,48,-0.2406015037593984
34818,18,0.0442919525888956
34981,0,0.0207561156412157
35044,44,-0.187043795620438
35167,28,-0.0151072124756335
10777,18,0.1326276905590679
66157,0,-0.0206550604898201
36397,7,-0.1120370370370371
36469,29,-0.183533447684391
54244,0,0.0062893081761006
36768,36,0.0313901345291478
37023,18,0.0810810810810811
88924,0,0.086519891850135
88853,52,0.2203179171845359
37154,48,-0.074829931972789
25785,0,-0.1767554479418885
45241,31,0.03457216940363
37234,52,0.1326998133378585
37402,33,0.0663551401869158
37568,25,0.0459710743801653
37584,0,0.0637940094587492
58421,0,0.1467679492119411
37955,18,0.1097367586425626
12036,0,0.1206818181818183
38093,28,0.0390720390720391
47941,35,0.0066387141858839
87031,57,0.0391495601173019
12052,0,0.0191329351913294
12060,67,-0.0605504587155965
46834,29,-0.0279465370595383
12079,63,-0.2629310344827585
55212,33,0.0803252032520325
38659,0,-0.0599571734475374
46674,50,0.0365049458313706
39029,44,-0.0211267605633802
57154,0,0.067854694996573
32299,44,-0.0517241379310343
12140,52,-0.0490095377842993
16432,52,-0.0511575802837939
53604,0,0.2532115329717384
85908,33,0.0678233438485804
39571,0,-0.0239072687756579
60468,48,0.1969220006995453
52695,0,0.0524737631184408
39731,20,-0.1098169717138103
75897,7,-0.0833333333333333
84808,52,0.1225752508361204
67942,13,-0.5555555555555556
23819,0,0.0581572642125898
54084,31,-0.0447274881516587
40970,48,0.2059496567505718
25582,5,0.2174717749398482
25304,0,0.0672509691555705
52978,52,0.0191226096737908
41188,0,0.1602564102564103
10294,44,0.1530054644808742
41241,0,-0.017509727626459
41292,0,0.1559633027522935
76927,0,-0.0094621513944221
32651,33,-0.1208576998050682
32707,52,0.1655813953488372
18016,0,0.0973404255319148
16600,36,0.048421615837346
61567,0,0.1823056300268097
52716,2,0.2236370871468365
32803,9,0.0233847637415622
42140,15,-0.1063144329896907
42439,2,0.1520440973817178
42455,7,0.1975308641975308
21792,0,0.1130091984231274
32934,0,0.083028826634186
42877,0,0.0256108330880189
42906,56,-0.0511182108626198
88795,20,0.0183875530410184
87464,7,-0.0823529411764706
38973,0,-0.0517509727626458
64258,0,-0.0524899057873485
43290,63,0.237082066869301
12570,0,0.03125
80210,50,0.1291934332619557
21928,25,-0.0548705302096177
56573,0,0.0269650028686174
43634,48,0.0595744680851064
57015,7,-0.0900692840646651
43757,63,0.0987654320987654
51633,0,0.043140028288543
12431,0,-0.0076611086074809
44274,67,0.0898345153664301
65293,48,0.1524035921817221
46463,2,-0.0331550802139037
44506,0,0.0551917680074836
59328,0,0.0413297394429468
77855,31,0.0376383763837637
44768,0,0.1028037383177571
12490,0,0.0723280033140016
40272,0,-0.0800263100197324
45277,0,0.0264824409902129
45306,67,0.2328564380858411
21573,36,0.0401222774168894
45373,0,0.1598240469208212
45437,0,0.250920568122041
45560,2,-0.0884520884520885
53065,28,0.1016574585635359
45728,4,0.0077605321507761
45955,13,0.0915624999999999
46042,48,-0.0287769784172662
46077,70,0.1411269088994209
46181,48,-0.1026072329688814
46229,56,-0.1486486486486486
52329,52,0.097880227035793
82694,22,0.1711891460494814
86804,0,-0.0425531914893617
80543,35,0.2394106813996317
22111,0,-0.0052168728573559
42534,0,-0.0340328984685194
46886,0,0.0558608058608058
46923,0,0.1047001052262364
46931,48,-0.0016058394160584
46950,0,0.0274590163934427
47002,70,-0.0442804428044281
42067,52,0.0721040189125294
47088,10,0.0505999999999999
24432,28,0.0230109204368174
12650,52,0.1082519964507542
24053,0,0.0349288486416559
47205,0,0.1668894405193814
26825,0,0.0125073285128005
47379,26,-0.0561797752808989
44134,36,0.1115904515386825
47619,0,-0.0190735694822887
47715,36,0.0272638753651413
17750,0,-0.0029692139396781
33398,52,0.4583333333333332
59045,0,0.0149525893508386
48072,15,0.0
48101,52,0.0307692307692308
48144,18,0.0743550834597877
89456,36,-0.0291970802919708
49488,52,0.1913781841933375
48267,57,0.1725806451612901
47255,0,0.0
12781,5,0.0576414595452141
48486,0,-0.0034280117531831
48523,67,-0.1419219691018589
48531,0,-0.0023854961832061
48697,13,0.3619047619047617
48961,0,0.0240346729708431
60943,36,0.1506024096385543
65330,0,-0.1073324485733244
10092,35,-0.1039548022598869
76966,42,-0.3202614379084967
50876,9,0.0
81678,52,0.0809960681520316
49905,2,-0.0130016958733748
21178,0,0.0320633723123349
26710,31,0.1771550700546189
68523,0,0.0148514851485148
56223,20,0.054735013032146
43721,5,-0.0380658436213992
76489,52,0.0573889993373093
62906,59,0.0506329113924051
59774,0,0.3167381974248926
33849,15,-0.0198807947019867
23835,0,0.1440942154485625
34067,57,-0.0121317157712305
50623,50,0.1006399069226293
66253,0,0.0155993431855501
50789,50,-0.0126473124461051
89790,0,0.1914893617021276
33937,0,0.243296641264465
51263,57,0.0285563194077207
81311,9,0.0353227771010962
15069,31,0.1277156023699803
45751,9,-0.0130482058716926
51706,4,-0.0696557245796638
34032,20,0.0181219110378911
51829,35,0.0147058823529411
35705,0,-0.0393518518518518
39538,28,0.0741333333333333
51925,9,-0.0831746031746032
51960,0,0.2792877225866916
43449,33,-0.004363880496811
89915,28,0.0696864111498258
17478,0,0.0121980970968529
81061,0,0.1061013046815042
52231,13,7.712602739726027
89813,67,-0.0220024222850221
10507,18,-0.1897498474679683
17005,0,0.0599455040871934
90051,0,0.15625
52792,37,0.0765288691492998
22752,9,0.0241850683491062
42796,20,0.0123418697932737
52919,31,-0.1186032510535821
53015,35,0.3861386138613862
53074,0,-0.0779858807987119
87437,35,0.2041884816753927
55546,0,-0.0063721784209958
89857,47,2.3661375661375663
53373,0,0.0986582478295186
53480,18,-0.0751753155680224
53640,5,0.1183673469387753
24010,0,0.0514539439317429
53859,28,0.0027188689505166
54181,0,0.0363766048502141
54253,28,0.1094969061070756
22592,0,0.0085825747724317
24248,0,0.0634426621977495
54675,0,0.006381039197812
54704,0,-0.1041548093340921
54827,0,-0.0190274841437632
76591,0,0.066208619612742
42614,5,0.0579845686228663
22779,20,-0.0632530120481928
28345,52,0.0255700686296214
65365,67,-0.034181240063593
59408,0,-0.094033031433138
84372,34,0.0742996345919611
13303,18,0.0379061371841156
90377,0,0.1159830268741159
55993,20,-0.0254237288135593
56040,0,0.045379989065063
45487,10,-0.044160942100098
80004,13,-0.1313868613138686
78900,0,0.0548872180451127
56232,13,-0.0730158730158729
25590,0,0.1783899960922235
52337,31,-0.078125
58501,0,0.171764705882353
34497,0,0.2306698652887986
56937,0,0.1602131438721137
64450,60,0.0458398744113031
24096,28,0.1100877192982454
47466,0,-0.1066666666666665
60986,18,-0.0219191427179737
21207,0,0.0750961320968106
34673,0,0.2841530054644807
57534,18,0.1624674196350999
61815,52,0.1201149425287355
64311,0,0.1309164149043302
28118,18,-0.0338153503893214
44206,0,-0.0079787234042553
38762,18,0.0106145251396649
23931,0,0.0245192307692305
58246,0,0.0255026312238564
24766,0,0.0256898192197907
58318,0,0.0239667049368539
58334,0,0.0160463561399599
34817,52,-0.0092715231788079
11406,0,0.1058201058201058
58756,0,0.0078173233276233
58836,35,0.108910891089109
34833,0,0.1047950967431801
72611,57,-0.1729323308270676
58975,52,0.0685834082060496
67029,0,0.0681003584229391
59089,52,-0.0090995260663506
23026,0,0.0405869910100475
24440,50,0.0263077393698378
13610,0,0.1155180961824491
63714,4,0.202948402948403
90705,0,0.2048875910753267
59871,67,-0.0448369565217391
60098,5,0.012405609492988
51457,0,0.0504916290193993
60186,52,0.0476610767872902
77157,48,0.0375339981867632
44230,7,0.0564705882352942
22509,25,0.0270490467655206
60506,0,0.128275570583263
13688,0,-0.0102499999999998
86136,0,0.0201164637374271
61138,0,0.0697947214076244
61146,20,0.3967310549777116
61218,0,-0.0084945729117508
61269,28,-0.0995203836930456
58675,0,0.1147132169576059
41355,0,0.0603631809643081
61496,42,0.1169230769230769
57509,0,0.2611012433392539
61787,52,0.2149581589958158
61955,10,0.2003809523809525
22517,0,0.0685131195335275
62034,0,0.0162910670648928
13856,0,-0.0033561943674303
50550,52,0.0638474295190714
27713,0,0.0893136947665307
62341,48,-0.0814834507510302
62368,0,0.1163320102731728
21936,0,-0.0372948781700646
21776,0,0.0294805802526907
52898,36,-0.0732501356483994
13901,7,0.1129999999999999
13928,0,0.080673244341265
62958,31,0.055500982318271
63125,44,-0.0474452554744526
89968,15,0.0198604401502953
24459,18,0.0055386319579064
80185,0,-0.0248896025692493
53815,36,-0.2929411764705882
49744,0,0.0787770586922562
23501,0,0.0855078281814532
63715,52,0.2709769431899216
63811,0,-0.0400091449474165
63830,52,0.0275603946920721
18163,0,-0.0149142431021626
64486,57,-0.015016424213984
55511,35,0.0248447204968944
23712,36,0.0079708494648145
25443,0,0.0286659316427781
64929,52,0.0312903225806451
64961,0,0.0252179327521793
65008,33,-0.2081993569131832
87043,20,-0.0228571428571429
27756,10,0.0353054973399966
65163,20,-0.1370558375634518
65270,36,0.0510948905109489
69649,0,0.0340632603406325
66683,31,0.1722787783868442
65700,0,0.0312846068660022
24942,0,-0.0017195560418946
58771,0,0.2537071987058505
76711,18,0.039041095890411
76282,18,-0.013741411617739
66617,56,0.1526980482204361
80294,0,-0.0130576713819369
84381,0,0.0796607044071546
35991,36,0.1445677570093457
23990,0,0.009915809167446
36003,36,-0.0012554927809165
23472,35,0.15816
89142,20,-0.2940330697340043
45495,0,0.1323416260579635
67847,0,0.0866030399434429
54818,52,-0.0819121447028423
66050,28,-0.1376604850213979
27633,52,0.0724404848838908
68196,0,0.0365277180919638
81028,0,0.15625
68233,44,0.222429906542056
54199,18,0.0329231792484203
41320,0,-0.1676136363636364
68340,36,0.2326807228915663
46340,36,-0.1375
76149,5,0.0085443037974684
68591,0,-0.0692096847875742
22840,18,-0.0503101309441764
23085,0,0.0180065939639868
25013,31,0.1080934274850624
36281,0,0.0684523809523809
85926,0,-0.0367734282325029
51625,0,-0.0369036903690369
89651,18,-0.0731204943357364
50243,48,-0.0919999999999999
88742,42,0.2079646017699115
36468,0,0.0150036153289949
49138,48,-0.1324300341296929
70536,0,0.0305156085584004
70616,20,-0.0186480186480186
65402,28,0.1683904330963153
45794,52,0.0314991504378512
60206,52,0.0440060698027313
64995,0,-0.1931205967675093
14461,0,-0.0544760582928521
71176,0,0.0506828528072835
26614,0,0.0476581758422349
63335,0,0.0906307409675444
15720,0,0.0203181905309564
71475,0,-0.0362649914334667
18411,0,-0.0276658608648937
76091,50,0.0382513661202186
58683,28,-0.0135951661631419
71782,18,-0.0754039497307001
66093,0,0.0307414104882459
63765,0,0.0479792011344835
71942,57,0.0443478260869565
71985,63,-0.038338658146965
17523,29,-0.0236051502145923
72232,48,0.0771535580524345
72304,29,0.4255319148936169
39220,29,0.3980263157894737
72494,0,0.2531645569620253
43481,18,-0.0203984819734345
43350,50,0.0070480928689882
18438,0,0.1688045151359674
72726,70,-0.0016634322151373
36898,0,0.0394001016776817
27254,18,-0.1060329067641682
72980,20,-0.0342997141690485
73139,70,-0.0043189881227826
73219,67,0.0159574468085106
14656,44,-0.0418013359189829
37022,63,-0.0866666666666665
52396,0,0.0123092072870507
47861,37,-0.018418201516793
73681,0,0.1789375582479031
73817,47,0.1051893408134643
66739,52,0.1054852320675105
43334,0,0.078125
52038,0,0.0094864245992802
37161,25,0.2723297938788256
62420,57,-0.0306122448979592
74406,2,-0.1438016528925619
15560,44,0.0539568345323742
42219,4,0.0491391678622668
92340,29,0.033033033033033
44513,25,-0.05
74908,0,-0.139655172413793
92399,20,0.0
74932,47,0.1004001455074572
57007,57,-0.055608140085187
43123,0,0.0896411448496294
44329,18,0.076238881829733
63773,36,0.2446475195822455
75257,20,0.0542635658914729
66114,7,0.2485004284490146
75460,28,0.0304717257544682
84375,0,-0.0625488663017982
51369,0,0.033860045146727
37284,42,-0.0115354017501988
79641,63,-0.1985539488320356
15579,0,0.1138545953360767
23579,0,0.0252417636453039
62092,52,0.019872127181614
38578,0,0.1337426588360917
76100,0,0.0337711069418387
50606,0,0.0476847592762956
76209,7,0.1388888888888888
14795,0,0.0132780082987553
37399,0,-0.0878504672897196
14816,18,0.0534319769831483
62308,0,-0.0205437133147976
76639,0,0.030252100840336
37460,2,0.0
76946,0,0.0075187969924812
61209,0,0.0818389752973467
55001,0,0.34375
92583,63,-0.1244167962674961
48389,0,0.0854673495518565
59600,31,0.0537992235163615
45356,0,-0.0341953408848044
76185,0,0.0891499654457497
77730,0,0.0584269662921348
17929,0,0.0376923076923076
50278,10,0.1851760039662864
79244,31,-0.0356839422259984
77893,42,-0.0212765957446807
77973,0,-0.0410526315789474
78044,0,0.0
24985,28,0.0019841269841269
48725,52,-0.433087678214753
63781,52,0.2075263737994017
89329,0,0.0698901098901099
78749,0,0.0071301247771835
92655,4,0.0484216978240881
53663,36,0.035143769968051
78829,0,0.0509669621273167
87447,0,-0.0191962436127606
79039,42,-0.021897810218978
15077,0,0.0606875360092182
79303,28,-0.0396915400317532
17830,0,-0.0197323030219399
39087,12,0.1714643304130161
79338,0,0.1480823863636362
67360,25,0.0373134328358208
81561,13,0.7894736842105263
59619,0,0.0564326503191132
16555,0,-0.2271381835176819
79573,12,0.0144927536231884
79637,0,0.0376756066411239
79776,0,0.018181818181818
43553,0,0.0177467061037914
79864,0,0.0281184564762189
80128,52,0.1663619744058502
27043,0,0.0140784982935153
81116,0,0.0212426978226236
77006,48,0.0845096241979834
61700,0,-0.0799999999999999
80785,42,-0.3032258064516129
57808,36,0.0666666666666666
15202,57,0.1178436501017148
56063,31,0.2116700201207242
86008,0,-0.0893682588597842
21231,0,0.0637195121951219
53225,18,-0.0414582074880477
24969,0,0.0340964442279589
81700,2,-0.3680203045685278
46068,0,0.0187224669603525
81702,20,0.227390180878553
42059,36,0.1237381960273524
63829,2,0.0445859872611464
63060,0,0.0227586206896552
38906,0,-0.0162798525869957
79066,48,0.6813186813186816
62498,0,0.0110850564911533
66384,52,0.2945843394273888
59467,15,0.1689873417721517
38033,0,0.0534602709630172
39917,18,-0.0242642454602379
25419,0,0.012366034624897
77053,36,-0.02947458351132
38156,52,0.0715492957746479
64135,0,0.0234871511467256
83030,28,0.001824817518248
38172,35,-0.0098360655737704
66747,23,0.0167364016736402
58819,0,-0.0034510220334483
25099,0,0.0722489037377323
42286,0,-0.0010438413361167
84403,31,0.1463136920011385
15472,52,0.012736344537815
27983,28,-0.0279169649248389
63079,0,0.2598540145985404
59483,7,0.0744615384615385
84129,36,-0.0703344120819848
84161,28,0.0265866209262435
90756,31,-0.0046798029556651
72996,0,0.2077427543896763
87426,37,-0.098810988109881
88664,5,-0.0943683409436834
87856,7,0.0474308300395256
15318,28,-0.0339582596391935
71563,28,-0.0822397200349956
80072,36,-0.0823345492443982
85586,18,0.0025726392251816
90916,15,0.0113798008534851
35917,60,0.0223266745005874
70332,47,0.1263521634615383
90537,0,0.1218905472636815
68742,0,0.0471698113207548
75216,35,0.2571428571428573
10147,0,0.1324675324675326
10100,7,-0.0588235294117646
38149,33,0.3360047491837341
87637,0,-0.0956521739130434
10028,33,0.0685643564356435
77576,42,-0.0091116173120728
10078,48,-0.1730523627075352
10138,0,-0.0109289617486338
10107,0,-0.0070126227208976
10143,63,0.0187590187590187
10200,33,0.0396396396396396
10163,7,-0.3015873015873016
89954,0,0.1404220779220779
10272,57,0.140625
10302,52,-0.0085348506401138
10299,10,0.0517734553775743
10324,0,-0.0268656716417911
12217,18,0.2032118591723284
10363,47,-0.0251035827443334
10333,47,-0.1735537190082644
10353,20,0.1577060931899641
10382,0,0.0616643929058662
10397,0,-0.0262210796915166
10404,31,0.0373443983402488
10257,47,-0.0723404255319148
76565,63,0.0883590462833099
10463,63,-0.0084602368866327
70033,23,0.0867973856209149
10371,7,-0.1616161616161615
10421,28,-0.187598528638991
10530,0,0.0891199405867062
79698,52,-0.049301919720768
10606,28,0.0554521771492371
10550,31,-0.2085889570552146
75070,15,-0.0191368078175895
10597,0,0.1099476439790576
89849,35,0.0173611111111111
68857,28,0.1786956521739129
76123,22,-0.0563068600934349
79903,20,-0.0080527086383601
10667,33,0.4933047670058916
10355,0,-0.0178048780487803
10661,47,0.0696517412935322
45225,47,0.1739947388199925
75596,31,0.2857142857142858
10693,47,-0.0477885104219624
10649,36,0.0287719298245614
79909,56,0.0011661807580176
75517,0,0.0993865030674847
10696,0,0.0358061325420375
89386,7,0.0121951219512197
10785,20,0.1628664495114007
10644,0,-0.0752941176470587
44813,47,-0.0004349086691793
89891,48,-0.1172332410475196
70500,0,-0.1048888888888888
70965,31,0.0757136946628049
75224,35,0.0942011255199413
89659,4,-0.0647118301314459
35124,18,0.0234756097560977
71191,0,-0.1260504201680672
10853,70,0.0057678442682047
10026,18,0.0143156424581005
10994,13,0.1142857142857143
10812,28,-0.004524886877828
10909,0,-0.0194510481953751
62296,0,0.0450038138825323
88779,0,0.1572327044025157
10924,7,-0.0193548387096774
75222,7,-0.2945091514143094
10860,37,-0.1578947368421052
10443,0,0.1048555623847573
10032,0,0.1718555417185554
70308,52,0.2293787658425099
85570,63,-0.114451476793249
11701,0,0.0674846625766871
71538,44,0.3070539419087135
10001,31,0.2674418604651163
11038,0,-0.2476923076923077
75215,52,-0.1233145378769307
76672,47,-0.0685714285714286
77453,44,-0.0814953271028037
11137,63,0.0089820359281438
11923,56,0.1076443057722307
10838,42,0.0352941176470589
11292,29,0.0819672131147541
11162,13,0.0909090909090908
87816,7,0.2124999999999999
64390,44,0.1028037383177569
65294,0,0.0654166666666666
11415,0,-0.1280111487159068
12173,20,0.1851851851851853
11378,33,0.2435087719298245
11403,36,0.0440251572327041
11478,0,0.0904684975767367
76310,42,0.2517985611510791
85991,63,0.1548821548821548
11481,48,0.0647973609802072
75101,44,0.260958904109589
75470,57,-0.0901992031872509
11552,0,-0.020598648213711
75107,0,0.0130226182316655
11547,50,0.0458463949843261
87514,47,0.0338028169014084
89048,0,0.0343558282208589
11600,0,0.0429637252379728
75104,36,-0.0691742325983569
11043,0,-0.049266862170088
11654,31,0.0709413369713505
11638,31,0.0848366650414431
11641,47,-0.0389027431421447
11394,35,-0.0920245398773005
75526,0,0.2901691331923888
11533,36,0.0201857085183689
11775,18,0.0198757763975154
11781,48,-0.325065274151436
75233,0,0.0139291932675564
75186,0,0.0268518518518516
89686,52,0.0444299956653662
11809,33,0.0767015309989389
11731,50,-0.046556473829201
11825,20,0.0123595505617977
75162,13,-0.0353403141361255
11910,0,0.0741138560687433
11873,13,-0.0421008403361344
75261,7,-0.1619047619047618
37217,0,0.1231924882629107
75272,0,0.0662824207492795
88197,36,0.0120288692862868
11599,0,0.039057239057239
89502,70,0.0102909865152589
10822,63,0.140625
85789,50,-0.0149812734082396
11618,0,0.0129071911493545
82107,0,-0.0503080082135523
11881,56,-0.2738095238095238
84769,70,0.0097444781290603
11898,0,-0.1346153846153847
10180,31,0.0555555555555555
11884,52,-0.1308701657458563
75182,0,0.0251342642320087
75577,0,0.0874060150375939
11908,7,-0.150943396226415
75241,52,0.2435475489346961
62084,63,-0.0979381443298968
75320,0,0.1356300997280146
75285,0,-0.0615224191866526
86168,9,0.0409482758620689
10901,0,-0.0344068813762752
75316,0,-0.031768953068592
11903,18,0.1555555555555554
11891,31,-0.0379276637341152
11509,36,0.0701693743518838
11955,0,0.0506925207756232
88283,0,-0.0926406926406926
89715,0,-0.0805326569435637
90044,57,0.0950579929399899
11752,52,0.0530425417339794
81774,48,0.0172307692307691
12149,63,0.52
12188,28,0.2954545454545454
12248,10,0.0586683673469388
12067,18,0.0928636779505946
75573,0,0.001577287066246
11917,47,-0.09245122985581
11306,13,-0.0772357723577236
11976,0,0.1536248561565019
75326,47,0.1316248256624825
11998,47,-0.1205128205128204
28223,42,0.9230769230769228
17743,0,0.0544959128065394
12226,15,0.0109289617486338
12074,52,0.03510011778563
12236,35,0.3450549450549451
87137,52,0.0223985890652556
12214,29,0.0495049504950495
12062,70,-0.0241999471039406
12190,44,0.0649999999999999
80926,0,0.296
12209,0,0.0149136577708006
75432,0,-0.028494623655914
75383,0,0.0159590043923865
11992,36,0.0049423393739702
36346,18,0.101917255297679
75672,63,-0.2533557046979865
85269,0,0.0407369498464689
75733,63,0.1744444444444444
12169,63,-0.0667789001122335
75591,50,0.0585990733169803
82540,48,0.3442906574394462
75734,31,0.1738672286617493
75447,57,0.2112820512820512
75730,20,0.3081761006289309
10375,36,-0.050574712643678
75694,52,0.0824600110314397
63467,0,0.0140625
75696,7,0.2105263157894736
75649,0,-0.105875152998776
75740,42,-0.2353191489361702
75646,0,0.0221749157353201
75607,67,0.2619047619047621
75764,31,0.0285714285714286
75654,10,0.1055555555555556
75603,57,-0.0825174825174825
10051,0,0.1016949152542372
80422,57,-0.0987049352467623
75825,33,-0.0141784181483751
75853,16,-0.3210526315789473
75854,20,0.0501474926253686
10304,35,-0.2122186495176847
76148,47,0.0458849235251275
15070,28,-0.0318416523235799
16644,20,-0.0314285714285714
92663,13,-0.1984732824427482
75556,20,-0.0131386861313868
86124,28,0.0546092184368738
11628,20,-0.1873638344226579
75831,0,0.0946601941747571
11748,57,-0.063660477453581
75828,0,-0.0246745677093451
11348,36,-0.0256410256410256
11506,0,0.1314285714285714
23799,0,-0.0609929078014184
11285,18,-0.1068012752391074
11442,0,0.0346320346320347
10769,20,-0.1055798687089715
86896,0,-0.0533542565712044
75503,70,0.174054054054054
11018,31,-0.0223517978620018
11513,36,-0.0659242761692651
87952,28,0.0077745383867833
35503,36,0.0445647646813827
11847,35,-0.0299625468164794
10563,20,-0.1188925081433224
88891,35,0.09375
10252,28,0.0023947998631543
10205,28,-0.0006249999999999
89440,2,0.058139534883721
10271,0,0.0038119440914865
90086,28,-0.0108695652173913
10290,70,0.070233196159122
10638,36,-0.0622406639004149
11652,36,-0.0714285714285714
12189,26,-0.0873015873015873
11208,47,-0.0319148936170213
75550,18,0.0003846153846154
11823,12,-0.2537080405932864
52936,28,0.0194427741030265
56611,18,0.0257639304973038
56710,31,-0.0359756097560974
10297,20,-0.0134529147982063
12068,28,0.0216247808299241
75860,44,0.4130434782608694
75856,36,-0.0968712394705175
11786,0,0.0532264693793671
10562,12,0.2235609103078983
75509,0,0.0395305744286593
81577,0,-0.0596388072238553
10932,20,-0.0030710172744722
11293,36,0.02278010227801
93105,66,0.0566037735849056
67046,66,-0.2155525238744884
11750,35,-0.1235023041474654
11593,57,0.1844919786096255
69586,20,0.0228353948620361
35685,18,-0.1318597560975608
75861,44,0.0369410239792611
83729,36,-0.0365296803652966
89207,67,0.1626632954066582
10308,0,-0.0614016952656605
77519,36,0.0034364261168384
92807,20,0.0344827586206897
12281,18,0.0158878504672896
83469,37,-0.0037715517241379
86814,36,-0.0296899632159748
86384,0,0.0178699070764831
10781,18,-0.0535714285714286
84725,18,-0.014375
83642,60,-0.0071868583162217
76037,20,-0.0994764397905759
76331,2,-0.1037955073586367
83641,36,-0.05625
75773,20,0.039951573849879
87759,0,0.0075125
86566,18,-0.0890173410404623
88797,36,-0.0723270440251572
12166,12,-0.0528455284552845
10913,36,0.0106122448979593
77643,0,-0.0987951807228915
77379,0,0.029874213836478
11006,2,0.0834409713252388
77889,28,-0.0090666666666667
88976,36,0.072039072039072
39766,35,-0.2814814814814814
11565,18,-0.0496760259179265
75714,42,-0.0921348314606741
76359,0,0.0589022757697457
81620,10,-0.1576738609112709
75912,0,0.0774526678141136
85299,18,0.0274796049806784
77181,36,-0.0164271047227926
10002,20,-0.0736648250460404
89738,20,-0.0971184631803626
76000,13,-0.1530612244897959
77415,28,0.0763827919227391
90561,36,-0.1028792134831461
83155,26,0.0019960079840319
79851,36,-0.2258459029759478
77798,25,0.0030263726761781
89211,36,-0.053970223325062
11844,28,0.0192947438456421
89141,0,0.0247464503042598
76266,18,-0.0672279963162741
91855,0,-0.049359575132771
90136,36,0.0192878338278932
85726,63,0.2888888888888887
75906,20,-0.2340848806366047
77236,52,0.07570365577483
76060,0,0.0846153846153845
11056,42,-0.2727272727272727
77528,0,-0.0457880833577928
79747,0,0.0464509394572025
75755,29,0.2533333333333334
89828,67,-0.0413739266198283
11397,28,-0.0210918114143919
90058,18,-0.0167602816360206
76013,16,0.0483018867924529
89903,48,0.0762331838565022
20395,18,-0.0766550522648084
76023,0,-0.0131578947368421
84516,36,0.0194285714285715
63562,0,0.2488038277511963
77300,0,-0.1490645745322872
75930,48,-0.1427419354838709
76215,47,-0.0891959798994974
76371,67,0.0284644194756555
87652,20,0.0891089108910891
76082,0,0.0575741618395646
76095,63,-0.1767728674203494
76374,31,-0.0665280665280664
89631,13,-0.0322580645161291
85671,4,-0.0298507462686566
76391,0,0.1543689320388348
76963,7,-0.1153846153846154
76127,0,0.3234932349323491
76128,9,-0.0638474295190714
76435,20,0.0249999999999999
11396,10,0.0
76336,35,-0.1683673469387755
76135,0,0.0661807580174929
78981,70,0.0723633564280215
76138,52,-0.13404360753221
76139,52,-0.0353028613898178
76415,63,-0.0405940594059406
76868,0,0.1626106194690266
88965,20,-0.0747330960854093
79584,36,-0.0604026845637583
89655,52,0.1281004709576136
76383,7,0.0169491525423728
76392,0,0.0822569680489462
89885,31,0.0673234811165846
76372,0,0.1478689475210206
76887,5,0.0898058252427185
76544,20,-0.1327300150829562
83566,16,-0.5087301587301587
76195,4,0.0935153583617747
83671,36,0.1437549096622152
89485,0,0.0507058484586573
76202,36,0.0866062437059416
76367,22,0.1640211640211641
76201,0,0.0981025433992732
87053,35,-0.1926605504587156
79259,0,-0.0994295028524856
76207,35,0.0435356200527705
84911,67,0.043076923076923
85685,44,-0.2030848329048843
76360,57,-0.0199999999999999
89369,7,0.8190476190476188
90069,42,0.0086455331412103
81651,2,-0.136
90053,0,0.0743608810482319
77486,35,0.5333333333333332
76240,57,0.0682702511496284
76330,48,-0.1756756756756757
76230,10,0.2150045745654163
76461,47,0.015625
76223,60,-0.0431034482758621
89948,10,0.188034188034188
11644,52,0.2607166410200043
76261,0,-0.033195020746888
76224,36,-0.000562429696288
76265,0,0.0852283584941715
89100,20,-0.00390625
77256,18,0.1330182309250507
76477,0,-0.0129114384433534
76478,0,0.1063144329896905
79037,18,0.0207499089916272
89148,16,0.0064308681672025
78071,12,0.25
76529,36,0.0026737967914438
76515,0,0.0503191888847165
76504,2,-0.0979472140762462
76507,29,0.0178571428571427
83551,36,-0.0215897939156034
76553,7,0.144638403990025
76879,35,0.139344262295082
90099,31,0.0792349726775956
88284,0,-0.0399680255795363
76577,16,-0.1179078014184396
76582,31,-0.083645035048414
76584,67,0.2016129032258062
76613,52,0.0288763339610798
76614,0,0.0142711518858307
77004,0,0.1912568306010929
76619,67,0.0290632684998883
76978,63,0.8492063492063493
76622,7,0.2056737588652482
76624,57,0.0952380952380953
76625,0,0.0849222880948565
76644,48,0.1218578109775903
76653,44,-0.0437003405221338
76888,0,0.072289156626506
76837,0,-0.0152018172287261
76638,4,0.0625394819962097
76661,3,0.2003395585738541
76686,35,-0.1772300469483567
76695,0,-0.0061232300038269
89045,66,-0.4684210526315789
76856,31,0.0370619946091643
76699,0,-0.0108695652173913
76706,42,0.2147838214783823
76709,31,-0.0507518796992482
76710,50,0.2094861660079052
76934,47,0.0315789473684211
76712,0,0.1221198156682028
76714,0,-0.001764705882353
76721,0,0.0945288753799391
76684,50,0.0780227768354737
76960,36,-0.0216189039718451
76732,63,0.0053602058319039
76736,31,0.0193081255028158
76980,0,0.0204582651391163
88031,47,-0.1172647640576434
76744,47,0.1218652037617553
76750,4,0.123030303030303
76945,0,-0.0066115702479339
76795,0,0.0231292517006802
76792,0,0.08837525492862
76796,13,-0.424892703862661
76869,31,-0.0612244897959183
76798,57,0.0403624382207579
79500,42,-0.0555555555555554
76999,37,0.0079887218045111
76892,0,0.0197898423817861
81564,0,0.0941908713692945
76841,0,0.03394298896029
76845,2,0.0027842227378189
76846,7,0.4075704464552594
76843,31,-0.0387499999999999
77018,35,0.0376306620209059
89213,0,-0.0308928019771391
77235,20,-0.108108108108108
77037,0,-0.0169381107491856
85426,4,-0.0408507765023633
77202,48,0.1067125645438897
77087,35,0.3693009118541033
77103,0,-0.0658092175777063
77090,0,-0.037584323803405
77117,35,0.0238663484486871
77114,52,0.1229050279329608
77182,48,-0.1068553305684313
77191,0,0.2513014671083768
77175,48,0.3955696202531644
77178,0,0.1238712664968744
77259,0,0.1594896331738438
77262,48,0.2257575757575758
77264,31,0.1519216823785352
77271,0,0.0130111524163569
77274,0,0.0687789799072644
77292,2,-0.226998491704374
77279,0,0.1534536891679749
77282,36,-0.050131926121372
77281,42,-0.1115196078431373
77289,42,-0.0198019801980198
77340,47,-0.1710526315789473
77338,5,0.0470057952350291
77347,4,-0.0105820105820104
77366,0,-0.0756914119359535
77461,63,0.1190140845070424
77413,4,-0.011049723756906
77418,23,0.0693602693602695
77421,0,0.0706655710764174
77425,36,0.0484003281378178
78147,20,-0.1190864600326263
77443,7,-0.0514018691588786
77437,2,-0.0662251655629139
77447,0,0.0143312101910828
77496,0,-0.0145688410552565
77768,52,0.041068886211806
77502,20,-0.0291262135922329
77507,59,0.1
77515,37,0.0167785234899329
77520,33,0.0049891900881422
77521,12,0.0697050938337802
83738,28,-0.0578291814946618
77582,47,0.2347560975609757
77585,67,0.0193430656934308
77599,13,0.1333333333333333
77610,0,0.0283975659229209
77605,0,-0.0030007501875469
77649,0,0.091663659328762
77629,0,0.1014120667522464
77630,9,-0.2420749279538905
77660,0,0.3563636363636364
77668,10,0.0298486146815195
89810,0,0.067857142857143
77683,52,0.0448717948717949
84776,48,0.0567164179104477
77702,29,0.1207640172520025
77790,57,-0.05087782156933
87505,0,-0.0955284552845527
90352,52,0.0928074245939676
77763,52,0.2097791798107253
77778,35,0.0280373831775702
77780,42,0.5533980582524272
77783,20,-0.0763660302830809
77785,0,0.0022123893805308
77787,0,0.0859796285200718
85759,52,0.0436893203883494
77868,10,-0.1381709741550696
77892,63,-0.0432098765432099
77898,20,-0.1624883936861653
77900,57,-0.0124999999999999
77902,37,-0.1148917366327882
77918,0,0.0280195865070729
77917,57,0.1863442389758178
77971,60,0.1490984743411927
77967,13,0.6546762589928057
77976,5,0.0902255639097744
77982,9,-0.1536113936927772
84315,47,-0.0264026402640262
78001,35,-0.0098280098280097
78018,42,-0.0172413793103447
78008,20,0.0725
78009,36,-0.0163618864292588
78015,0,0.02760555063478
78186,33,0.0659287776708372
78038,13,0.0611111111111111
78051,48,0.2004716981132075
78062,47,0.1334833145856766
78077,0,0.0249233128834356
78068,20,-0.031045751633987
78073,47,0.5401069518716577
78081,12,-0.1333333333333333
78082,56,-0.1204081632653062
78210,42,0.1999999999999999
78179,29,0.1337579617834394
78189,0,-0.0234375
78197,25,0.1706568446899938
78139,0,0.3514588859416445
78172,36,-0.0346451395896401
78170,0,0.1655992680695335
78208,7,0.0806451612903227
78211,48,-0.0422535211267605
78137,0,0.0454705675008813
78804,15,-0.0564554175184778
78156,33,-0.2149786573535118
78193,29,-0.2156028368794326
78213,9,0.2262135922330097
78195,36,0.1202302280963547
88944,28,0.0170556552962297
78841,33,0.1358024691358024
86889,7,0.8642659279778395
78908,42,0.1056603773584907
79033,20,-0.1454545454545454
78875,57,-0.0223076923076922
78889,0,0.0808270676691729
78876,52,0.0903954802259887
78915,0,-0.0108949416342412
78916,0,-0.0798969072164949
82640,48,-0.1595273264401772
79065,44,-0.1377777777777777
79006,48,-0.1717171717171717
48653,0,0.0682151077631303
78955,20,0.0282702443699089
78990,15,-0.1406360424028269
78950,0,0.137033398821218
78987,0,0.0024489795918367
78977,15,-0.1205440900562851
79072,18,-0.0068602789846786
79089,52,-0.1139983235540653
79080,0,-0.0643918547055587
79108,35,-0.0322580645161291
79131,60,-0.0076530612244899
79116,36,-0.0311581422692533
79133,0,0.0129105322763307
79103,28,-0.0942154485625217
88597,0,0.048780487804878
78910,52,0.0539906103286385
79150,15,0.0128055878928987
79166,28,0.0116731517509727
79198,52,0.1094583216390681
79159,48,0.4918499762620667
79164,12,0.0
79237,48,0.0185134261146462
79323,67,0.0115170770452739
79247,44,-0.3032786885245901
79299,0,0.09
79248,33,-0.1539509536784741
79249,20,0.0958333333333334
83659,22,0.0502008032128513
79336,57,-0.1880281690140844
79265,0,0.1482668220215555
79313,20,-0.054726368159204
90092,0,0.0920152091254751
79390,12,-0.1774193548387096
79444,33,0.1089596324253363
18649,52,-0.0037113402061854
79417,42,0.3350253807106598
79382,60,0.0299625468164792
79399,52,0.1865671641791044
79666,63,0.1538461538461537
79467,10,0.0406553398058251
79507,20,0.04607250755287
79472,31,0.0193548387096773
79499,0,-0.3202614379084967
79545,28,0.0520854526958292
79528,52,-0.0679450757575759
88568,0,0.1484674329501916
79502,2,0.0275516593613023
79529,42,-0.0265151515151516
82763,31,-0.1285714285714286
79491,0,-0.0226628895184135
81103,42,0.9761092150170648
80069,42,-0.0783582089552238
79564,31,0.1555555555555554
79617,31,0.0100325379609542
79588,10,0.3403726708074532
79568,4,-0.0083798882681564
79607,35,-0.2764612954186414
85913,23,-0.0405247813411079
79628,57,0.1227208976157083
79668,0,0.2415530527563723
79731,67,-0.0099009900990099
79712,7,0.0637254901960784
79724,52,-0.2059897735573411
79758,35,-0.1493333333333333
79686,48,-0.0097777207374721
79703,63,-0.1194029850746269
79689,0,-0.0488431876606684
79740,13,-0.0307017543859648
79734,20,-0.0067340067340068
79704,35,-0.0654205607476635
79721,13,-0.2925103683825323
79702,13,-0.1923076923076924
79824,0,0.0180040008890862
79857,0,0.1267000715819612
79828,35,-0.1666666666666667
79906,33,-0.1050691244239629
79790,7,0.4089219330855018
79862,42,0.5435406698564593
79839,33,0.048345509239364
79795,4,0.0378567268491554
79878,67,-0.0224719101123596
79802,20,-0.0576923076923077
79846,35,0.2377622377622379
79915,0,0.0408163265306122
79841,0,0.0868289821061893
80223,35,-0.0935483870967742
79879,16,-0.135569531795947
79796,36,0.0067510548523206
79850,13,-0.1520467836257309
79884,66,-0.0999999999999999
79799,0,0.0166440217391303
79859,0,0.099089448312801
79885,28,0.015625
79977,2,-0.1022900763358778
80023,23,-0.1821192052980131
79994,63,-0.1371428571428571
80034,18,0.0835536753040717
80049,52,0.0106221547799696
80080,0,0.042312925170068
80001,7,0.1410256410256409
80012,7,0.456140350877193
80007,18,-0.0363636363636363
80050,48,0.3534743202416919
84723,13,-0.4969199178644763
80000,20,-0.0136986301369863
79965,20,0.0566037735849056
80079,0,0.0703270632096255
80054,57,0.2289915966386555
80167,0,0.1657212317666125
80113,22,0.1078717201166181
80112,35,-0.0383771929824561
80159,31,0.0380622837370241
80165,31,0.1273291925465838
80135,20,0.0182186234817813
80279,20,0.0446137105549511
76697,0,0.0583817002389894
80236,44,-0.3648134044173649
80258,63,-0.111111111111111
80204,0,0.0668312305723166
80254,18,0.1374117647058823
80245,52,-0.2949308755760368
80257,35,-0.1278195488721806
80191,0,0.1887195936915264
80193,13,-0.3721770551038843
80237,47,0.031111111111111
80266,0,-0.0106516290726818
80353,0,-0.0169491525423729
80361,52,0.0518715001473621
80306,7,-0.1967213114754098
80375,33,0.2691406249999999
88681,52,-0.0008529512111906
80343,28,0.2958167330677292
80316,0,0.121405750798722
80362,15,0.1998398077693233
80368,48,0.0947930574098796
80310,0,-0.0769230769230768
84584,0,-0.0170380078636959
80336,36,0.1102222222222222
80357,20,-0.1136023916292975
80303,48,0.1309334182860784
80479,2,0.0174235807860261
80439,22,0.0753275109170306
80485,3,0.2063492063492062
80482,42,-0.2228637413394918
80434,5,-0.0377358490566038
82541,10,-0.0089743589743589
80415,0,-0.0118522601984564
80478,0,-0.0806451612903226
80446,0,0.1423035522066738
80539,7,-0.0746887966804979
46392,0,-0.1276419394944052
80568,0,0.106253794778385
80587,47,0.1379962192816635
80585,33,0.0449029126213591
80569,23,-0.1130434782608695
80534,35,0.0739856801909306
80498,36,-0.0734312416555407
80557,48,0.1641137855579868
80577,0,-0.1547619047619047
80560,42,0.1936339522546419
80563,0,0.0866104868913857
80575,18,-0.0003789314134142
80679,18,-0.1896103896103896
80621,5,-0.0556988138215575
80625,20,-0.0854545454545454
89099,0,0.0969325153374232
80670,7,-0.1202346041055718
80633,60,-0.249438202247191
80768,67,-0.076470588235294
80759,0,-0.037014563106796
80828,0,-0.0079787234042553
80791,0,0.0519864750633982
80820,31,0.1805555555555553
80797,28,0.0698974836905872
80795,52,-0.0191119691119689
80812,13,0.2383419689119172
80804,48,-0.033469387755102
80808,26,0.0
80816,36,-0.1252048508685677
80837,34,0.0517241379310344
80858,63,0.3291139240506329
80928,48,0.0550098231827111
80924,29,-0.0194552529182878
80955,52,-0.0958983645990295
80864,0,0.1182954919381376
80913,0,0.0232206909571457
80943,20,0.0350515463917526
80951,18,-0.0493273542600897
80915,48,-0.1737864077669904
81010,0,0.1198559670781891
80960,4,-0.1911111111111111
80969,35,-0.1727748691099476
80990,35,-0.1562499999999999
81084,48,0.3480392156862744
81095,28,-0.0492248062015503
81109,0,0.2251363636363634
81119,13,-0.596
88937,63,-0.2068965517241378
81055,15,-0.0920754716981132
81182,20,0.0982785928161018
81142,0,-0.0973084886128363
81162,0,-0.0224032586558045
81184,52,0.0313643491897543
82248,7,0.328125
81173,0,0.0119887165021157
81128,0,-0.0525697886772763
81148,36,0.158148505303761
88865,35,-0.0844062947067239
86993,7,0.1244239631336405
85205,4,-0.0275590551181101
81220,0,0.1111111111111111
81206,35,0.0789473684210526
81241,36,-0.0164092664092664
81275,28,-0.0498301245753113
81256,28,0.0374149659863944
81259,20,0.0374639769452449
81293,33,0.1861275705820844
81292,36,-0.021121351766513
81278,36,0.0159804983748643
81298,36,0.0039344262295082
81501,0,0.0795377294357579
87532,10,-0.0094836670179135
83458,15,-0.0187764990914598
81540,0,0.0192355117139333
81566,33,-0.0159695817490495
81541,36,-0.0080139372822299
81546,36,-0.021606648199446
81560,36,-0.0664423885618167
81530,13,0.058614564831261
81588,20,-0.0070921985815602
81533,18,0.0434782608695651
81539,48,0.10752688172043
81565,0,-0.0588235294117647
81562,31,-0.3478753541076487
81584,0,-0.0394588500563697
87476,18,-0.0134482758620689
81624,0,0.0578687367678194
81647,13,-0.0821917808219178
81621,0,0.1632406287787182
81705,25,0.071787837219936
81736,0,-0.0865027829313542
85332,0,-0.0133757961783439
81740,28,0.0204778156996587
81741,2,0.0714285714285714
81756,35,0.1999999999999999
81670,47,0.0404069767441861
81857,0,0.0812512695510867
81696,0,0.1766085790884719
81666,48,-0.0792452830188679
81728,7,0.3272727272727271
81665,52,0.2112499999999999
81691,33,-0.0363636363636363
81677,52,0.0860541044776119
88719,20,-0.0724832214765101
81776,48,0.0903604891218039
89611,42,0.0206766917293232
81893,18,-0.0146904512067155
82251,0,-0.0586993243243243
81901,56,-0.084507042253521
82231,31,0.0731707317073173
81850,63,-0.2383736263736263
81869,48,0.048780487804878
81889,35,-0.1207897793263645
82155,13,0.2559523809523809
82171,3,0.04857621440536
81925,48,0.3435114503816794
82212,0,0.1239368165249088
82179,0,-0.0082605617181966
82176,31,0.0112359550561798
83631,0,-0.0222222222222222
82191,63,-0.1745762711864407
85832,20,-0.1459143968871595
82234,31,-0.1041666666666666
82281,63,-0.022016222479722
82272,0,-0.2086151132019994
82266,63,0.1372930866601753
82287,63,0.0
82261,36,-0.0098159509202454
82242,13,-0.0625
82504,34,0.0732919254658384
82508,33,0.1656234954260953
82471,42,0.4591836734693877
82298,52,0.0879515190176221
82518,48,0.1457446808510638
82515,0,-0.0558863948694456
82507,57,0.0407149950347567
82521,20,0.0636267232237539
85374,36,0.0265444015444016
82501,7,-0.3351028533510286
82307,0,-0.0101125739362716
82575,0,-0.1578703703703703
85032,31,-0.060077519379845
82581,0,0.0063211125158029
82618,31,0.0450350682908822
82649,18,-0.0781744238590149
82544,0,0.0249999999999999
82552,42,-0.4274702172389628
82643,44,0.1742593182542211
82546,0,0.0780230807827395
82547,0,0.1314285714285714
82642,5,0.043630782723087
82651,0,0.0009762447120078
86042,2,-0.0489938757655293
82634,52,-0.1020316027088035
82638,0,-0.1387423935091277
82573,0,0.0051229508196721
82587,57,-0.1340361445783132
82635,67,0.2329084588644263
82607,0,-0.0318897637795274
82554,13,0.0499999999999998
82599,52,0.1051269990592662
82762,35,-0.1547619047619047
82734,18,0.1499118165784831
82720,0,-0.0072910824453168
82686,0,0.0451908396946563
82759,48,-0.0276134122287969
89736,0,0.04
82727,42,0.3031550068587105
82717,0,0.0075445816186556
82768,29,-0.1285714285714285
82755,35,0.0555555555555555
82664,16,-0.2231481481481481
82766,18,0.1117021276595744
82775,31,-0.0028062298302231
82699,67,-0.189086980010805
82747,7,0.4749999999999998
82800,52,-0.0394736842105263
82812,29,0.0740740740740741
82837,0,0.0673587638821824
84067,42,-0.057142857142857
84578,60,-0.2291381668946648
82824,48,0.0869565217391303
82825,7,-0.1780415430267061
82839,0,0.1541666666666667
83875,52,0.0559862187769164
86122,33,0.0218905472636814
85376,7,0.0134228187919462
83113,0,-0.0210830004438526
83131,48,0.0530831099195712
86098,42,0.1327433628318586
87832,4,-0.0932203389830507
85838,0,-0.0304761904761905
83529,56,0.2769953051643194
84825,20,0.1098265895953756
83145,13,0.3964497041420118
83151,13,0.5128205128205128
87471,0,0.5774647887323945
83149,7,0.0312499999999997
83120,0,0.0070646414694455
88979,23,-0.077304964539007
83123,0,0.053274139844617
84397,20,-0.0460526315789473
87005,7,0.7209302325581395
37381,29,0.0576131687242797
83111,48,0.0137823245240125
83124,4,0.0975206611570247
83374,0,0.1623376623376622
90049,66,-0.0517241379310343
82859,2,-0.0833333333333332
83303,47,-0.1919999999999999
84157,47,0.0465116279069768
83307,0,0.0433884297520661
83152,48,0.248
83143,18,0.093192573716782
83272,0,0.103701437748547
83317,42,-0.106761565836299
88163,7,0.0297619047619048
83291,0,0.0514786418400874
83283,0,0.0793650793650793
85406,12,-0.1418439716312056
83304,48,0.0313131313131314
83244,33,0.0535430798094962
83762,7,0.0450746268656716
83390,0,-0.1215139442231074
83373,18,-0.0849054634275335
83413,0,-0.0730337078651686
83435,9,-0.0237139730025537
84215,36,-0.0283490828237908
83414,36,0.0384313725490195
83421,15,-0.0641135972461273
83366,0,0.0033662949715969
83362,20,-0.077634011090573
83377,57,0.1876347951114305
83386,63,0.1428571428571428
83382,20,0.0333333333333334
83405,0,0.1125
83422,0,0.2460890493381466
83520,0,0.0046828437633037
83504,20,0.0355371900826446
88596,63,-0.10421875
86744,35,0.4319999999999999
83499,47,-0.1054909090909089
83509,33,-0.0615624999999999
83462,52,-0.0279187817258883
83534,13,-0.0920810313075506
83452,0,-0.1198738170347003
83503,0,0.084863321093431
83575,7,0.4021739130434782
85714,12,-0.2838541666666666
88811,29,0.0940170940170941
86091,0,-0.0928305014504765
83616,56,0.1054078826764437
83690,0,0.0006653359946773
83632,13,-0.2790697674418604
83592,13,-0.1499999999999999
83651,12,-0.0892405063291139
83664,0,-0.030192131747484
89202,36,0.0473372781065086
83621,0,0.1757394978871489
83654,31,0.0454545454545451
83661,0,0.1440582959641256
83602,0,0.1160409556313992
83677,0,-0.0465116279069768
89524,20,-0.1008645533141211
83683,35,-0.0099540581929556
83740,7,-0.2754491017964071
83720,0,-0.0303358613217767
83779,70,0.1655629139072847
83800,15,-0.0588235294117647
83799,52,0.076525337928806
83756,42,-0.0995762711864406
83916,0,0.1269079808111644
83879,23,0.0584218512898331
83832,0,-0.053448275862069
83844,20,0.1312499999999998
83908,57,0.1756756756756756
83893,20,0.0396695900469101
83862,66,0.0301507537688441
86300,20,0.1515384615384616
83910,63,0.148849797023004
83884,0,0.4031945066427822
83906,9,0.0921693518171598
83885,63,0.1019108280254776
83903,20,-0.0560828300258844
83831,36,0.0252100840336133
83934,20,0.0417287630402385
83929,35,0.1232876712328767
83969,0,-0.0997547015535569
83928,0,0.1896883416698731
83944,7,0.008
88436,25,-0.0076520338300442
83950,7,-0.0575916230366491
83961,18,-0.0706407563025209
83982,36,0.0963026655202063
83965,0,-0.1390284757118928
83953,42,-0.042
84069,36,0.07
84140,67,-0.0484300159659393
84030,63,0.1824817518248174
88905,63,-0.0340909090909091
84023,0,-0.0211267605633802
84026,57,0.0163398692810456
89758,18,0.0248058252427185
84103,10,0.0014910536779322
89425,36,-0.0376904570970328
84062,36,-0.0803443328550932
84120,31,0.0736842105263158
84636,60,-0.0170239596469103
84058,36,0.0310206804536357
84020,0,-0.0206060606060606
85996,20,-0.0407523510971787
84042,9,-0.0019111323459148
84010,56,0.3051282051282051
84060,0,-0.0154958677685951
84041,0,0.0563954475963988
84032,0,0.2172388604821036
84057,0,0.086523988304296
84031,7,-0.1439688715953306
84056,33,-0.0516528925619834
84168,0,0.0658436213991768
84146,47,-0.088888888888889
84203,0,0.0144284128745839
84280,0,0.0992366412213741
85668,63,-0.0349726775956285
84281,47,0.046943231441048
84162,36,-0.1076923076923077
84172,0,-0.0440602342442832
84262,57,0.0358680057388809
84210,0,0.0475034674063801
89801,36,-0.0713513513513514
84348,28,-0.0253393665158372
84325,15,-0.0541871921182265
84330,7,0.4761904761904763
84311,7,0.0985714285714287
84365,0,0.0218009478672984
89268,35,-0.2532467532467533
84342,36,0.0147965474722566
84291,0,-0.0226975120034919
84364,52,-0.0216016231053824
84302,0,-0.3448275862068966
84320,52,0.051660516605166
84373,0,0.004583499402152
84319,7,-0.241111111111111
84351,7,0.2195121951219514
84309,66,-0.0313253012048194
84331,18,0.0454838709677418
86440,44,0.0837378640776698
85176,48,-0.003149987884662
88984,0,0.0455820476858346
84438,52,0.3290258449304175
84441,13,0.0802919708029197
84385,0,0.0660557464681175
84426,13,-0.1440677966101694
84413,63,-0.2070626003210273
84511,13,-0.0224999999999999
84559,0,0.312807881773399
84531,67,0.0680051813471502
84562,47,0.0235748897479173
84561,5,0.005189028910304
84563,0,0.0741366366366365
88424,36,0.0112762685802152
84546,0,-0.0444444444444445
84555,13,-0.0625
84571,4,-0.1382113821138212
84624,36,-0.1425855513307985
84604,13,-0.2397435897435897
84530,7,0.0076628352490422
84606,0,0.1063348416289591
84389,0,-0.0197232852516927
84738,0,-0.054054054054054
84737,52,0.0465351542741527
84749,36,-0.1378692927484331
85211,13,0.6521739130434783
84607,63,0.2718446601941748
84656,0,-0.1072828216851731
84734,12,-0.2238562091503267
84792,47,0.5434322033898307
84780,15,0.1390168970814131
84827,47,-0.1001742160278745
88653,0,0.0231788079470198
86075,20,0.0807899461400358
85204,48,0.013822331791363
85035,29,0.1869436201780414
85002,56,-0.0666666666666667
85075,63,-0.0181818181818181
85072,0,0.1246176139108032
85034,20,0.0437837837837837
85067,0,-0.0303270042194092
85013,35,-0.1363636363636363
85047,35,-0.1229281767955802
85077,36,-0.0827147401908801
85020,20,-0.0397350993377483
85059,0,-0.0147058823529411
85168,0,0.1180897250361796
85187,47,-0.1383647798742138
85177,63,0.0265486725663717
85173,5,0.1947318908748825
87364,20,-0.0590909090909091
85175,47,0.1085714285714285
85158,57,0.7615062761506277
89022,20,0.0638841567291312
85245,20,0.3414634146341464
85198,18,-0.0232464929859719
85246,0,-0.0910965081819352
85680,20,0.0430861723446893
85231,33,0.153522607781283
85216,31,-0.1171428571428572
85255,0,0.0068252326783866
89038,0,-0.0261655508216677
85223,63,0.1728395061728393
85280,48,0.0546542762639783
85291,0,0.0934684684684685
85320,0,0.135
85319,52,-0.0123829658713379
85298,47,-0.1147809791520262
89825,35,0.1402508551881411
89898,0,0.0165631469979297
85401,47,-0.1173020527859238
85349,31,0.002008032128514
90012,0,0.2433155080213902
85333,2,0.1904761904761904
85348,57,-0.0240904621435593
85372,52,-0.1864358683314415
85625,7,-0.0734966592427617
85354,33,0.1176470588235294
89270,20,0.0256410256410257
85353,9,0.0633001422475105
89292,20,0.0726256983240225
85356,0,-0.0818030050083472
85395,0,-0.0168421052631578
85453,36,-0.0053050397877983
85486,9,0.1286173633440512
85611,36,0.1405152224824357
88367,18,0.0779783393501805
85418,28,-0.0789632308619651
85502,31,-0.0132890365448503
85516,35,0.0167224080267558
85482,0,0.0680341880341879
85440,33,0.1482498284145503
85488,0,0.031083844580777
88635,20,0.041713845735767
85517,0,0.0046390258045809
85432,67,0.0680203045685279
87139,18,0.1503067484662577
85500,20,-0.0806451612903226
85424,52,0.0206438068579426
85445,28,0.0700757575757575
87114,12,-0.1556224899598394
85457,63,-0.3459915611814346
89615,15,0.042
87837,33,0.0051282051282051
85427,31,-0.0239880059970015
85419,28,-0.0552291421856639
85496,52,0.0997652582159625
85540,33,0.0660767590618336
85590,4,0.1385642737896495
85621,0,0.08859962208692
85627,31,-0.0808279940857565
85539,13,0.1652173913043479
85571,29,0.2160356347438752
85622,7,-0.0895999999999999
85798,20,0.0230000000000001
85593,0,0.0318099456412321
85549,13,4.909090909090908
85567,0,0.1654616814707705
85576,0,0.1850649350649349
85522,48,0.1198630136986302
85526,18,-0.1666666666666667
88161,16,0.2176696542893725
85564,63,-0.0335570469798658
85565,29,0.0061728395061726
85686,63,0.2048929663608563
85725,36,0.0087719298245614
85675,0,0.0681284259984338
85559,35,-0.1518375241779497
85707,47,0.1098039215686275
86162,13,-0.0869565217391303
85645,52,0.0135834411384216
85710,0,0.0468399101700354
86017,0,0.0418604651162792
85716,37,0.0695876288659795
85647,7,0.0614101592115239
85663,67,0.0928874734607219
85653,13,-0.2289156626506024
85728,18,-0.1037234042553191
85883,0,-0.0258449111470113
89938,15,-0.0127659574468085
86419,20,0.1002892960462875
87138,13,-0.1666666666666666
85731,36,-0.0986140724946695
85751,35,-0.0161290322580645
85656,28,0.0970996216897857
85880,0,0.0815036593479707
88183,20,-0.0301507537688441
89958,3,-0.3080241587575496
89498,36,0.0588235294117647
85744,10,0.1030741410488245
85753,0,0.1106796116504855
85768,47,0.0914524805738195
85724,0,-0.0923076923076923
85755,15,0.006036217303823
85738,35,0.1059850374064836
85770,18,0.0315518351577592
85792,52,0.2072343632253201
86497,18,-0.0380840204161758
85839,18,0.1759999999999999
87024,20,-0.2008830022075055
85966,20,-0.1707407407407407
85886,57,0.4578313253012049
85889,10,0.0083202158758715
88384,20,0.0404624277456646
85931,52,0.0443000590667455
85903,35,0.0647709320695102
85804,9,-0.1031798941798941
85739,13,0.6428571428571428
85865,36,0.0206611570247934
88203,47,0.2844400396432112
85923,35,-0.0999999999999999
85864,13,0.1914893617021278
85963,0,0.1051617873651771
86003,0,-0.0366886171213547
86102,0,0.0994623655913979
86111,0,0.0529709811146936
87014,18,0.0194354465525221
85860,36,-0.0694444444444444
85863,28,0.044327931363203
86570,12,0.0548654244306416
87580,7,-0.2025316455696203
87488,18,-0.0516196447230929
87501,2,-0.2093227792436235
87508,0,0.1563786008230452
88820,25,0.0481746330447874
88482,63,-0.0937500000000001
89278,23,-0.0458195559754369
89530,35,-0.1387399463806971
88951,23,-0.0362962962962962
80638,63,0.0178571428571425
87538,42,0.1204481792717087
85939,0,-0.0853530031612224
85951,33,-0.0713333333333333
85953,42,-0.1265822784810127
85976,12,-0.0706605222734254
85980,60,-0.0337197049525817
85995,13,-0.1955252918287938
85959,42,0.0362068965517241
85978,20,-0.08125
86302,18,-0.0995475113122171
87614,0,-0.0484183344092963
89821,36,0.000731884057971
85992,0,-0.0234525182622069
86047,0,0.1162303664921464
90331,60,-0.0875634517766497
86073,63,0.2662538699690402
86062,63,0.0043103448275862
86034,0,0.0803602355386214
86026,9,0.207454634624816
86021,0,-0.0364288918797667
86083,44,-0.0451388888888889
86097,0,0.0236981602743997
86051,0,-0.0273684210526315
86113,9,-0.1313131313131313
86048,0,0.3266331658291457
86196,52,0.1537053979871911
86128,35,-0.1412280701754387
89815,35,-0.0886075949367088
88341,37,-0.0366666666666666
86198,13,0.148936170212766
86211,0,-0.1027837259100642
89279,18,0.0368421052631577
90091,23,0.1341463414634147
87404,63,0.0078878177037686
86109,13,0.1336116910229645
86150,44,0.144144144144144
87318,20,0.0108597285067872
86157,20,-0.0477047704770476
86158,63,0.0939534883720931
87067,0,0.0598695909899227
86249,52,0.1713722915298752
88836,63,-0.1094527363184078
87564,13,-0.1090909090909091
86199,18,-0.1516129032258064
89527,15,-0.0329505741387917
86155,35,-0.1101694915254237
86176,15,0.0926517571884983
86178,48,0.0885416666666667
86180,44,-0.158590308370044
89578,36,-0.0241860465116279
86288,0,-0.0218978102189781
86228,0,0.0358603334381881
88257,0,-0.0206593406593406
89643,37,-0.0860793544048419
86240,63,0.0130434782608694
87131,0,-0.0481026189203636
86299,15,-0.2606577344701584
86236,57,0.2186732186732185
86250,36,0.1181818181818181
88516,63,-0.0822942643391519
86233,42,0.5021551724137931
86260,0,0.3108348134991119
86728,2,-0.0321592649310872
86312,18,0.0030395136778116
89419,31,0.2101293103448276
87160,0,0.0236559139784944
86323,0,-0.0178141550312951
86713,20,0.0207756232686981
86322,28,0.2194824961948249
87089,31,-0.0912778904665313
86305,28,0.0260814249363867
86226,15,-0.1790697674418604
86339,0,0.0936936936936936
86333,13,0.0434782608695651
86324,0,0.1244979919678712
87571,12,-0.1991017964071856
86362,67,0.6262203626220364
86356,9,-0.0409076382230744
88940,0,-0.0338164251207728
89109,63,0.0403530895334174
88409,48,-0.3783783783783785
86253,28,-0.0069686411149825
86721,0,0.0728417266187051
86945,63,-0.0114942528735632
86437,35,-0.3296703296703297
86435,31,-0.1945098039215687
86432,0,0.03132063287052
86534,31,-0.1434096036094103
86489,13,-0.0231788079470197
86496,66,-0.0707070707070706
89740,4,0.0506666666666666
86512,48,-0.1656338028169014
86527,4,0.1319910514541387
86544,12,-0.2429519071310115
86525,33,0.1065178032589015
86531,20,-0.0122982321291315
86543,20,0.2847593582887699
86526,2,-0.0105263157894736
86529,20,-0.0210084033613445
86533,28,-0.0438756855575867
87069,15,0.002305918524212
86573,0,0.0357071428571429
86574,20,0.0183999999999999
86578,12,0.2004310344827586
87845,13,0.0526315789473683
88581,44,0.0917030567685588
87342,12,-0.1454545454545455
86582,25,-0.0261976047904191
86547,57,-0.076961271102284
86548,0,0.1162312885236278
89143,20,-0.0653172393692397
86560,12,-0.0867924528301886
86583,20,-0.1130012150668287
86602,0,0.0562659846547313
86719,35,-0.0702247191011236
86709,0,0.2030981067125645
86715,31,0.1277533039647578
89934,0,0.0383944153577662
86595,0,-0.1938997821350762
86717,18,-0.0657276995305164
86739,42,0.1212121212121211
86720,4,0.0367225154923112
86725,0,-0.5088169285027252
86759,0,-0.1219570980959268
86751,60,-0.0659340659340659
86763,12,-0.1210526315789474
86789,0,0.0895346554093854
86791,0,0.0382200382200381
86778,5,0.0310722100656453
89021,36,-0.0605487228003784
86783,48,0.0539799435913506
86810,7,0.2307692307692308
86820,0,0.0594315245478036
86756,0,-0.0382675763868287
86840,18,-0.0312862108922364
86822,36,0.0726072607260726
86819,7,0.136138613861386
88416,20,0.0317073170731709
86858,13,0.1363636363636364
86827,28,-0.0427664550618109
86799,48,0.2050395256916997
86830,0,0.1278195488721805
87039,23,0.1007273433621824
86899,0,0.0620849933598937
86916,13,0.0673076923076922
86924,47,-0.0115236875800256
86926,0,-0.0459183673469388
86876,9,0.1908089223327063
86887,7,0.0326086956521738
86895,33,-0.0333078101071976
86935,20,-0.1466666666666666
86890,31,-0.0416666666666667
86910,22,0.2812499999999998
86915,56,0.590909090909091
86946,36,0.019870009285051
83554,0,-0.0325443786982247
86964,42,0.3278833406981882
86988,25,-0.0405539070227497
86949,0,0.0169133192389008
87843,60,-0.0630872483221476
88368,20,-0.0077519379844959
86996,0,0.1508967223252935
87006,0,0.1302958579881656
87013,0,0.2502106149957877
87002,0,-0.2333333333333332
86958,33,0.0694214876033059
87000,0,0.0649161196207146
86965,28,-0.0563813429010764
86977,66,-0.0461538461538461
86979,0,-0.0036205648081101
87016,35,-0.1341176470588234
87077,42,0.5776119402985074
87020,0,0.1144454251250368
87121,7,-0.2735294117647058
87054,48,0.242808798646362
86975,7,-0.2499999999999999
87066,0,0.2592592592592593
87099,0,0.047486033519553
87075,0,0.2392523364485981
87056,48,0.0469007131102579
87074,48,-0.0909090909090909
87105,37,-0.0843881856540085
87034,0,-0.027761013880507
87086,57,0.1557734204793028
89861,36,-0.0276243093922652
87134,42,0.1130136986301371
87162,5,-0.0612244897959184
87183,0,-0.0026315789473683
87167,57,0.0009950248756218
87165,31,-0.0444444444444445
87189,35,0.380597014925373
87179,0,0.2710000000000001
87173,47,0.0045871559633026
87182,28,0.2770270270270272
87172,20,-0.1762711864406779
87178,26,-0.0620525059665871
87140,63,0.0485133020344288
90065,13,0.2608695652173911
89820,20,-0.0251669299366263
89529,37,-0.0846808510638297
87264,0,0.0267927501970055
87257,0,0.0998990918264379
87242,28,0.1688311688311687
87261,67,0.145131086142322
87229,0,0.0683424980361351
87301,31,-0.0705128205128206
87236,13,0.0956340956340955
87219,66,-0.1428571428571429
87267,33,0.1149711142757874
87345,22,0.1775544388609715
87340,37,0.015625
87327,0,0.1909413854351687
87268,52,0.108781399211127
88475,15,0.0403225806451612
87361,9,0.2031630170316301
84108,67,0.0011675423234092
87269,36,0.1725535610885928
87277,4,0.0948166877370417
87356,70,-0.0566572237960339
87302,48,-0.0083160083160083
87292,0,0.0353089533417401
87299,0,0.0916969527537041
90054,13,0.0666666666666666
87321,0,-0.1187500000000001
87337,63,-0.0278637770897832
87379,36,-0.048
89597,63,-0.017391304347826
87439,2,-0.0499999999999999
87430,35,0.1470588235294117
87378,63,0.485981308411215
87394,33,-0.240921169176262
87419,28,0.0403120936280883
87415,36,-0.0098425196850393
87414,63,0.1064425770308123
87424,31,-0.04
87373,0,0.1574239713774596
87418,42,0.0226364846870839
87510,15,0.0108613829444026
87445,52,-0.0519325727907372
87496,63,-0.0110732538330494
87494,35,-0.24
87492,0,0.1073706591070162
87478,20,-0.0191780821917807
87499,20,-0.0067453625632377
87525,20,-0.2347629796839728
88926,7,0.5800000000000001
87632,48,0.2167721518987342
87539,33,-0.0658102766798418
87541,28,0.1847133757961783
87634,13,-0.0454545454545455
87618,44,0.4475524475524475
87583,63,0.0221238938053098
87588,42,0.3720930232558139
87625,7,0.0666666666666666
87589,2,-0.0599999999999999
87602,63,0.1102257636122177
87649,47,0.4078947368421053
87601,7,-0.2
87771,0,-0.0735970561177552
87833,0,-0.0791896869244935
87633,13,0.1385665529010238
87612,0,0.0430389221556886
87619,13,0.2285714285714286
87797,31,-0.0796019900497513
87752,52,0.1298274445357436
87825,42,0.4769230769230768
87814,2,-0.0139860139860139
89701,20,-0.0667340748230536
87785,31,-0.1104100946372239
87812,0,0.0912052117263844
87657,70,0.0413208228076507
87659,10,0.032001011889704
87827,0,-0.0956298200514138
88810,48,0.0373333333333332
87789,52,0.1399282419272165
87801,13,0.4265402843601895
88207,0,0.0080200501253133
88784,42,0.1618852459016393
88152,0,0.0895741556534508
88167,67,0.0647099025214921
88468,20,0.0389972144846797
88165,47,0.0955414012738853
88173,56,0.0242718446601941
88174,31,-0.0445103857566765
88195,48,-0.1309803921568627
88159,67,-0.1695137976346912
90083,63,0.181132075471698
88370,20,0.0346020761245675
88246,29,0.1008771929824561
88271,29,0.0
88646,33,0.3888888888888888
88182,0,0.3239625167336011
88255,2,0.10546875
88260,13,0.25
88263,18,-0.0654205607476635
23887,36,0.0876865671641791
89572,52,-0.1441717791411043
88575,0,0.1841359773371105
88534,35,-0.1632432432432432
88248,7,0.0810810810810811
88264,37,0.0698254364089776
88249,0,0.1370005189413596
90071,0,-0.0536973833902161
88351,42,-0.1549295774647887
88343,35,-0.0190786412284783
90028,57,0.0182232346241457
88319,42,-0.0691244239631335
88352,48,0.0149691967444789
88331,48,0.3449156872764436
88281,5,0.1073212747631353
88313,0,0.0334996436208125
88280,18,-0.0109417741305197
88332,47,0.3476702508960572
88287,7,-0.3249999999999999
88359,7,0.0077519379844961
88439,36,0.0198938992042441
88417,0,0.0574074074074073
19675,48,0.2660205410096918
88457,0,-0.1806451612903226
88448,0,-0.456989247311828
88432,13,-0.2467532467532468
88419,13,0.2517620524386805
88466,47,0.2722772277227723
88485,37,-0.2360515021459227
88446,48,0.0075747849531391
88510,15,-0.1077613855035278
88511,63,0.0719424460431654
88580,20,0.1070234113712373
88550,28,0.0396039603960396
88532,42,0.1428571428571428
88542,20,0.0874999999999999
88504,33,-0.0396039603960395
88497,56,0.0294117647058822
88545,9,-0.0734177215189872
88574,0,0.4478021978021975
88498,13,-0.1471428571428571
88535,7,-0.055299539170507
88564,0,-0.0187376725838265
88499,36,0.0716312056737589
89617,33,0.0560716655607165
88554,7,7.75
88503,56,0.1547619047619048
89395,0,-0.0077490774907749
48506,0,0.0032467532467532
88648,0,0.0939143501126971
88739,0,0.1529656607700313
88626,57,0.0242290748898679
89366,42,0.465909090909091
88615,36,0.0313531353135314
88661,0,0.0205229125667696
88740,0,0.038548752834467
88675,31,-0.2925398155909472
88727,35,0.0737833594976451
88750,20,0.1410437235543018
88868,28,0.0055962117950925
89685,57,0.0975076519457804
88799,47,0.2107101280558789
88817,15,0.2403292181069958
89576,0,-0.049
89925,2,-0.0103061224489795
88792,28,-0.0089365504915102
88801,22,-0.0972222222222222
88813,13,0.0145833333333331
88807,63,0.1558295964125562
88790,22,0.0
88791,47,0.5
88786,0,0.0638297872340425
89029,44,0.0893246187363834
88860,0,0.0724755700325734
26382,33,0.2348557232944774
88949,3,-0.0797244094488189
88839,0,-0.024390243902439
90029,13,-0.1692307692307691
89174,36,0.1923497267759562
88906,47,0.4839944328462073
88910,7,-0.2648648648648648
88908,4,0.0282404055032583
88892,57,-0.0196078431372548
88897,52,0.1669996004794247
88945,33,0.3282883874518436
88922,52,0.4637300021915407
88991,0,0.2092262391624406
88895,0,0.1100543478260869
88943,12,-0.0606826801517067
89497,0,0.0422240802675584
89004,52,0.0691964285714283
89290,0,0.2601649970536241
89727,48,0.1151447661469933
89006,0,0.0268732216250393
89110,63,0.1048252911813643
88970,18,0.0496703296703295
88964,36,0.0382513661202186
89046,70,0.0633954154727793
88994,12,-0.0140845070422535
88980,7,0.0333333333333334
89040,18,0.1691810344827586
89208,31,-0.1907824222936763
89642,0,0.0206896551724138
89031,63,-0.0576407506702412
89002,0,0.0458108343494165
89030,0,0.0158730158730158
89014,5,-0.0275709079385201
89367,7,-0.33003300330033
89167,36,0.2934782608695652
89036,52,0.0960854092526688
89044,35,0.1799163179916316
89215,18,0.1932830705962989
89070,0,-0.0183387270765911
89327,57,-0.0108108108108108
89413,42,-0.0217627856365614
89203,28,-0.0096525096525095
89179,4,0.1220100502512562
89751,47,-0.003616636528029
89313,2,0.0134831460674156
89244,0,-0.0883122546881813
89204,57,0.0623316660253945
89265,7,0.0153139356814699
89269,31,0.1491562329885682
89217,0,0.1620530565167242
89225,0,0.0666666666666666
89230,47,-0.0118918918918918
89252,67,0.1166666666666667
89262,2,0.0102880658436212
90081,0,-0.2300751879699248
89761,44,0.0577601128277451
89297,48,-0.2170395049976202
89308,20,-0.0019841269841269
89370,22,-0.0413793103448275
89353,42,-0.2123015873015872
89919,63,-0.2175480769230769
89409,9,-0.0733122362869198
89332,60,0.0792079207920792
89431,0,-0.0448780487804878
89410,26,-0.102398172820708
89424,35,-0.136986301369863
89387,44,0.0488958990536276
89394,63,0.3147762747138398
89531,12,-0.1997767857142858
89445,63,0.2459274193548388
89567,7,0.3160173160173161
89753,15,0.1328489880643486
89471,15,-0.0060168471720819
89453,0,-0.1818403115871469
89932,47,0.1567862714508581
89407,0,-0.0868263473053891
89577,18,0.0680034873583259
89426,4,0.1533333333333333
89406,0,0.1046831955922866
89626,47,-0.059350791138905
89443,52,0.1726700971983992
89806,13,0.2941176470588234
89916,31,0.0195035460992909
89636,52,0.1477199743095696
89533,52,-0.0504082020125308
89482,20,-0.0220453153704835
89941,7,-0.0412926391382406
89463,13,-0.0817263544536271
89484,36,-0.031
90067,52,0.0567475436133948
89876,29,0.0537482319660538
89826,28,-0.0178861788617885
89568,35,-0.2709677419354838
89574,0,-0.066348557146103
89546,52,0.0983935742971888
89509,52,0.0937399678972712
89956,7,-0.1143911439114391
89612,0,-0.0982867448151487
89549,33,0.5663366336633664
89573,67,-0.1799874134675897
89620,4,-0.0911111111111111
89781,67,0.2146596858638745
89699,7,0.209090909090909
89698,0,0.4126268320180384
89644,12,0.2162790697674417
89796,35,-0.2456140350877194
89793,52,0.1355932203389831
89741,36,0.0335917312661497
89800,31,0.1714990746452804
89850,0,-0.0928677563150074
89752,0,-0.0214529497805948
89770,7,0.4642857142857139
89799,15,-0.0752874043921525
89798,20,0.0153846153846155
90080,36,0.0189999999999999
89824,0,-0.0600568585643213
89873,36,-0.0373382624768946
90007,20,0.1686746987951806
89832,2,0.0046296296296295
89901,33,0.2222948248823837
89866,57,0.0183823529411764
89860,47,0.109048723897912
89889,56,-0.2711617342960778
89964,42,0.0312744331508991
89914,7,-0.0238095238095238
89924,60,-0.0279114533205006
89922,63,0.04100790513834
89877,48,-0.1108108108108107
89913,7,0.0984615384615383
90096,63,-0.1428571428571429
89905,0,0.1647509578544062
90132,28,-0.0044576523031203
89973,35,0.1393298059964727
90031,0,-0.1190615835777126
89971,31,-0.0333033303330332
90038,0,0.0466153846153847
90020,31,0.1692946058091284
90078,0,0.0882608695652173
89952,48,0.1587301587301588
90013,0,0.0066280033140015
89904,57,0.0715447154471544
89960,31,-0.2429938482570062
90079,7,0.3791469194312797
90052,0,-0.023865414710485
90026,12,0.5343915343915344
90034,13,-0.1101694915254236
90022,52,0.2554470323065365
90088,15,0.2797676669893514
89961,13,-0.1778846153846154
90129,9,0.0559910414333706
90333,7,-0.0932835820895522
90006,31,-0.0292307692307692
90126,56,0.1652173913043475
90135,7,0.2301184433164127
90090,18,0.0818802122820319
19721,50,0.0483153210425937
62763,7,-0.3333333333333333
90093,12,-0.03625
86786,18,0.3112438891906572
82238,0,0.2273838630806846
86165,7,0.032069970845481
77097,63,0.0295566502463053
89678,35,0.2294372294372293
90097,0,-0.0243217960710944
