firms,clusters,mom1
10568,4,0.1369863013698631
47730,6,0.0357995226730309
13777,8,0.0865800865800865
38746,2,-0.0484896661367248
60871,6,0.0664034458004307
14198,6,-0.0008789277081959
14702,8,-0.0183028286189682
15537,9,-0.0361613351877608
68830,5,0.003125
18570,9,0.0649878147847278
18973,9,0.1159711075441412
19271,3,0.0407142857142857
29938,6,0.1015463917525771
10866,10,-0.0368906455862978
20248,3,0.1079393398751114
25320,5,0.0019536701088473
21726,9,0.0718899185622017
21742,3,0.0959885386819485
11267,5,0.0572207084468665
86474,5,0.0209319568813095
22753,0,0.1946666666666667
22825,5,-0.0491017964071855
26201,9,-0.2793184096224523
82165,7,-0.1904761904761905
65541,5,-0.0233727067102287
27562,5,0.0519759450171819
27677,4,0.0447761194029849
27909,3,-0.0492700729927008
63546,7,0.2281879194630873
49154,6,0.0437258490949765
19350,9,0.1975574712643679
49429,3,0.0762790697674418
61313,5,0.1130128956623681
80971,0,-0.0316000576919115
12008,8,0.0584795321637425
31500,9,0.0851140890981529
33209,4,0.13022113022113
50788,5,0.0817702845100103
77462,9,0.041899441340782
37058,4,0.1525423728813559
62228,9,0.096774193548387
47888,8,0.0728971962616824
83233,6,0.0736406193734247
32678,6,0.1005011135857461
23077,6,0.029153169828783
41663,6,0.085553997194951
27828,6,0.0637707948243992
66181,6,0.0156750979693622
32870,5,0.0602766798418974
42922,4,0.1359353970390309
12503,3,0.0510162601626016
89757,8,0.0982211910286154
47571,10,0.0244565217391306
16678,9,0.0756729304215337
48291,3,-0.0106007067137809
48347,10,0.1520861372812922
64282,5,0.1617580425917535
27617,10,-0.0943952802359882
60097,9,0.0192996967190515
52813,6,0.087005649717514
60548,9,-0.0418215613382898
53197,6,0.0965092402464065
56777,5,0.1740331491712707
57745,4,0.0044642857142855
57809,10,0.1242867332382311
57817,6,0.0562286424355391
79611,4,0.0636704119850186
59185,5,-0.0466230936819171
34948,10,0.0702341137123745
60709,7,0.125
35051,5,0.1125981961012512
18403,4,0.1466480446927374
35238,6,0.0835214446952596
13936,5,0.1214609898422303
49971,9,0.0521739130434781
64785,7,-0.2013422818791945
62033,5,0.0391575200237317
91556,3,-0.0118221054606868
50948,5,0.0616982284667073
70923,8,-0.0436241610738254
42585,5,0.0200929923613417
72005,0,0.0204878048780488
76081,10,0.1722105263157893
60580,5,0.0596498371335505
37807,5,0.0428286852589641
80179,2,-0.2337375964718853
80857,0,0.0415238095238095
59627,0,-0.0199666666666665
55976,10,0.0649053463698772
82924,6,0.0183604861649857
83011,5,0.0761482675261886
15456,6,0.0768621236133122
40539,3,-0.0102502979737783
10025,0,0.210217755443886
90609,6,0.0633802816901409
10182,6,0.1106120157215049
10259,4,0.0229770229770229
10501,8,-0.0333333333333333
77420,6,-0.0198915009041591
10514,7,0.0853579622330724
10659,10,-0.0541271989174561
10645,9,-0.025945945945946
75527,7,0.2081081081081079
89105,5,0.1852665202635255
11132,5,0.0654450261780106
71837,5,-0.0245700245700246
11154,7,0.0
11343,3,-0.0786361844698463
11379,7,0.0116959064327486
11426,5,-0.0031645569620254
11174,3,0.0287229341581971
75100,6,0.109733579530467
11081,0,0.0978441127694857
89609,9,0.035264483627204
12266,3,-0.2465116279069766
75489,9,0.0671916010498685
75905,3,0.1271297509829621
76052,4,0.05
76076,10,0.0825903331769122
84184,7,-0.2631355932203388
76671,10,0.0780577750460971
76217,10,-0.073972602739726
79315,4,0.1479532163742689
76673,3,0.2391304347826086
77007,7,0.0282485875706215
86590,3,-0.03544127866574
76839,5,0.1579804560260587
76847,7,-0.0194871794871794
77045,6,-0.0073937153419593
77501,2,0.1314217443249703
77516,9,0.0599128540305011
77530,7,0.2391653290529694
77584,10,-0.1502159161011721
77699,2,0.1101694915254238
77830,3,-0.2326494980357922
77862,9,0.03873094355171
78216,7,0.0405405405405405
78034,6,-0.0648440238345601
78050,1,0.0764119601328905
78200,10,0.097378277153558
78816,2,-0.12
78881,3,0.0059121621621622
78975,5,0.1432269197584124
79007,5,0.0263286201852754
78963,10,-0.0516194331983806
78953,3,0.0564885496183207
79195,10,0.1084158415841585
79307,10,0.1442080378250589
79411,5,0.0291680477295326
79667,2,0.0054263565891472
79881,3,-0.064844431520791
79922,7,0.1144519883608146
79847,10,-0.1273724167018135
79797,0,0.170042169032488
80114,7,0.0878938640132669
80274,10,0.0037735849056603
80233,4,0.1359999999999999
80432,8,0.0476595744680852
80544,3,0.0868679385071309
80592,3,0.16084531846199
81165,8,0.0856720827178729
81212,10,-0.0330578512396694
82598,3,0.1337443044760116
83275,3,0.5236180904522614
83399,0,0.0135593220338983
83365,7,-0.0392156862745096
83391,2,-0.1530737704918032
83333,9,0.0139240506329112
83704,7,-0.073913043478261
83808,7,-0.007181328545781
83822,0,0.1427656850192062
83896,7,0.1255230125523012
83861,8,0.1032786885245902
83956,0,0.0594423791821561
83976,8,0.2036493971977842
84084,5,0.1047579298831384
84275,5,0.1288487282463184
84255,5,0.0886998784933172
84416,2,0.1666666666666667
84588,9,0.0850759094815241
84519,7,0.0323343848580441
85019,3,0.0564066852367688
85314,4,0.0096852300242131
85390,5,-0.0492957746478873
85402,2,-0.1043956043956044
85464,7,0.0445026178010472
85550,2,-0.1891891891891892
86189,4,0.0608743774211399
89606,0,-0.0586797066014669
86580,0,-0.099902056807052
86594,9,0.0107913669064747
86881,0,-0.0406976744186046
86959,2,-0.0157480314960629
89416,8,0.1088180112570356
90539,7,-0.0492957746478872
87255,10,0.1626016260162601
87333,7,0.0874524714828897
87343,7,0.4007220216606497
87390,3,0.0758389261744967
87432,6,-0.0175870559268378
87377,10,0.0719530102790013
90640,4,-0.0740397792510834
88172,9,0.1691394658753708
88458,3,0.0405783582089551
89208,7,0.1408450704225352
89301,4,0.0670569451836085
89447,3,0.175946547884187
89452,2,0.1194029850746267
89540,6,0.0570510245078343
89908,2,-0.1054421768707483
90215,3,0.1529946399440691
90387,2,-0.0262008733624454
90679,3,-0.0376237623762375
90657,5,0.1558372952984679
90715,6,0.1359404096834264
90807,3,0.0836982968369828
76020,3,-0.0037735849056602
48020,7,0.2266666666666668
90209,2,-0.0176991150442475
50906,8,0.7179487179487181
21020,0,0.0442477876106195
11499,0,0.2659574468085106
81912,6,0.0982839313572543
20482,0,0.0491663103890551
10656,9,0.1902268760907504
60038,6,-0.0499999999999999
10779,0,0.110599078341014
61487,0,0.1694444444444445
61241,10,0.023224043715847
88845,8,0.055724033358605
28222,8,0.1198889060330195
11368,5,-0.0334608030592735
11456,2,-0.0509259259259259
28804,3,0.1477196885428253
11587,5,0.0693076638282117
42083,6,0.0804724990771501
11691,8,0.1265950302216252
11790,4,0.0600522193211487
71271,10,0.0235936250799055
10137,4,0.1025145067698258
10145,9,0.0981296438636945
90335,2,0.2669902912621358
45911,3,0.0440738534842168
24643,4,0.1103379721669979
28484,9,0.0645609852999602
90893,7,0.2601626016260163
81073,5,0.2383287920072663
39482,7,0.008108108108108
10225,8,0.1199591628381828
12758,8,0.015099519560741
24109,9,0.1139318885448916
59176,6,0.1244332493702771
57904,6,0.152800562456058
66800,7,0.1170150987224158
13470,6,0.2592592592592593
13507,8,-0.0332221810547116
58560,3,0.0389712636136991
13769,10,0.1182649949169771
11144,4,0.0781841109709964
85257,6,0.102615193026152
14008,10,0.0366920152091254
64864,2,0.2531645569620253
18075,8,0.1526644263082095
14219,3,-0.0553359683794465
14227,6,0.0589022757697457
83112,6,0.0546179809757592
39490,10,0.13528922674902
14593,3,0.0227408261439987
14761,7,0.1081081081081078
10516,9,0.0596436870642911
14868,0,0.052008649140776
77595,4,0.0877108433734938
29209,8,0.1091722595078299
24272,5,0.0954330030159413
15457,10,-0.02200488997555
15553,6,0.0608598548297041
15721,0,0.0658307210031348
44644,9,0.0250869349230005
16030,4,0.0432742440041711
44601,8,0.1157796451914099
27684,10,0.0431356283699708
40416,0,0.1747169811320754
53110,10,0.0121478418195914
52484,10,0.1117478510028653
75034,9,0.161173923502526
10318,5,0.058
58755,5,0.0593126385809312
57568,5,0.1024039371569185
24221,1,-0.0201550387596898
16505,2,0.0708955223880596
49656,4,0.0153908464965573
46877,6,0.012898232942087
39693,8,0.1214154972544232
47423,3,0.0743427017225748
27887,8,0.0770177165354331
29612,5,0.1058451816745655
39642,9,0.0174504584442471
17444,0,0.3885542168674698
65875,0,0.0371163454675231
65509,1,0.063268892794376
43772,6,0.1096296296296297
11510,0,0.0574324324324324
17778,10,-0.025
61508,5,0.0139828080229227
18033,7,0.0873015873015872
61946,9,0.1211801896733404
65154,6,0.0370009737098344
19561,6,0.0858964143426295
42024,0,0.0941807044410412
18650,4,0.0811428571428571
52230,9,0.0692144373673036
87146,6,0.0617142857142856
60898,6,-0.0496453900709219
17961,9,0.1145710928319623
19393,10,-0.0008019246190857
10874,0,0.3612228479485118
55597,8,0.1936936936936937
19880,9,0.129787234042553
10890,3,0.4607896160086535
20117,6,0.0442477876106195
45655,9,0.0817772054088861
64186,1,-0.0096587250482935
67838,4,0.092121212121212
47626,10,0.097809076682316
20336,0,-0.0093457943925233
62148,5,0.0622607293975416
28564,9,0.0119047619047618
86290,0,0.1660645161290321
46690,9,0.2235586893405226
20504,0,-0.0915492957746477
20512,6,0.1068738229755179
56602,10,0.5252525252525251
20750,9,-0.0042016806722691
21371,4,-0.0398690865813744
27334,6,-0.0678106836424025
23114,6,0.0736868944416113
20618,0,0.0645750837648493
30402,8,0.0633549316054715
18542,6,0.1611453304478109
89792,10,-0.0034110289937463
64557,6,0.0810299129117759
63503,8,0.0759878419452888
22374,8,0.0879737950397754
90011,6,0.1588656387665199
22921,6,0.1503456221198156
64194,5,-0.0314787701317715
23182,10,0.0585987261146498
14541,9,0.1230474506336574
30509,0,0.1188811188811187
23297,0,0.0871369294605808
23393,5,0.0567692553021845
79026,8,0.1088414634146341
68320,0,-0.0635521885521885
47677,9,-0.016611295681063
86685,2,0.0637647058823529
27422,10,0.1995335029686176
46578,10,0.0437580437580438
24193,10,0.0124999999999999
11995,9,0.0767946577629381
11308,10,0.0995610534716679
24441,7,-0.0348542458808618
24476,5,0.0793002915451897
30648,8,0.2926628194558944
61735,9,0.0148168103448276
89525,9,0.1208981001727114
25452,6,-0.0153550863723608
25487,7,0.2566191446028512
25778,9,0.0630434782608695
40125,6,0.001767955801105
26084,10,0.238390092879257
79618,10,0.0378378378378376
26463,8,0.1037107516650808
11404,6,0.0700696055684453
41929,8,0.1222518321119252
26607,7,0.0125479613993713
23229,6,0.0866894197952217
30840,4,-0.0136752136752137
21979,6,0.0261363636363636
27430,3,0.1082051282051281
59248,8,0.0625590179414541
22293,9,0.121981424148607
27474,4,0.3046683046683045
20204,6,0.1764316451506122
27618,4,0.0791139240506328
53575,0,0.105577689243028
17726,6,0.1114217252396165
59256,3,0.0462287104622869
31077,3,0.113798790544255
41080,10,0.2223245816060188
18091,8,0.0430440771349862
19828,4,0.09
28629,3,-0.0262039660056656
29050,4,0.0959097320169251
29058,8,-0.0238469184890656
22859,9,0.0589958158995815
29103,8,0.0528846153846154
29285,0,0.0394828791055206
61743,5,0.0975999999999999
11674,6,0.0120587590440692
76708,3,0.0249571346923223
29867,9,0.0589887640449438
40440,8,0.0502752293577981
79322,7,-0.0399999999999999
44943,8,0.1140516698172653
30147,5,0.0139672307279077
26403,6,0.0695238095238095
10886,7,-0.1059782608695653
64936,8,0.0838926174496643
38682,8,0.0305436774587659
30593,2,0.0
25953,6,0.1478822684852836
20626,0,0.1521922428330522
30681,8,0.0862973760932945
30761,0,-0.1007396416447472
11703,9,0.175773344897369
63132,8,0.2216374269005847
27959,9,0.06875
88590,8,0.0184743742550654
30940,10,0.1693396226415093
31051,0,0.0757575757575756
31070,6,-0.0385756676557862
31078,7,0.3103448275862071
42200,6,-0.0585389453313982
63159,4,0.1527777777777779
31480,9,0.1350613915416099
11754,2,-0.085253456221198
11762,6,0.1989608801955988
70578,10,0.0890670229347583
82855,9,0.1111111111111109
32054,6,-0.1407185628742514
32110,8,0.107856191744341
22103,6,0.133897917143511
81124,0,0.3243084167157151
23042,9,0.0468833244539157
32540,8,-0.0522875816993464
32548,3,0.0180288461538462
26470,9,0.0024813895781636
32636,2,0.1804878048780489
32791,4,0.2328767123287669
32986,9,0.0724852071005917
33137,5,0.0272300469483566
52476,9,0.1168923734853883
33532,7,-0.0183299389002036
31691,10,0.0074231177094379
42550,3,0.2275538250114521
87696,0,0.0086580086580088
33770,3,-0.209688581314879
87717,9,0.2355838887279051
33823,4,-0.0847880299251869
87725,9,-0.2005163511187607
11850,8,0.0457333099702119
19166,6,0.0881072610134077
24205,9,0.0726004922067267
34367,8,0.1186216037110667
47706,4,-0.0132450331125827
21135,7,0.4477611940298507
34666,7,0.0437158469945353
34818,6,-0.0080267558528427
35044,2,0.1139817629179331
36397,4,0.0017467248908298
54244,10,-0.0454545454545454
36768,5,0.0190909090909092
88924,6,-0.0081866557511256
88853,8,0.136235294117647
37154,7,0.0815590776137678
25785,3,0.2668650793650793
45241,9,0.0116660590594239
37234,0,0.0449561403508771
37402,9,0.1797839506172838
37568,8,0.0669673837612769
37584,9,0.1669567235178095
58421,9,0.0017953321364452
37955,8,0.1268765133171914
12036,8,0.0592203898050975
38093,6,0.0426579163248566
47941,7,-0.0208023774145617
12052,9,0.0459357923497267
12060,4,0.1178918169209433
46834,2,-0.0710968202929617
55212,8,0.1278167013823139
38659,5,0.07174638487208
46674,6,0.0856780735107729
39029,3,0.000391474554154
57154,9,0.0534562211981566
32299,8,-0.075128205128205
12140,5,0.0999245283018868
16432,4,0.0734406438631791
53604,9,0.1952095808383234
85908,10,0.2200570342205323
39571,9,0.1199006739978716
60468,0,0.0760507004669779
52695,5,0.1262946204122674
39731,7,0.0247933884297519
75897,2,-0.0270731707317073
62885,2,0.2244897959183673
84808,8,0.1236641221374046
23819,9,0.2171079429735234
54084,7,-0.1539674198633736
40970,7,0.0066006600660066
25582,6,0.0691476590636255
25304,4,-0.0144680851063829
52978,3,0.0255474452554744
41188,5,-0.0422222222222222
10294,10,0.0316815597075548
41241,3,0.3480066445182725
41292,10,0.178891820580475
76927,8,-0.0425038639876351
32651,10,-0.0536398467432949
32707,10,0.1098028477546548
16600,5,-0.0194032964740246
61567,6,0.2050290135396519
52716,10,0.085770621097601
32803,0,0.0056433408577878
42140,0,0.146934460887949
42439,6,-0.0634287785429503
42455,7,0.0526315789473683
91207,10,0.1694424330195512
21792,9,0.0813069908814589
32934,9,0.1976284584980236
42877,5,0.0863177226813589
42906,7,0.0938628158844765
88795,2,-0.1224018475750577
43290,2,0.5869565217391306
12570,9,0.0489759572573462
80210,5,0.1092685143116765
21928,6,0.0586113615870151
56573,9,0.0537790697674418
43634,7,0.2764356435643562
43757,3,0.0453074433656959
51633,9,0.0469146238377007
12431,6,0.0861119164975354
44274,5,0.1181640625
46463,9,0.2260397830018083
44506,4,0.1737373737373735
59328,6,0.0591259640102828
77855,0,0.0574712643678161
12490,5,0.0398444282474894
40272,6,0.0697784064120699
45277,4,-0.0292993630573248
45306,10,0.1053057918185498
21573,6,0.0693769332744145
27705,9,0.0494357872111768
45373,9,-0.0808678500986193
45437,10,0.1269769543605965
45560,2,0.0451612903225806
53065,9,0.2819074333800841
45728,6,0.1489874638379942
46042,7,0.189063162356931
46077,9,0.1342723004694834
46181,3,0.0146699266503667
52329,8,0.0035675082327113
82694,8,0.1225722917565816
22111,0,-0.0164239756180155
42534,8,0.0721994789728319
46886,9,0.1359397417503587
46923,2,-0.0759878419452887
46950,2,0.9801980198019802
47002,6,0.0325497287522602
42067,8,0.0881612090680101
47088,8,0.1017923571187013
12650,5,0.0096286107290233
24053,6,0.1050439611291069
47205,8,0.1561168594035302
26825,10,-0.0049701789264413
47379,9,-0.0047074646940147
44134,8,0.0770743216673222
47619,3,0.0194174757281553
47715,4,0.1283905967450271
17750,6,0.057562262906152
59045,6,0.0049673202614377
48072,2,0.0011235955056179
48144,3,-0.0427350427350426
89456,4,0.0778688524590163
49488,6,0.088655146506386
48267,8,-0.1239130434782607
47255,6,0.0981595092024538
12781,9,0.0546332629037125
48486,5,0.1085128744088279
48523,3,-0.0269865067466266
48531,0,0.2813826561552457
48961,8,0.0488810365135452
50286,7,0.1439688715953309
60943,6,0.0388833499501495
65330,8,0.0306814127720298
20415,4,0.1322398769861608
50876,0,0.0626865671641792
81678,9,0.0829574426358108
49905,2,0.123222748815166
21178,9,0.0087248322147652
68523,7,0.125
56223,0,0.0881913303437966
43721,3,0.1641140580251523
76489,8,0.0543729161323416
62906,0,0.1947945205479451
59774,10,-0.0641361256544501
33849,3,0.1174377224199287
66245,4,0.0805194805194806
23835,8,0.0953965612867442
50623,9,-0.0024137931034482
50789,6,0.0396781354051054
89790,3,0.0054644808743169
33937,7,0.0065447980139923
51263,2,0.133479212253829
81311,9,0.1362962962962963
15069,8,0.0759086522997749
45751,8,0.0430155210643015
51706,2,-0.0208913649025068
34032,4,-0.0446096654275093
51829,7,0.0509554140127388
35705,0,0.0256410256410257
39538,5,0.0
51925,2,0.0723860589812332
51960,6,0.1087719298245615
43449,10,0.058600273265523
89915,9,0.0237050043898154
17478,8,0.0906183368869937
81061,5,-0.0646217986896962
52250,4,0.0064635272391504
89813,10,-0.1285403050108932
10507,9,0.1426188490408673
17005,9,0.0467257844474762
22752,10,-0.0145839290820702
42796,6,0.0199164792804369
53074,5,-0.0039509253483053
87437,10,-0.0264601769911503
55546,6,0.0180253994264645
89857,7,-0.1059602649006622
53373,0,-0.0740740740740741
53480,6,0.1226859115155318
53640,9,0.0909090909090908
24010,8,0.0822395978776877
53859,9,0.0441640378548897
54253,8,0.0108958837772397
91109,0,-0.0068446269678302
22592,5,0.0829218888466896
24248,9,0.0531542056074767
54675,5,-0.0018587360594795
54704,0,0.3216145833333335
54827,9,0.0805921052631579
76591,10,-0.0228526398739163
42614,6,0.101851851851852
22779,8,0.1487730061349694
28345,9,0.1049445005045408
65365,4,-0.0222496909765141
69550,6,0.0211267605633802
84372,4,0.1303630363036303
13303,4,0.3868852459016396
90377,3,-0.0951437066402377
55993,4,-0.0388888888888889
56040,5,0.1510538641686183
80004,7,1.9567147613762488
78900,5,0.0115830115830117
25590,6,0.0472972972972971
52337,10,0.0599078341013823
58501,6,0.0399449035812671
34497,3,0.0983200516907172
56945,0,-0.020310633213859
38658,9,0.0753598645215918
47466,8,0.0104046242774566
60986,9,0.0587431693989071
21207,3,-0.0945902170391966
34673,5,0.3206611570247935
57534,9,0.4050772626931567
61815,9,0.1115531244820156
64311,6,0.0606974552309143
28118,10,0.003154574132492
44206,6,0.0926216640502355
38762,9,0.1379310344827586
23931,6,0.0669577874818048
24766,9,0.077149155033064
58318,4,0.0533617929562433
58334,9,0.0881340371815468
90458,9,0.0763358778625953
34817,8,0.022466039707419
11406,10,0.073428749222153
58836,3,-0.0902255639097745
34833,10,0.0101101749837977
72611,3,-0.0234741784037557
58975,6,0.1020044543429843
67029,8,0.1036219539293386
59089,9,0.1370748299319728
23026,4,0.0701107011070112
13610,6,0.1221669430624654
63714,9,0.0392405063291139
90705,2,0.1447586206896551
59871,0,-0.0664819944598337
60098,4,0.0631143300569065
51457,8,0.0591252699784017
60186,8,-0.0419309372797743
77157,9,0.0453686200378071
44230,7,-0.0091780821917807
90531,10,0.0456932773109244
22509,6,0.1499751696738951
60506,9,0.1492350137948332
13688,9,0.0802919708029197
86136,9,0.0632613806368882
61138,3,0.0169491525423728
61146,8,0.1634241245136187
61269,0,-0.0583738707435719
58675,4,0.0582278481012656
41355,9,0.1200865488640461
61496,2,0.0810810810810809
57509,2,0.0366666666666666
61787,0,0.2217821782178217
61955,4,-0.0551964196916956
22517,4,0.0937875751503005
62034,6,0.0621118012422359
13856,10,0.0649712879409349
50550,4,0.1699029126213593
62341,0,0.1373926619828258
62368,8,0.1222591362126246
21936,0,0.0518934081346422
21776,4,0.1016592046352382
52898,9,0.1023755656108595
13901,0,0.1057884231536927
13928,8,0.1248726828274595
62958,3,-0.0709284627092846
63125,0,0.1853512705530642
89968,0,-0.0319677219118559
24459,8,0.1115664845173041
80185,5,0.0479020979020978
53815,0,0.3132530120481926
49744,6,0.0372236216064933
23501,8,0.0784438775510203
63715,9,0.2019019751280175
63811,5,0.0784787865464937
63830,10,0.1872328021764477
18163,9,0.0196732244081361
64486,7,0.051425899953249
55511,8,0.058139534883721
23712,4,0.0501117140121289
64929,5,0.3015873015873016
64961,3,-0.0529401620969132
65008,5,0.2071856287425151
87043,10,-0.1489361702127658
27756,9,-0.6383820619916465
65270,3,0.1544295302013423
69649,6,0.0805994329688131
66683,5,0.2219780219780218
65700,5,0.1090342679127724
24942,9,-0.0438107046910518
58771,5,0.0905342416636787
76711,8,-0.0218368657675015
76282,5,0.2528205128205127
66617,2,0.1298701298701297
80294,10,-0.0148387096774194
84381,6,0.1030759828885719
35991,8,0.1145120633777456
89142,4,0.0741324921135646
45495,9,0.1513217866909753
67847,3,-0.0806249999999999
54818,6,0.1439173927073251
66050,7,0.1834992887624467
27633,9,0.0855083271190655
68196,9,-0.0579567779960706
54199,8,0.0618600682593857
41320,10,0.1366666666666667
76149,8,0.0447609359104781
68591,6,0.0188417844278192
22840,6,0.0489361702127659
23085,9,0.0713087248322148
36281,6,0.005298013245033
85926,9,0.0968559837728195
41574,10,-0.0112334348890675
51625,9,0.1513513513513511
50243,10,0.0055555555555555
88742,0,0.0980834272829764
36468,5,-0.0005781182251769
49138,10,-0.0639269406392692
70536,6,0.1258278145695364
70616,9,0.0471512770137525
65402,5,0.1346752438265199
60206,6,0.0919090686873627
64995,0,0.1001300390117034
14461,10,-0.0115646258503401
71176,6,0.0728346456692914
26614,10,0.0875232774674115
63335,4,0.1675485008818342
15720,8,0.0450819672131146
71475,9,0.0645745322872661
18411,6,0.0615985576923077
76091,9,0.0324794144556268
58683,9,0.0846084608460846
66093,8,0.0723439437784208
63765,10,-0.0566770186335403
71942,5,-0.0446224256292906
71985,4,0.0214285714285713
17523,10,0.1292246520874751
72232,4,0.1120689655172413
72304,3,0.055944055944056
39220,10,0.2143742255266418
72494,2,0.0573248407643312
43481,5,0.1842209072978302
43350,5,0.1484560570071258
18438,8,-0.0031479538300104
36898,3,-0.0353646061668858
72980,2,0.107538802660754
73139,6,-0.0697163403915301
73219,3,-0.0230286113049545
14656,0,0.0258843830888697
52396,8,0.0706845238095239
47861,6,0.040816326530612
73681,9,0.0519059205190592
73817,10,0.0631741140215715
66739,0,-0.0364176885916016
43334,8,0.101190476190476
52038,6,0.0840042002100105
37161,6,0.0842733908427337
62420,5,0.0384615384615385
74406,4,0.0194174757281553
15560,5,0.1040492055356225
42219,10,-0.0817174515235457
44513,2,0.2626582278481013
74908,7,0.0109071561585527
92399,3,0.0117416829745595
74932,0,0.1087941976427924
57007,4,-0.0017331022530329
43123,9,0.0773930753564156
44329,9,0.0440309506263816
63773,8,0.1230667982889108
75257,6,0.0923317683881066
66114,10,-0.0295113691340107
75460,5,0.1094027202838558
84375,3,0.3105413105413106
51369,10,0.1035897435897434
37284,2,0.1062553556126821
15579,9,0.0605670103092783
23579,4,0.2233352975839719
62092,6,-0.0854230377166156
38578,6,0.1423631123919306
76100,3,-0.1392464310788672
50606,8,0.0583677685950412
14795,6,0.293574451712197
37399,6,0.0277214334009465
14816,9,0.0668076109936575
62308,6,0.0719046657240962
76639,8,0.0963235294117648
76946,3,0.052
61209,4,0.1168384879725086
55001,0,0.149548532731377
92583,7,0.0442708333333332
48389,6,0.069582504970179
59600,8,0.1373239436619719
45356,6,0.0865739426625036
76185,10,0.0586340206185567
77730,5,0.0683343502135449
91103,7,0.154669260700389
17929,6,0.0597484276729558
50278,9,0.0264294790343073
79244,4,-0.0049668874172186
77973,10,-0.0349946977730647
78044,3,0.0261780104712041
24985,4,0.0673117374842238
48725,9,0.0742339231765212
63781,9,0.0076373491007635
89329,9,0.208230452674897
78749,5,-0.0456466610312764
92655,9,0.0721830985915492
53663,8,0.0886935677187374
87447,9,0.1425558094568464
79039,10,0.0105263157894737
79303,5,-0.0058747934642923
17830,6,0.0953628100446772
39087,0,0.0778301886792454
79338,4,0.1510869565217392
67360,8,0.0449545671927307
59619,6,0.1361357500964135
16555,9,0.1176915322580645
79573,0,-0.042016806722689
79637,9,-0.0571428571428571
79776,9,-0.0068218298555378
43553,6,0.1144984546220846
79864,9,0.1159648020113135
80128,6,-0.0221579961464354
27043,5,0.0558530986993113
81116,3,0.2631271878646439
61700,0,0.0533980582524271
57808,9,0.0968992248062015
15202,4,0.0321697467488022
56063,8,-0.0862453531598512
86008,5,-0.0113798008534851
21231,6,0.0602409638554215
53225,8,0.0243860352663702
24969,9,0.0711725550435227
46068,5,-0.0318965517241379
81702,4,0.0088626292466766
42059,6,0.089334548769371
38906,8,0.0485766692890881
79066,7,-0.1966527196652719
62498,9,-0.0041107152644559
66384,3,-0.125
59467,4,0.0467980295566503
38033,9,0.1106233538191396
39917,4,-0.5392045454545455
25419,5,-0.0514689136870871
77053,4,-0.1221621621621622
38156,8,0.061816192560175
64135,5,-0.0188535031847134
83030,4,-0.0856627592425608
66747,0,-0.038934426229508
58819,9,0.0888468809073725
25099,9,0.0825331504343849
42286,6,0.1336241078509119
84403,9,0.1844888366627495
27983,8,0.2114427860696519
63079,9,0.0522875816993464
59483,2,1.6333333333333335
88857,9,0.0429577464788732
84129,7,0.0287436254056561
84161,9,0.0209617755856965
90756,7,0.1033376123234917
72996,0,0.0679880156718137
87426,10,0.046039603960396
86191,2,0.1337868480725623
88664,5,0.0636515912897821
87856,7,-0.2156862745098038
15318,4,0.1084828711256118
90916,7,-0.0199335548172756
35917,4,0.0345394736842106
70332,0,0.3621501801052922
10116,7,0.1195219123505977
10147,5,0.0814207650273222
10100,7,-0.027027027027027
38149,10,-0.0027786353812906
87637,6,-0.0626016260162602
10028,3,-0.085173501577287
69032,7,0.1628608358466177
10138,6,0.0865059698130208
10107,10,0.1216862233811384
10200,0,0.0062305295950155
10163,7,0.0013531799729364
89954,3,0.0955188679245282
10272,6,0.0679758308157099
10302,8,0.0557768924302788
10299,6,0.1463502337288744
10324,0,0.3701004530234391
12217,6,0.2189781021897809
10363,0,-0.0835516739446871
10333,2,-0.289855072463768
10382,9,0.1305445366029571
10397,5,0.0520785746916401
10257,2,0.1
76565,5,-0.0785070785070783
10463,1,0.0516853932584269
70033,8,0.2249212775528564
10421,4,0.0188216039279867
91204,8,0.0420076377523188
79698,5,0.0825806451612904
10606,6,0.1235170969993022
10550,3,-0.1216931216931217
79785,5,-0.0435553008157504
75070,0,0.0042405551272166
89849,0,0.1989924433249368
10547,3,-0.0778210116731517
68857,6,0.1416076634735525
76123,4,0.1135578583765111
79903,8,0.079425837320574
10667,3,0.1718689788053951
10355,3,0.0156937518333821
10661,0,-0.0526315789473683
45225,8,0.1320907617504052
75596,2,0.1630434782608696
10693,5,-0.0106894708711918
10649,10,-0.0272787757817698
79909,7,0.0943983402489627
75517,5,0.093358999037536
10696,6,0.0972404730617608
89386,7,0.2062706270627063
10644,0,0.0521739130434784
89891,4,-0.0738255033557048
70500,5,0.1098221191028616
75224,8,0.0173971227835396
89659,4,-0.056910569105691
35124,4,0.1342015855039637
71191,8,-0.159375
10853,3,0.0641183723797782
10026,5,-0.0092636579572447
10812,9,0.1033057851239669
10909,3,0.020556067993148
62296,0,0.1881355932203388
88779,0,0.0157068062827225
90441,9,0.0911371237458193
75222,7,0.1506746626686657
10860,9,0.0237580993520518
10443,9,-0.0613026819923371
10032,5,0.0919970082273746
70308,3,0.0496784565916399
85570,8,0.0927920463960232
11701,0,0.0803986710963455
71538,2,0.0593220338983051
10001,6,0.0791896869244936
11038,4,-0.1060171919770773
75215,6,-0.0224686314560841
76672,7,-0.1350210970464136
77453,4,0.0606683804627248
11137,7,0.2445108695652171
10838,7,0.1948051948051947
11292,10,-0.1246290801186943
87816,7,0.3048780487804878
64390,5,0.0491452991452991
65294,6,0.0567510950295182
12173,0,0.1172595520421608
11378,10,0.0
11403,8,0.2020725388601036
11478,9,0.1594090202177294
76310,2,4.042492917847026
85991,4,0.0366972477064218
11481,7,0.0593112244897959
75101,6,0.0910216718266254
75470,6,0.0812182741116751
11552,10,0.085202676111767
75107,9,0.1456611570247934
11547,8,0.032206119162641
87514,3,-0.1729166666666666
90196,0,0.1576923076923075
89048,4,0.0396039603960396
11600,9,0.0036776997659644
75104,8,0.1587057010785824
11043,0,0.1290726817042606
11654,0,0.1448818897637795
11638,4,0.275390625
11636,2,0.0327868852459016
11641,5,0.0672268907563025
11533,6,0.0945387792565397
11707,4,0.1269841269841269
11775,9,0.1315555555555556
11781,10,-0.1367713004484304
75233,5,0.1266349583828774
75186,8,0.0430183356840621
89686,5,0.1557830658550083
11731,8,0.1334156886967263
11825,10,0.0103305785123966
11910,0,0.0283806343906509
75261,7,-0.0384615384615385
37217,10,0.0310446780551905
75272,10,0.0077519379844961
11599,6,0.2748936170212765
89502,6,-0.0099075297225892
10822,3,0.1151079136690647
11618,5,-0.022115959354453
11896,8,0.0478182904961148
84769,6,0.140529531568228
10180,7,0.2255892255892255
11884,6,0.2262825017568517
75182,5,0.0930062248260712
75577,5,0.117291414752116
75241,3,-0.0257359125315391
75320,8,0.1428918590522478
75285,8,0.111162575266327
86168,3,-0.2180555555555555
10901,0,-0.1009463722397475
75316,10,0.1862702229995627
11903,10,0.0477272727272726
11891,2,0.1265560165975101
11955,9,0.0850111856823268
89715,4,0.188118811881188
84176,7,0.0578734858681024
90044,6,-0.0273897562311695
11752,5,0.1569355383057713
81774,10,0.2098765432098766
12149,0,-0.1415094339622641
12188,0,-0.0259574468085106
12248,8,-0.0201397451705712
12067,5,0.0532334384858044
75573,2,0.0693069306930693
11976,10,0.0274328616806236
75326,0,0.1958606764260475
84387,10,0.0293577981651376
17743,6,0.0207860922146636
12226,7,0.143288084464555
12074,8,0.0649059982094897
87137,8,0.0257715036112935
12214,10,-0.1854838709677418
12062,5,-0.031453218314532
12190,3,0.1656891495601173
80926,7,-0.0841269841269841
12209,0,0.0759753593429157
75432,5,-0.0150311968235962
75383,10,-0.2398407696135346
75672,2,0.3098236775818639
85269,4,-0.0550611790878755
75733,8,0.0501002004008015
12169,2,0.0081967213114753
75591,9,0.1260063003150158
82540,3,0.1717337715694329
75447,0,-0.036144578313253
76573,9,0.0048780487804878
75730,0,-0.2521246458923512
75694,9,0.0165361183637944
63467,9,0.0459770114942528
75649,6,0.0575980392156862
75646,6,0.0480604188122211
75607,9,-0.0655619596541786
75654,9,0.0608646188850967
75603,3,0.2333965844402277
10051,3,-0.0451002227171493
75825,10,-0.0088441598048185
75853,3,0.0088495575221239
75854,3,0.2811059907834101
11131,7,-0.0214797136038188
76148,8,0.177104935711323
16644,2,-0.1304347826086955
11628,2,0.1066666666666666
75831,8,0.0048367593712213
11748,10,-0.0425232328921429
75828,4,0.1062499999999999
11506,2,-0.1166666666666667
23799,10,0.003003003003003
11018,2,0.0660377358490564
11513,2,-0.0814917127071822
11847,7,-0.1667596207473508
89440,7,0.0740740740740741
10290,9,0.0145020947470189
75550,2,-0.0739856801909308
52936,9,0.0407818532818533
56611,4,0.1081530782029951
56710,10,0.0224719101123596
75860,3,0.0172599784250269
12106,7,-0.0776119402985074
10932,0,0.0390189520624302
11750,2,-0.16
11593,7,0.0051546391752577
69586,2,0.0225563909774435
89207,4,0.0358255451713396
92807,4,0.175300043529631
83469,6,-0.0086673889490791
76037,2,0.078740157480315
87759,6,0.0719530102790015
88797,2,-0.4053030303030303
90534,4,0.080373831775701
12166,2,0.0358974358974359
10913,2,0.0277227722772277
77643,4,0.0095238095238094
86382,2,0.0132450331125826
77889,2,0.0051282051282051
88976,4,0.0510688836104513
76359,4,0.21627408993576
81620,1,-0.0070422535211266
75912,6,0.1448627951499681
77181,2,-0.0263157894736841
10002,2,-0.1702702702702703
89738,2,-0.2202643171806168
79851,2,-0.305
77798,9,0.0153429602888086
89141,0,0.1613595706618962
85726,9,0.0307692307692308
77236,10,0.1309118426031026
76060,8,0.0084210526315788
11056,2,0.1818181818181816
75755,0,0.0075187969924812
76013,0,-0.1123470522803113
89903,3,0.0020242914979755
84516,4,0.1171243941841679
77300,5,0.0864670119342492
75930,7,0.0303703703703703
76215,6,0.1454418928322896
87652,4,-0.005952380952381
76082,8,-0.0271392081736909
76095,4,0.015075376884422
76391,6,0.1585923217550275
76963,10,0.0377358490566037
76127,8,0.1475770925110131
76128,5,0.2602081665332265
76135,4,-0.0139949109414757
78981,6,0.0397537830212875
76138,5,0.1561148250098307
76139,9,-0.0716550412175015
76415,2,-0.0579710144927535
76868,5,0.0664950664950665
89655,3,-0.012864691017689
76392,10,0.0528935905413816
89885,2,-0.1077450980392157
88871,7,-0.0203351955307261
76372,2,0.1905511811023621
76544,0,0.0438413361169103
76195,8,0.0641139804096169
83671,8,0.1501340482573725
76201,5,0.105304829770388
87053,7,-0.1919999999999999
79259,2,-0.0523255813953489
76207,10,0.0922063666300767
76355,2,-0.2307692307692307
76360,2,0.0978260869565217
89369,10,0.0065645514223193
90069,2,-0.1193181818181817
81651,2,0.109550561797753
90053,3,0.0
77486,0,0.0678466076696164
76330,7,0.1029411764705883
76230,6,0.0132142857142858
76461,3,-0.0211946050096339
76223,2,0.3150943396226415
89948,10,-0.0635593220338982
11644,0,-0.0869408369408369
76261,3,0.0088630806845966
76224,9,0.0536277602523658
77256,4,0.0516039051603904
76279,8,0.040816326530612
76477,8,0.0821785368997742
76478,8,0.1576699029126214
90608,2,-0.0294117647058823
79037,4,0.0964974982130093
78071,2,-0.2317880794701987
76515,8,-0.0916214587100663
76504,4,0.1384317521781219
83551,2,0.4027777777777779
76553,7,0.0277777777777779
76879,2,0.2272727272727273
88284,5,-0.0408163265306122
76582,3,0.148057058534186
76584,10,0.0895833333333335
76613,2,0.2614942528735631
76614,10,0.0837813620071685
77004,10,0.145
76619,4,0.1216063348416289
76978,4,-0.0171717171717171
76624,0,0.0771276595744681
76625,10,0.0
76644,4,0.1499351491569391
76888,10,0.0535714285714286
76837,6,0.0323243647234678
76638,10,0.1003154574132492
76661,7,0.0334378265412749
76686,3,0.0047879616963064
76695,3,0.0387833709655995
76856,5,0.1
76709,6,-0.0354679802955664
76934,3,0.1583969465648855
76712,4,0.1158008658008658
76714,10,-0.027089072543618
76721,5,0.1775673276117193
76960,2,-0.2608695652173912
76732,1,0.3058739255014326
76736,10,0.036144578313253
76980,8,0.0243386243386243
88031,0,0.0710815648171823
76744,0,0.0231003039513677
76750,3,0.0381988363268404
90277,10,0.3112750263435193
76945,3,0.0711111111111111
76788,4,0.1946308724832215
76795,9,0.0815924320063066
76869,10,-0.0141843971631205
76798,3,0.0727762803234499
76999,2,0.0555555555555553
76841,6,0.1776606954689146
76843,0,-0.0164835164835164
89213,9,-0.1583198707592892
77235,0,0.0275
77037,5,0.1220830961866819
85426,0,0.3123585332729741
77202,7,-0.1232208363903155
77087,3,0.0255813953488373
77090,3,0.0825665859564166
77117,7,0.1772151898734175
77114,5,0.0814408770555989
77165,3,-0.0297166551485833
77182,3,-0.0518029456576942
77191,6,0.0693523712391637
77175,3,0.1296365680029971
77178,9,0.1595615103532275
77259,8,-0.0879120879120879
77262,10,-0.0910394265232974
77264,0,0.0063829787234042
90464,10,0.1478328173374612
77271,8,-0.0038610038610037
77274,7,-0.028004667444574
77292,7,0.1067615658362988
77279,6,-0.0643957069528697
77282,7,-0.0923832259808116
77281,5,0.0541365907828983
77289,10,0.069767441860465
77327,7,-0.0076775431861804
77340,10,0.1518151815181518
77338,5,0.1168691922802001
77366,4,0.1175496688741721
77461,3,0.0898486759142498
77413,3,0.2969924812030076
77418,3,0.0882047734347977
77421,6,-0.2691479544755458
77425,10,0.0167493796526054
78147,2,0.3271604938271604
77443,7,0.2427184466019416
77437,7,-0.0319148936170211
77447,10,0.1566677028287224
77496,8,0.0692744755244756
77768,10,0.1425187524674298
77505,3,0.0
77515,5,0.112094395280236
77520,8,0.2888394512421208
77521,7,0.0649350649350648
83738,6,0.0143065693430657
77575,0,0.0922882427307205
77582,2,0.0
77585,2,-0.0414634146341464
77599,7,0.2644223170538959
77610,3,0.146273637374861
77605,4,-0.0344827586206897
77649,5,0.0228442728442728
77629,5,0.0776066350710902
77630,10,-0.1034482758620689
91117,0,-0.0559845559845559
77660,3,0.1478367849087551
77661,0,0.1210579857578839
77668,0,-0.0391322841344109
89810,10,0.1111111111111111
77683,8,-0.0121951219512195
84776,0,-0.0041275797373357
77702,5,0.022633744855967
90352,7,-0.0779220779220779
77763,8,0.220674879485806
77780,10,0.0946372239747634
77783,2,0.6244444444444444
77785,8,0.1698735568993952
77787,5,-0.0236162361623616
77868,0,0.059090909090909
77892,4,-0.0258064516129032
77900,3,0.1065989847715735
77902,5,0.0530098831985623
77918,6,0.1265422334704207
77917,8,-0.0397614314115308
77971,4,0.0923076923076924
77976,10,0.0774739583333334
77982,6,0.0012224938875304
78018,7,-0.364963503649635
78008,9,-0.0312891113892365
78009,4,0.1019108280254779
78015,9,0.0973916701724864
78186,0,-0.0177514792899408
78051,3,0.1018609206660137
78062,4,0.2337662337662336
78077,9,0.1188289322617679
78068,2,-0.058968058968059
78073,3,0.3006993006993008
78091,3,0.0081490104772992
78081,2,0.1301369863013699
78082,7,-0.0695970695970695
78210,6,0.0689655172413794
78189,0,0.1180124223602483
78197,4,0.0165631469979297
78139,6,0.0250626566416038
78172,9,0.0914306202940122
78170,5,0.0313745019920319
78208,2,0.2605633802816902
78211,7,-0.0430622009569376
78137,9,0.1720917067647891
78804,2,0.0423588039867111
78156,3,0.0387310955367024
78193,4,-0.0026809651474529
78213,4,0.0720930232558141
78840,6,0.137915339098771
78195,2,0.0372340425531916
91128,10,0.1011804384485666
88944,4,0.0013614703880191
78841,10,0.0660714285714285
86889,2,0.3026315789473683
78908,10,0.2472613458528951
78877,0,0.0038186157517901
79033,3,-0.0619765494137353
78875,3,0.1800766283524904
78889,2,0.0556792873051223
78876,8,-0.0055658627087197
78915,9,0.0559230306674685
78916,3,-0.0017254128666502
78869,7,-0.0325443786982247
79065,2,-0.0413223140495868
79006,7,0.0286885245901638
48653,5,0.0295598861396979
78955,4,0.0157109190887665
78990,3,0.2233201581027668
78950,5,0.0797235023041476
78987,6,0.0976928622927182
78977,6,0.0774097506512838
79089,5,0.1412103746397695
79080,2,-0.0163398692810458
79108,7,-0.0764144011756061
79133,6,0.1388154415653093
79103,3,0.0361648444070648
88597,3,0.2244655581947743
78910,10,0.3269230769230768
79150,8,0.00169779286927
79198,0,0.1013039117352057
79159,0,0.0567426400759734
79237,4,-0.002590114396719
90783,2,-0.0330578512396694
79299,6,0.0955882352941175
79248,0,0.3414634146341464
79249,8,0.2064516129032259
83659,0,-0.0276243093922652
79265,6,0.0230319697490546
90092,8,0.0247524752475247
79444,2,0.053763440860215
18649,4,0.1508145034156593
79417,3,0.1117936117936118
79399,9,-0.1103703703703703
79666,5,0.0555314009661838
79507,8,0.0513326752221126
79472,10,-0.0984615384615383
79499,1,0.151750972762646
79545,9,0.1746116764863416
79490,5,0.0095238095238097
88568,8,0.0466472303206997
79529,2,-0.234375
82763,0,-0.0436363636363636
79491,3,-0.000597550044816
81103,4,0.050251256281407
80069,2,0.0636363636363634
79564,6,-0.085377821393523
79588,7,0.1980544747081711
85913,9,0.1325985303941215
79628,3,0.1106330669944684
79668,8,0.0859090909090909
79712,7,-0.0296495956873314
79724,4,0.1316010058675607
79758,4,-0.0035335689045935
79686,3,-0.6438020578147967
79689,1,-0.0773480662983425
79734,2,-0.1769547325102881
79702,7,-0.0055555555555555
79857,8,0.2766122766122767
79906,3,0.1761517615176151
79790,2,-0.2208588957055214
79862,4,0.0683168316831683
79839,9,0.0525719831769653
79795,8,0.047808764940239
79791,4,0.0046728971962615
79878,8,0.021774991751897
79802,4,-0.0338983050847457
79915,10,0.0941465411379451
79841,6,0.0656880733944953
79879,10,0.1026422764227641
79884,3,-0.0459558823529411
79799,4,0.0136612021857922
79977,3,0.1447484554280671
80034,3,0.2255710659898477
80049,5,0.1342062193126021
80080,6,0.1739130434782609
80001,10,0.1605504587155961
80012,7,0.3742690058479532
80050,3,0.0108932461873638
84723,7,0.0141843971631205
79965,4,-0.0150250417362269
80079,0,0.2483120780195049
80054,3,0.1671169432651484
80167,9,0.0441249380267723
80113,5,0.106082036775106
80112,2,0.0416666666666667
80159,4,-0.0276923076923076
80165,10,0.0465116279069768
80135,10,0.3717948717948718
80279,7,-0.0574850299401197
76697,10,-0.0336479277800574
80236,4,0.0923317683881066
80204,9,0.0069567268010848
80254,9,0.0528255528255527
80191,6,0.0984638630067991
80193,7,0.1652892561983472
80237,0,0.0205479452054795
80266,10,-0.0421179302045728
80353,0,-0.0086956521739131
80361,3,0.0714717133078315
80306,7,0.0101522842639594
80375,8,0.107096212451023
80343,7,0.1779999999999999
80316,4,0.2021660649819494
80362,6,0.1062976333734455
80368,2,-0.1383928571428572
84584,10,0.0656934306569343
80357,0,0.0532915360501566
80303,4,0.1736577181208054
80439,8,0.1314285714285714
80485,3,-0.4104166666666666
80434,5,-0.1282660332541567
82541,8,0.191221198156682
80415,8,-0.0566910913999227
80446,5,0.1385960977797713
80539,3,0.0793388429752066
46392,4,-0.0217932752179326
80568,5,-0.1101654846335696
80587,0,-0.0408163265306122
80585,4,0.2796610169491527
80534,7,-0.1197007481296758
80498,8,0.0186335403726707
80557,10,-0.0630063006300629
80560,3,0.0745341614906831
80563,8,0.1857142857142857
80575,9,0.05050916496945
80679,9,0.2198001816530426
80621,10,-0.0062442183163737
80625,2,-0.3173129437465866
89099,4,0.1628787878787878
80670,0,-0.0061855670103091
80633,2,-0.0742358078602619
80759,8,0.2332650273224044
80828,5,-0.0074239049740164
80791,5,0.158049138247158
80795,5,-0.4026830377444292
80812,2,0.165289256198347
80804,6,0.1181165203511571
80808,4,0.0299837925445705
80837,2,0.0479041916167666
80858,3,0.0
80928,10,0.0865512649800266
80924,7,0.0847814639283834
80864,9,0.0865836791147995
80918,10,0.1347517730496454
80943,7,-0.2269129287598944
80951,5,-0.1544910179640718
81010,5,-0.0753257328990226
80960,0,-0.1885143570536829
80969,3,0.38905325443787
80990,7,-0.0091463414634145
81084,3,0.053921568627451
81109,10,0.0705294117647059
81055,9,0.0503722084367246
81182,9,0.0818967722134125
81162,5,-0.0451866404715126
81184,8,0.4271419637273295
81173,3,0.185025817555938
81128,7,-0.0274632618646109
88379,10,-0.1473408892763732
90359,2,-0.0613333333333333
81148,2,-0.1633466135458166
88865,2,0.119047619047619
86993,0,0.2756909992912828
85205,2,0.6972477064220184
81220,6,0.1071428571428572
81241,8,-0.0129366106080207
81256,3,0.1405835543766578
81254,7,0.05875
81292,4,0.0117994100294984
81282,6,-0.0035952747817155
81278,10,-0.0574660633484164
81501,5,0.0037759597230961
87532,4,0.1486146095717881
81540,10,-0.0560629921259843
81566,2,0.0575000000000001
81541,8,-0.0570962479608483
81546,4,0.0278113663845225
81560,2,0.0378657487091222
81530,7,0.0830449826989618
81588,0,-0.0336134453781512
81539,0,0.0068807339449539
81562,7,-0.0602706027060272
81575,10,0.0424242424242424
81584,8,0.0361635220125784
81624,5,-0.1048327137546468
81621,8,0.2812499999999998
81705,8,-0.0076103500761035
81736,5,0.0802499588883407
91275,7,0.1128608923884515
81740,10,0.0360205831903945
81741,7,0.1529019607843138
81756,3,0.0974477958236661
81670,10,0.0398523985239851
81857,9,0.2174046740467403
81696,0,0.1063360881542698
81666,10,0.1605415860735008
81665,10,0.0856005308560052
81691,10,0.0687732342007434
81677,6,0.1183253948357985
81776,2,-0.0323886639676113
89611,3,-0.0590302178496134
81893,6,0.1036383682469679
82231,5,0.1373134328358209
81850,4,0.0317460317460318
81869,0,-0.0073891625615761
81889,2,0.2640449438202248
82155,2,0.0
82171,3,0.0715418502202642
81925,10,0.0725034199726402
91262,5,0.231157894736842
82212,5,0.0596078431372548
82179,6,-0.0235135135135134
82176,3,0.0434782608695651
83631,2,0.3560000000000001
82234,3,0.0662983425414363
82281,10,0.0336487907465825
82272,5,-0.1521309117065276
82266,4,0.1240875912408758
82287,0,0.1935483870967742
82504,10,0.1115702479338842
82508,7,-0.0294314381270902
82471,3,-0.0491228070175439
82298,0,-0.0434153400868305
82518,9,-0.0253485424588085
82515,9,0.0095802919708027
82521,9,0.0367647058823528
82307,5,-0.0819987187700191
82575,2,0.1868686868686868
85032,6,0.0780952380952382
82567,3,0.101769911504425
82581,5,-0.0438979963570126
82618,3,0.0387449488946993
82649,3,0.0491575817641227
82544,4,0.0094043887147337
82552,7,-0.0830800405268489
82643,6,0.1126248864668482
82546,5,0.0915672913117546
82547,0,0.432872253864931
82642,5,0.116992643100664
82651,5,-0.0083462132921175
86042,2,0.2183098591549297
82634,3,0.0283172720533728
82638,9,0.0551808706315144
82587,9,0.0309278350515465
82635,5,0.1407035175879396
82607,6,-0.0530442804428044
82554,3,0.0484848484848485
82599,4,-0.0436842105263156
82762,3,0.1847133757961783
82734,6,0.0930232558139534
82720,9,0.0691244239631336
90750,7,-0.1269841269841268
82686,5,0.3028652616623255
82759,10,0.1043478260869565
82717,9,-0.0088570223534374
82768,10,-0.0977443609022556
82755,0,0.0555555555555555
82766,8,-0.0985324947589098
82775,7,0.0578400361500226
82702,3,-0.1400839454354668
82699,6,0.0695592286501376
82747,7,0.2741935483870967
82800,0,0.183496608892238
82812,2,0.375
82837,9,-0.0452577725304997
84578,2,-0.1697674418604651
82825,2,-0.0631768953068591
82839,4,-0.0625
83875,3,0.5644007155635062
86122,2,0.0825242718446601
91231,8,-0.019108280254777
83113,0,-0.1262642740619901
83131,3,0.1703499079189687
90690,3,0.2049586776859504
86098,10,-0.0392771084337348
87832,10,0.0
85838,4,0.0
83529,0,-0.0666666666666666
90710,2,0.1642066420664205
83145,3,0.0516304347826086
87471,0,0.0421286031042127
83149,7,0.4012738853503186
83120,8,0.1259842519685039
83123,10,-0.1328626444159178
84397,0,-0.0186915887850466
91187,2,0.1804123711340206
37381,10,0.109360429595807
83111,3,0.0619261574526275
83124,6,0.0289143480632843
90049,2,0.1625581395348838
82859,7,0.1236559139784945
83303,10,0.3076923076923077
84157,3,0.149807938540333
83307,4,-0.0126182965299684
83152,10,0.0769230769230768
83143,8,0.0538735529830811
83272,5,0.0713095634788403
83317,0,0.0
88163,7,0.1015911872705017
83291,10,0.1092964824120603
83283,5,0.0691537761601455
85406,0,0.0256
83304,0,0.3277108433734939
83244,2,0.1812004530011324
83390,3,0.1256038647342996
83411,3,0.1277445109780439
91024,3,0.1198501872659176
84215,2,0.056
83414,4,0.2091363311920058
83421,2,0.1380337636544191
83366,3,0.1109571962875746
83377,2,0.0260869565217392
83405,5,-0.0036925142665323
83422,0,0.1138439915671116
83520,0,0.0973574408901249
83504,2,-0.2442307692307692
88596,7,0.263157894736842
86744,7,0.1485714285714283
83509,10,-0.1890341821518697
83541,7,0.2042612320518759
83462,3,-0.0115432873274781
83565,4,0.0621212121212122
83452,5,0.1229729729729729
83503,6,-0.0761124121779859
83575,1,-0.1121495327102805
83558,7,0.0755395683453239
88811,3,0.0866000512426337
83616,4,-0.1711864406779661
83690,9,0.1236051502145922
83651,2,5.198859409868584
83621,6,0.107961547941829
83630,7,-0.0899159663865546
83661,5,0.0956848030018762
83602,4,0.014145810663765
89524,4,0.003883495145631
83683,2,0.2812500000000002
83720,7,0.0804761904761905
83779,3,-0.0420429772656493
83800,10,-0.1548969072164948
91050,2,-0.1428571428571429
83799,3,0.1515704940112561
83756,0,0.1215139442231076
83916,8,0.0783553141970518
83879,4,0.1154159869494291
83832,9,0.0949971894322654
83844,0,0.0775862068965518
83908,3,0.0163934426229508
83893,2,0.0183720930232558
83862,7,0.2377326565143824
86300,2,-0.0346420323325635
83910,5,-0.0356164383561643
83906,5,-0.0393412625800548
83885,10,-0.0439189189189188
83903,2,0.4202127659574468
83934,2,0.0233160621761658
83969,0,0.0336225596529282
83928,9,0.107856191744341
88436,10,0.1003666361136572
83950,0,0.0637755102040815
83961,4,0.0115273775216138
83965,4,-0.1551724137931033
83953,2,-0.1233085572708214
84140,2,-0.305
88905,3,-0.1363636363636363
84026,4,-0.1153846153846153
84103,8,-0.0520231213872833
89425,4,-0.0176211453744492
84062,3,0.0805084745762712
90101,7,0.2269938650306748
85996,2,-0.1036036036036036
84042,8,0.2323943661971832
84010,0,0.1470024637284424
84060,5,0.0475728155339805
84041,5,0.1391265195857722
84032,8,0.1841548231025096
84057,10,0.0565386922615476
84056,7,0.171875
84168,9,0.0882159315339039
84203,10,-0.0431137724550897
90666,7,-0.0737704918032787
84280,8,-0.0036630036630035
84234,3,0.0234285714285713
84281,5,0.1748438893844781
84172,3,0.1423987164059366
84262,4,0.0856709628506444
84210,5,0.0667547918043622
89801,2,0.25
84348,5,0.1099508599508598
84325,5,0.0528052805280527
84330,0,0.1818181818181818
84311,3,-0.0081967213114754
84365,8,0.0952153110047848
89268,2,0.1052631578947369
84342,4,0.1776824034334765
84364,6,-0.2447388932190179
84302,9,-0.0545454545454545
84320,3,0.3845553822152885
84373,6,-0.0558569419328913
84319,7,0.4239482200647251
84309,2,-0.0947368421052631
85176,0,0.3118210862619808
88984,2,0.1538461538461539
84438,6,0.0993179880647909
84385,9,0.0786423841059602
84413,7,-0.0189873417721518
84511,3,0.0604026845637584
84559,10,0.0279187817258883
84531,0,0.0069605568445476
84561,5,-0.0172890733056708
84563,8,0.0014094432699085
84546,3,0.0160857908847185
84555,7,-0.1831683168316832
84624,3,0.1738327618042734
84604,2,0.0450546520927752
84606,4,0.2275215011727913
84597,9,0.0287581699346404
84737,4,0.1572164948453609
84607,2,0.0131460674157302
84656,5,0.2004179728317658
84734,7,0.0222929936305731
84792,3,0.1222366710013005
84780,0,0.0556809631301731
84827,10,0.1215753424657533
88653,4,0.152156862745098
84788,3,0.0789859051803039
85204,7,0.175
85035,10,0.0664961636828644
85002,7,0.2111801242236024
85075,7,-0.0673076923076924
85072,5,0.0829221491228071
85034,0,0.0273122284295468
85067,3,0.040089856575082
85013,7,-0.0352941176470588
85047,2,-0.1325665859564164
85077,4,0.1846153846153846
85020,4,0.0381861575178996
85059,8,0.181159420289855
85168,4,-0.128133704735376
85187,0,-0.1611290322580645
85177,3,0.1439999999999999
85173,3,0.0588782871771003
87364,3,0.1706484641638226
85175,3,0.0454545454545454
85246,10,0.1800731261425958
85680,2,-0.2307692307692307
85231,0,-0.1442995372318047
85216,4,0.0482315112540192
90942,3,-0.1827731092436973
85280,2,0.2627173213135867
85291,6,-0.0024242424242423
85320,7,0.0470588235294118
85319,3,0.2153166421207657
85298,4,0.068576388888889
89898,2,0.33
85401,3,0.0883116883116883
85349,10,0.2526717557251909
90012,3,-0.103932584269663
85333,7,-0.0672268907563024
85348,10,0.0578893442622949
85372,8,0.0994120791020845
85353,3,-0.0537780803267528
89292,8,0.0626468285043069
85395,5,-0.0322580645161291
85453,7,-0.1162790697674418
85486,4,-0.0533333333333333
85611,0,-0.066810344827586
90875,4,0.0850111856823265
85502,7,-6.249609399411327e-05
85516,3,0.8414814814814815
85482,10,0.0311074243052675
85440,0,0.4110671936758894
85488,5,0.0007202016564638
85517,9,0.0926845415425354
85432,6,-0.0278276481149013
87139,9,0.079667063020214
85500,5,0.0173697270471462
85424,0,0.1876419809177645
85445,4,0.024390243902439
89615,2,-0.1228070175438597
87837,0,0.016
85427,0,0.1780705482362941
85419,8,0.086519114688129
85496,9,-0.0479166666666666
85540,3,0.3407407407407408
85590,5,-0.0515097690941385
85621,5,0.046313714951178
85627,7,0.1553738317757009
85539,7,-0.0250896057347669
85571,2,-0.1605839416058395
85593,8,0.1655422083264768
85567,5,0.103960396039604
85576,4,0.0060606060606061
85522,3,0.1412213740458014
85526,2,0.0536559139784944
85565,2,0.163793103448276
85686,7,0.0214285714285713
85675,8,0.0280583613916947
85645,9,0.1003300330033003
85710,5,0.0979965833203913
86017,3,0.1485265225933203
85716,8,0.0805921052631579
85647,3,0.1703825393100211
85663,7,0.4141630901287552
85653,3,0.0658523632501328
85728,2,-0.3926380368098159
85751,2,0.196969696969697
85656,2,-0.1756978653530377
85880,10,0.2944542253521127
85763,6,0.1034732272069465
85744,10,0.0112149532710281
85753,10,0.0602636534839924
85768,2,0.0458452722063036
85724,10,0.0612510860121633
85738,5,0.1253196930946289
85770,4,0.1473272490221644
85792,6,0.0401937046004843
85839,5,0.0321100917431191
85966,7,-0.15
85886,8,0.1402640264026404
85889,2,-0.2004875076173066
85931,9,0.0891224862888482
85903,10,0.3248730964467006
85804,5,0.0376811594202897
85739,7,0.1058020477815699
88203,4,0.032414910858995
85963,5,0.0928116469517743
86003,6,0.0789376613795647
86102,1,0.0246257846450987
86111,5,0.0391011235955056
85863,6,0.0501392757660166
32687,3,0.1328044280442804
87501,2,0.5250000000000001
87508,7,0.1604212253829322
89278,2,-0.1388392857142857
89530,0,-0.231839258114374
90972,2,0.0338983050847458
80638,7,0.0625
85939,8,0.2479061976549414
85951,4,0.2967581047381546
90603,2,-0.0909090909090909
85953,3,0.0478659370725034
85976,2,-0.1229946524064171
85980,4,-0.0829268292682927
85959,9,-0.0536746490503714
86302,2,-0.0190735694822887
87614,8,0.0528169014084507
85992,5,-0.0250453720508166
86047,9,0.0471869328493648
90331,2,0.1698554662440092
90544,2,0.3022988505747126
86073,7,-0.1729323308270676
86062,3,-0.0444444444444445
86034,7,0.2193126022913256
86026,4,0.1727078891257993
86021,9,0.0310559006211179
86083,10,-0.0301932367149758
86097,10,0.0940097449125825
86051,3,0.3059866962305986
86113,0,0.036
86048,9,0.1174377224199287
86196,5,-0.0182592818015825
86128,7,0.095100864553314
89815,4,-0.073125
86211,5,0.1052070848315354
87404,2,0.0136612021857922
86150,4,-0.0703125
86157,4,-0.0424886191198786
86158,3,0.0898921294446664
88836,2,0.2173913043478261
89527,7,-0.2145653876272514
86155,7,0.1348314606741572
86176,4,0.1541501976284585
86178,5,0.0919467343056434
86180,3,0.0665362035225047
86288,9,0.1296391752577319
86228,10,0.0716448032290615
89643,2,-0.0215703192407247
86240,0,-0.0404040404040404
87131,9,0.0427846265409719
86299,2,-0.0476190476190475
86236,6,0.0696629213483144
88516,0,0.0572687224669603
86233,1,0.161764705882353
86260,4,0.0354706684856753
86728,2,0.3668341708542715
89419,7,0.1788268955650929
87160,10,-0.211136890951276
86322,8,0.0995399414470932
87089,3,-0.0076045627376425
86305,8,0.1386340468909275
86339,5,0.0603864734299517
88850,7,-0.0233236151603498
86362,6,-0.001131221719457
90733,2,-0.083975346687211
86356,9,0.0662927078021418
88940,6,0.0406593406593407
86868,0,0.1489297630837205
88409,2,-0.0909090909090909
86253,4,-0.0204717309780937
90914,5,-0.0034460478139133
86435,2,0.0296495956873314
86534,5,0.0441361916771751
86489,7,-0.1085714285714285
86496,7,-0.0803571428571429
86512,2,-0.0518134715025906
86544,4,0.0412234042553192
86525,3,0.0843486410496721
86531,2,0.0106382978723404
90588,2,-0.0708333333333331
86526,2,-0.2272727272727273
86574,2,0.2266666666666668
86578,2,0.6470588235294117
90591,4,0.0622406639004149
88581,0,-0.0886699507389161
87342,7,-0.0087719298245614
86547,7,0.2701227830832198
86548,6,0.1148340923877686
89143,4,-0.0528571428571428
86560,7,-0.0498866213151927
86583,8,-0.009009009009009
86709,4,0.2572533849129594
86715,7,-0.0761421319796954
89934,6,-0.0141843971631206
86595,10,0.146131805157593
86717,5,0.0874904067536455
86720,0,0.0723258469737344
86725,0,-0.0901587301587301
86759,2,0.1445454545454545
86763,7,-0.0789473684210525
86791,9,-0.0139567341242148
86778,6,0.1463675213675215
86783,3,0.2711000493429281
86810,5,0.0801393728222996
86840,0,-0.0883054892601433
86822,6,0.0592592592592591
86819,7,0.2803030303030303
86827,8,-0.1191936897458368
86799,0,0.1101895734597155
86830,3,0.2617252931323284
87039,2,-0.0359999999999999
86899,5,-0.0156050955414012
86916,7,-0.15
86924,4,0.0625
86926,5,0.1342925659472422
86876,6,0.0671220671220671
90780,2,0.0039682539682539
86890,4,-0.0852713178294574
86946,9,0.1093630084420569
83554,10,-0.0232945091514142
86964,3,0.2808808516844101
86988,0,-0.0120481927710844
86949,3,0.0156078860898138
87843,2,0.3826086956521741
86990,0,0.0
88368,2,0.0833333333333332
86996,5,0.0638047633049103
87006,0,0.001639008399918
87013,3,0.002510985561833
87000,6,0.0673170731707317
86977,7,-0.1770914342850794
86979,6,0.217353198948291
87016,2,0.0415094339622641
87077,3,0.0674429888403687
87020,2,0.1164259927797832
87121,7,-0.0808625336927223
87054,7,-0.0707130229817324
90471,2,-0.0489913544668588
87066,10,0.1575663026521061
87099,10,0.0526315789473683
87075,10,0.0773809523809525
87084,3,0.0388513513513513
87056,9,0.1524261603375527
87074,0,-0.0039215686274508
87105,5,-0.1038961038961039
87034,5,0.0505171999037767
87086,9,-0.0291806958473624
89481,2,0.0956213394955973
87162,2,0.0825242718446601
87167,0,0.1078947368421052
87165,8,0.102439024390244
87179,3,0.1146272855133614
87173,7,0.2820512820512821
87182,5,0.1175166297117518
87172,3,0.0765864332603938
87178,3,-0.0060240963855422
87140,0,-0.1144859813084112
87264,5,-0.0152160681679853
87242,9,0.1097560975609757
87261,4,0.0972222222222223
87236,0,0.1223021582733812
87267,0,0.0982567711476132
87345,1,0.2136752136752135
87268,8,0.2228303362001564
87361,4,0.2559523809523809
84108,2,0.0499999999999998
87277,4,0.0264227642276422
87356,6,0.030848329048843
87302,7,0.4541284403669723
87299,3,-0.0544737490756717
87321,4,-0.0115321252059308
87337,2,0.0126361655773419
87379,3,-0.0260999254287844
89597,0,-0.1124260355029586
87439,4,-0.0125786163522012
90670,2,0.3500000000000001
87430,7,0.0533333333333334
90808,6,0.2076677316293929
87394,0,0.0928853754940712
87415,9,0.1443708609271523
87414,2,-0.0083333333333333
87424,3,0.0148148148148148
87373,0,0.0906949352179034
87510,3,0.0623323229155778
87445,9,0.0635044064282013
87496,8,0.057840616966581
87494,7,-0.0471698113207547
87498,0,0.0483870967741935
87487,1,0.0606653620352248
87492,5,0.0023188405797101
87478,3,-0.081967213114754
87499,7,0.1229656419529836
88926,0,0.055662188099808
87632,7,-0.027072758037225
87541,5,0.0899182561307903
87589,10,0.1437371663244353
87602,0,0.0674536256323778
87601,7,0.0595744680851064
87771,5,-0.2362088115512773
87833,2,-0.0402075226977951
87633,10,0.1952542372881356
87612,4,-0.0619322873658133
87797,7,-0.131578947368421
87752,3,-0.0667886550777676
87825,4,0.1576086956521738
87814,3,-0.0509090909090909
89701,2,-0.2745098039215685
87785,2,0.0438502673796792
87812,5,-0.0125739644970415
87777,3,-0.0296692607003891
87657,10,0.0317743662977507
87659,8,0.2235481304693716
87827,9,-0.017989417989418
87789,10,0.0036991368680643
88207,0,0.0243217960710944
88784,2,0.0183486238532111
88152,6,-0.0549291702804279
88167,3,0.0638297872340425
88468,0,-0.0072115384615385
88173,2,0.1796875
88174,3,0.0262390670553935
88195,2,0.0161725067385445
88159,2,-0.100864553314121
90354,3,0.1118124436429215
90083,3,0.2031872509960159
88370,4,-0.0374331550802139
88246,4,0.1590909090909091
88646,3,0.2420382165605095
88182,9,0.0579937304075235
88255,9,-0.0409356725146199
88260,3,0.1107382550335571
91171,0,0.0407475282246203
23887,8,0.0745428973277073
89572,3,0.0134920634920634
88534,7,0.3704545454545453
88264,0,0.0627306273062731
90071,0,0.0693069306930691
88343,4,0.1430912069907155
88352,3,0.0403966795513592
88331,10,0.0330836454431959
90560,2,-0.0106007067137809
91040,4,0.2168831168831166
88321,0,0.1438848920863311
88281,8,-0.0914937152879276
88313,4,0.1801801801801801
88280,8,0.036447638603696
88332,1,0.0102040816326529
88287,3,0.0116438356164383
88359,10,0.1133333333333332
88439,0,0.1612090680100755
88417,7,0.0774193548387096
88457,3,-0.2804428044280442
88466,3,-0.1291390728476821
88485,7,0.0236966824644551
88451,7,0.0273224043715845
88446,5,0.0298644612910634
88510,9,0.1841584158415843
88511,10,0.2374100719424461
88550,5,0.0374404356705242
88532,10,0.0120240480961923
88542,7,0.0493827160493827
88504,5,0.0830592105263157
88497,0,0.4357133700807589
88545,4,0.2102496714848882
88574,10,-0.1328502415458936
88535,7,0.2694063926940639
88564,4,-0.0136518771331057
88499,5,0.0108499095840868
89617,10,0.151317409505048
89395,4,-0.2147859922178988
90502,2,-0.0085470085470085
48506,4,0.1822289156626506
88648,6,0.0789473684210526
88739,5,0.1242149337055129
91071,4,0.0388257575757575
88615,9,0.012102196324518
88746,2,-0.5394736842105263
88661,5,0.0114911080711355
91360,0,0.0087719298245614
88740,1,0.1383737517831669
88727,2,-0.1303030303030302
90674,3,0.1656050955414012
88750,5,0.2782305005820722
88868,3,0.0346320346320345
89685,9,0.1519065190651904
88799,2,-0.032258064516129
88817,7,0.0475020475020473
89576,2,-0.0655172413793103
89925,3,-0.0469798657718121
88807,0,0.1672473867595818
88791,2,0.0739263803680982
88860,3,0.1667787491593815
90478,0,0.0226001342582233
26382,10,0.1180987202925043
88949,3,0.0158465387823185
88839,9,0.0140449438202245
90029,7,0.1881720430107525
88906,2,-0.0028328611898016
88908,0,-0.1258671952428146
88892,1,0.0708333333333333
88897,5,0.1606872157655381
88945,2,-0.0462249614791987
88991,6,0.1538461538461537
88895,8,0.0759717314487631
89497,9,0.1275848614904409
89004,6,0.2016710976072921
89290,10,0.1381818181818181
89006,9,0.0432142857142856
89110,8,0.0538922155688623
90696,3,0.4419431279620853
89046,9,-0.0602046959662854
88994,10,0.0993167701863353
89031,4,0.0512820512820513
89002,6,-0.0342741935483872
89030,2,0.0732758620689657
89014,6,0.0758516845473367
90176,7,-0.0472377902321857
89167,8,-0.0122358175750834
89036,5,-0.0988336402701043
89044,7,-0.1458333333333333
89215,4,-0.1951871657754011
89070,6,-0.0196114708603144
90216,10,0.0031007751937983
89327,0,0.2770398481973437
90980,4,0.0762250453720507
89413,10,0.0456621004566208
89203,10,0.020949720670391
89179,0,0.0365828734927446
90223,0,-0.1153846153846154
89244,8,0.0661736084079407
89204,5,0.100985221674877
89312,7,0.0471204188481675
89269,5,-0.0088372093023256
89217,3,0.0667596652052611
89225,0,0.038659793814433
90204,8,0.1603773584905659
89230,8,0.0551387846961739
89252,0,0.2086092715231788
90081,4,-0.1509229098805646
89761,2,0.2712195121951219
89297,8,0.1372031662269128
89353,6,0.1712204007285973
89321,0,0.0044286979627989
90898,2,0.8163265306122449
89919,7,0.0202205882352939
89409,8,0.0237730061349694
90192,7,0.0229132569558101
89332,4,0.1557093425605535
89410,6,0.1296390442297914
90778,7,-0.0769230769230767
89424,7,-0.0958408679927668
89387,3,0.098973607038123
89394,5,0.0940785832872164
90280,7,0.022
91152,3,0.0615324319028023
89753,2,-0.1037037037037037
89471,0,0.2636815920398012
89453,4,0.2435897435897436
89932,6,0.0338517840805123
89407,7,0.0813308687615526
91269,4,-0.1149425287356321
89406,9,0.063943161634103
89626,4,-0.0097673596081463
89443,10,0.0307254623044095
89916,7,0.2328767123287671
89636,4,0.094129063561378
89533,10,0.1496001048905206
90601,8,0.0950506186726658
89482,4,0.2024999999999999
90313,3,0.0386363636363635
89941,0,0.2568659127625201
90656,1,-0.0978260869565218
89484,2,0.3426851851851851
90067,4,0.1527397260273972
89876,5,-0.0765714285714286
89653,8,0.095808383233533
89574,3,0.0434261755016471
89546,6,0.0938532716457369
89509,3,-0.0378597373568034
89549,10,-0.1171477079796263
89620,2,-0.0039999999999998
90436,10,0.0184659090909091
90492,7,0.0827586206896553
89781,5,0.0350694444444443
90816,7,0.2080966477318184
89699,0,-0.0606741573033708
90874,3,0.1137290439510647
89698,7,0.0113636363636362
89644,10,0.2899940083882564
89796,2,0.1962616822429905
89793,3,0.0867052023121388
89741,2,0.48
89800,9,0.3452914798206279
89850,7,0.0982599795291709
89770,3,-0.0560747663551401
90218,4,0.2195121951219512
89798,2,-0.0427386934673367
90716,7,0.1155462184873949
89832,2,0.075268817204301
89901,3,0.122290232083652
89866,6,0.0259336099585061
89889,4,0.4383508960849165
89964,0,0.0456431535269707
89924,2,-0.1769230769230768
89922,0,0.0579439252336448
89877,7,0.1446808510638297
89913,7,-0.0752688172043011
90400,7,0.2146892655367231
89905,8,0.0889570552147238
91086,3,0.0395371263259403
89973,5,-0.1383248730964467
89971,3,-0.0026016260162601
90503,6,0.0462695199537306
90038,9,0.0746397694524494
90020,2,0.0845410628019325
91354,7,0.0567164179104477
90078,10,0.1267201834862383
89952,3,0.0058338076266362
90013,5,0.0202108963093143
89904,10,0.1656642974302897
89960,10,0.1953846153846152
90052,3,0.2727602466449039
90022,5,-0.0399419026870006
90088,4,0.2103896103896103
90129,7,0.1903614457831326
90333,7,0.0040322580645162
90565,3,0.0919315403422982
90126,7,0.160337552742616
90180,0,0.0930919837458441
90847,7,0.0835913312693499
90273,7,-0.0225563909774436
90210,10,0.1437558980811575
91233,7,0.0526737332731919
90425,7,0.1027190332326284
90287,0,0.0867647058823528
90110,3,-0.093124456048738
90275,7,-0.04
90700,3,-0.0686968838526911
90319,10,0.0896729949506012
90286,8,0.0603217158176943
90533,4,-0.0264270613107822
90363,4,0.037122969837587
90708,9,0.0606773283160864
90325,2,0.2628398791540784
90427,5,0.0681458003169572
90323,5,0.0082855321861059
90426,0,0.0009289363678588
90381,7,0.0654371584699453
90614,0,0.0527638190954775
90288,2,0.0257759074171488
90466,7,0.0459770114942528
90299,3,-0.0240676496097137
90227,6,0.1254328587918431
90314,7,0.1018609206660137
90353,5,-0.0532741398446171
90515,9,-0.0768500948766602
90467,8,0.0940366972477062
90423,0,0.1782020684168654
90312,9,0.3322563274098007
90536,4,0.0555555555555555
19721,4,0.1274787535410764
90901,2,0.0869565217391303
90411,3,-0.0847953216374268
90098,7,0.0
90538,3,0.0998743718592964
90469,3,0.008793969849246
90455,10,-0.0134378499440088
90535,5,-0.0090955027791813
90249,6,0.1333645297145529
90444,8,-0.0166136443973135
90404,1,0.1206896551724139
90833,8,0.0633423180592991
90371,8,-0.107669616519174
90491,2,0.0673076923076922
90493,0,-0.0460048426150121
90488,7,0.048780487804878
90439,6,0.1920821114369502
90496,2,0.4106463878326996
90489,7,0.015228426395939
90568,7,0.1611111111111109
90505,7,0.2131887985546521
90543,4,-0.1360759493670886
90637,2,0.0876033057851239
90718,4,0.0685920577617329
90540,9,0.1256306760847627
90417,7,-0.1726424870466322
90409,4,0.0577022153529109
90548,4,0.0194730813287513
90803,6,0.0270527820424586
90541,0,-0.0088945362134689
90520,0,0.127659574468085
90440,0,-0.0196721311475409
90994,6,0.1688311688311687
90605,8,0.0904522613065326
90550,3,0.0124421757856116
90569,6,0.1781144781144781
90558,0,0.2076124567474049
90734,3,-0.1715315315315315
90547,3,0.131679952760555
90482,9,0.033254156769596
90494,6,0.1498212544686383
90948,2,0.0471698113207548
90672,8,0.0977011494252872
91018,10,0.1138686131386861
90664,3,-0.0346020761245674
90742,0,0.1016949152542372
84553,7,0.0915662650602409
90849,6,0.2873512560599383
90720,2,-0.1083333333333332
91114,0,0.104982206405694
90811,2,0.0091743119266054
90699,4,-0.0349794238683127
90889,2,0.0969267139479903
86165,2,-0.0937500000000001
90993,10,-0.0655578165088913
90763,9,0.1265761396702229
90735,3,0.0242836328314715
90786,10,0.0723870723870725
90730,1,0.042513863216266
90885,0,-0.4299583911234396
90854,4,0.0
90732,8,0.0024999999999999
90792,4,-0.003184713375796
90789,5,0.2195481335952849
90791,3,0.1115384615384615
90856,0,-0.0466165413533835
90871,7,-0.0334928229665071
90867,3,0.04775169120573
90984,0,-0.0779944289693592
90776,7,0.0139470013947
90814,5,0.0272686633884666
90779,2,0.0833333333333332
90829,7,0.2795902285263987
90831,5,0.1793977812995246
90747,6,-0.1238556812062466
90775,3,0.0444590451160753
90966,0,0.2183999999999999
90858,2,0.1343283582089551
90868,0,-0.027434842249657
90795,7,-0.0563380281690141
91141,7,0.0757918552036198
90805,3,0.0812097451694202
90952,9,0.0007621951219514
90961,2,0.1700879765395895
90862,2,0.015625
91033,8,0.0660994764397906
91286,0,-0.0176991150442475
90971,5,0.0835550824906865
91032,9,-0.051063829787234
90956,10,0.0434012400354295
90825,2,0.1863727454909818
90926,2,-0.06875
91195,10,0.346153846153846
90870,6,0.0579510175922732
91045,3,-0.0874974505404854
90963,10,0.0233618233618233
90940,5,0.1989319092122832
91349,2,0.2565217391304348
90951,2,0.045267489711934
90900,1,-0.0030935808197988
90896,3,0.1214361140443505
90957,3,0.0640161725067385
90958,2,-0.1216216216216216
90988,0,-0.0546666666666666
90989,4,0.2684331797235022
91282,2,-0.0460992907801418
91020,4,-0.0454967502321262
91090,7,0.2126654064272211
90978,2,0.0272727272727273
90979,5,0.1337156655599154
90969,0,-0.2012779552715654
90910,3,0.012762453684644
90925,0,0.1370284834488067
91075,0,0.1299668874172186
90953,4,-0.0753968253968254
91083,2,0.2166100697879622
91073,2,0.0536779324055665
91063,6,0.0532355753905005
91192,7,0.1386414253897547
91369,2,-0.1240310077519379
84185,3,-0.0833666666666667
91041,0,-0.1167464114832534
91098,2,0.142857142857143
91099,8,0.0877906976744187
91113,5,0.2121212121212121
91080,4,0.1615487316421895
91068,3,0.0810612528323952
91096,0,0.2029220779220779
84521,2,0.2752825268038248
91088,2,0.0609756097560976
79519,7,0.0342298288508557
89003,0,0.0689783743475018
91100,5,0.1140837960625946
91199,2,-0.0322580645161291
91095,5,0.0478395061728393
91151,5,0.0674999999999999
91160,10,0.0408921933085502
91172,5,-0.0974983964079537
91143,4,0.0484980094100615
91234,4,0.0242587601078165
91348,5,-0.0883620689655171
91237,3,0.0652173913043479
91215,0,0.0273972602739727
91267,0,-0.1699640287769783
91359,7,-0.0681818181818183
91366,3,0.0274117026884554
91358,3,-0.0721816707218168
91350,0,0.2486149584487536
91299,2,-0.056
91363,0,0.0116731517509729
91371,3,0.0114573785517873
91277,0,0.0780952380952382
89863,7,0.0977564102564101
91283,7,-0.0821256038647342
85208,5,-0.1165327210103329
91355,4,0.1330049261083743
90727,7,0.0105932203389829
88434,7,-0.0084602368866327
85971,8,0.1524926686217009
38755,3,0.0646087580760947
86812,7,0.0861244019138756
89756,7,1.9073199527744984
91136,2,-0.1202185792349727
91021,7,0.3735632183908046
90199,0,0.2490815576781779
90272,1,0.086352148272957
90276,6,0.088194763435921
90178,4,0.021970705725699
90243,3,-0.2588235294117647
90188,10,-0.0758601240834743
90220,10,0.017144387891776
90241,0,-0.0448430493273542
90187,10,0.0811384876805436
90164,10,0.1132013741207262
90233,10,0.7406199021207178
90097,10,0.2711267605633802
90200,6,0.1025459688826024
90207,7,0.0172413793103447
90399,2,-0.2943143812709031
90599,2,-0.2250000000000001
54594,8,0.0035842293906811
13056,5,0.0922174840085285
50091,9,0.0183988065638984
14526,8,0.0397045244690674
11581,8,0.0950610727562402
15203,0,-0.0581451225372415
16126,5,0.1838455262442206
16249,2,-0.0869565217391303
17137,0,0.1238317757009344
85914,10,0.0236266981689308
20670,0,0.0704225352112675
64899,8,0.078294080203692
23660,9,0.1038798498122655
23975,6,0.0563063063063062
82542,0,0.2300962379702538
56274,6,0.0068610634648369
31668,6,-0.018486937590711
32046,6,0.0789679437060204
47511,6,0.1272485009993338
53866,3,0.0971079862032371
60628,9,0.1774354585651119
57330,9,-0.0233598409542744
37875,9,0.0763559768299106
20765,0,0.2009132420091324
17144,4,-0.0371621621621621
39328,5,0.0666666666666666
26657,2,-0.1128205128205128
41452,5,0.0861287398005441
89888,7,-0.1520039100684261
84226,8,0.0054347826086955
86804,10,0.1712523719165086
64020,4,0.3506493506493506
51423,4,0.2896405919661731
52090,5,0.03609062170706
53613,10,-0.1425206124852768
54114,9,-0.0885002649708532
55213,10,0.2023529411764706
51377,0,0.0252600297176819
57665,5,0.0901554404145077
67010,7,0.1241830065359477
91205,4,0.0262172284644195
35107,6,0.1241294551413356
61621,8,0.0007701193685021
51692,3,0.0904836193447737
64742,2,-0.1357142857142856
65307,6,0.0521300448430492
66852,3,0.0611111111111111
46922,2,0.0091836734693877
67193,8,0.0910763569457222
77354,6,0.0501658374792701
69199,9,0.0332278481012657
38850,8,0.1149361465852303
72128,3,0.0793991416309012
72486,9,-0.0541237113402062
44951,2,0.0405904059040589
65429,7,0.0521126760563379
74500,0,0.0109289617486338
74740,5,-0.0114258555133078
65752,4,0.0881226053639845
40694,4,0.123899796885579
65306,5,-0.0013630168105407
92874,8,-0.0472134831460675
81294,5,0.088622754491018
19502,0,0.0692883895131086
81614,0,0.1800000000000001
51086,0,0.051307847082495
83601,9,0.114307931570762
62042,2,-0.1450617283950618
88867,9,0.0089238845144354
21785,0,-0.0331313652185123
10044,6,0.0172228202368138
10104,10,0.1015843429636533
75510,0,0.0866439651910706
75033,9,0.0136054421768707
12211,9,0.0975071000315557
75434,3,-0.1551312649164679
80297,7,-0.1090909090909091
75976,10,0.146257197696737
77488,10,0.295668549905838
76858,3,-0.0303030303030302
76568,4,0.1354838709677419
76605,3,0.0949695166131869
76752,5,-0.0046604527296937
77478,0,0.1938610662358642
77637,9,-0.0415384615384615
77669,3,0.0272792534099066
79094,10,0.0909774436090224
87055,6,0.034287798650374
79866,0,0.1688775510204081
80032,6,-0.0637054354178843
80719,0,0.1660714285714286
80763,7,0.0683760683760683
81138,7,0.0861784789263009
91364,7,-0.0781250000000001
81655,5,0.0782496782496782
82777,5,-0.0053296486379785
83148,8,0.0950764006791171
83597,5,0.1195700850873264
20598,3,-0.0106482931412464
89508,5,0.0603015075376884
84746,3,0.0625954198473282
84785,5,0.13061797752809
85040,0,-0.0082644628099173
85982,4,0.1870078740157481
85272,7,-0.1999999999999999
85394,5,0.2053379250968574
85796,8,-0.1083870967741935
85972,4,0.0207116303770578
87092,3,0.1243781094527363
87184,3,0.1109191430545957
87214,3,-0.0012804097311138
88193,5,-0.0466019417475728
88668,0,0.2514063176114236
88841,4,-0.0448529411764705
88873,9,0.0325670498084289
89271,6,0.0917808219178082
89216,9,0.1580538757559098
89900,5,0.030054644808743
90739,2,0.0515463917525773
90386,7,0.2224217547460236
90992,5,0.0837042108866825
90179,9,0.0447457627118643
