firms,clusters,mom1
11157,9,-0.0373563218390804
47730,28,-0.0359897172236504
13777,0,0.0300842358604092
38746,20,-0.0229508196721311
60871,0,-0.1211037301992846
14198,28,0.02281802624073
14702,9,-0.0530361260568792
15537,28,-0.0354090354090352
68830,24,0.0379518072289155
49373,8,-0.0673316708229425
18570,27,-0.0122962539319416
18973,23,-0.0767311291328758
19271,24,0.0298229263746505
29938,6,-0.0094444444444445
10866,9,-0.0516431924882629
20248,7,-0.152851711026616
25320,15,-0.0434153400868306
21726,14,0.0508723985705277
21742,21,0.0227272727272727
11267,0,-0.0340277777777777
86474,0,0.2571428571428573
22753,0,-0.014423076923077
22825,0,-0.0735785953177258
26201,0,-0.0388730385164051
65541,3,-0.0347046945986875
27562,10,-0.0851754208071385
27677,30,0.0458911419423693
27909,25,-0.0500532481363152
63546,12,0.0331125827814569
49154,9,0.0976337667874653
19350,10,-0.0477865372953304
49429,13,0.0790180283851169
61313,0,-0.0873434410019775
80971,0,0.0566037735849056
12008,0,0.0428396572827416
31500,0,-0.1128018524644393
33209,0,-0.0964705882352942
50788,14,-0.0003926701570681
77462,0,-0.0126538987688097
37058,9,-0.042134831460674
62228,0,0.1021052631578947
83233,6,-0.0612025219129632
32678,10,-0.0453050785531604
23077,27,-0.012012012012012
27828,0,-0.0337912087912086
66181,10,-0.0356156819436774
32870,4,-0.0281784636028178
42922,21,-0.0866190624029804
12503,10,-0.0912150194828196
89757,0,-0.0247760358342664
47571,0,0.00497461928934
16678,24,0.0028225806451613
48291,13,-0.1957494407158836
48347,0,-0.1114488348530901
64282,17,-0.0153446033810143
27617,10,-0.1741741741741742
60097,0,-0.064365429535427
52813,25,-0.1077283372365339
60548,23,-0.0738137082601055
53197,28,-0.0887166236003444
56777,27,-0.1083601756954611
57809,26,-0.069644484958979
57817,0,0.0685982104814657
79611,27,-0.0543541788427819
59185,28,-0.0340802987861811
34948,0,0.1605450236966825
60709,16,0.216417910447761
35051,14,-0.1182642717410634
18403,26,-0.1094383323682686
35238,26,-0.0164684354986276
13936,3,0.0928669619673132
49971,23,-0.0360211500330469
64785,9,0.0226824457593686
62033,0,-0.0516962843295638
91556,3,-0.0542935596605093
50948,0,-0.1477688368690562
70923,25,0.0068587105624142
42585,14,0.0193615907901623
72005,0,-0.0558292282430212
76081,24,-0.14251040221914
60580,25,-0.1102479338842975
37807,25,-0.0884636716583473
80179,12,-0.1961222967934378
80857,0,-0.02995308552869
59627,0,-0.0928571428571427
55976,9,-0.0080918328942416
82924,6,-0.037492789848106
83011,0,0.0145245272677445
15456,0,-0.0854377104377105
79672,0,0.0017857142857145
40539,0,0.0527317723205786
10025,0,-0.0722850291195615
10182,0,-0.0454080589077521
10259,20,0.1191099476439792
10501,8,-0.0404157043879906
77420,6,-0.0866250866250866
10514,0,0.0
10659,0,-0.0459330143540668
10645,0,-0.0659477866061295
75527,10,0.1191489361702127
89105,0,-0.0138597228055438
11132,26,-0.0430539609644087
71837,0,-0.0087463556851311
11154,0,-0.1168831168831169
11343,27,-0.0326496442025953
11379,10,0.0144578313253012
11174,3,0.0254545454545456
75100,0,0.0136271013754458
11081,10,-0.0257948410317938
89609,0,-0.0215517241379309
12266,16,-0.0698924731182796
75489,4,0.0164556962025315
11839,30,0.0476309523809523
75905,3,-0.1052173913043478
76052,4,0.1264080100125155
76076,0,0.023062139654068
84184,0,-0.0347394540942928
76671,0,-0.0061302681992336
76217,0,0.0939597315436242
77007,13,-0.0209150326797386
76839,10,0.0088737201365187
76847,16,0.044238683127572
77045,28,-0.047945205479452
77501,7,-0.0087796312554874
77530,10,-0.0145228215767635
77584,25,0.0377049180327868
77699,12,0.0152671755725191
77830,3,-0.0221223643276875
77862,28,-0.0339485827290705
78216,0,0.1646586345381526
78034,28,-0.0623289753724536
78050,12,-0.1095100864553315
78200,27,-0.0037413148049171
78881,0,-0.0289803220035778
78975,0,-0.0994986502121094
79007,0,0.0477611940298507
78963,17,-0.0091923834537098
79195,0,-0.0744554455445544
79307,0,-0.023191094619666
79411,0,-0.0517963411946218
79667,7,0.0494571773220748
79881,9,0.1559502664298402
79922,12,0.0359281437125749
79797,10,0.0034071550255536
80114,0,-0.0647321428571429
80274,0,0.0457516339869281
80233,23,-0.0797034291010194
80432,30,0.0305882352941175
80544,0,0.0259948010397921
80592,13,0.2564051638530287
81165,3,0.0497109826589594
81212,13,-0.0924657534246575
82598,17,-0.0996589617279272
83399,15,-0.0049382716049382
83391,0,0.0364583333333332
83333,0,-0.1980939414567732
83704,12,0.2096774193548387
83808,22,-0.0766798418972332
83822,25,-0.0936757013789825
83896,12,0.2448700410396718
83976,0,0.0926479378362223
84084,0,-0.0361090641120117
84275,0,-0.0215608155612843
84255,14,-0.1131725417439701
84416,12,-0.0999999999999999
84588,28,-0.0101687581133708
84519,0,-0.1588683351468987
85019,27,-0.0047505938242279
85390,10,0.0860867610699032
85464,9,0.0311475409836066
86189,0,-0.1646977067407923
89606,20,0.1199999999999998
86580,24,-0.1320991528082836
86594,25,-0.0204638472032742
91014,20,0.1210191082802547
86881,11,-0.1517027863777089
86959,12,-0.0677966101694914
89416,0,0.0180586907449209
87255,24,-0.0864917395529639
87343,7,-0.1142086330935251
87390,13,-0.0549084858569052
87432,0,-0.1751125024457054
87377,9,-0.0782250686184813
90640,0,0.0033557046979866
88172,13,-0.1398527865404837
88458,3,-0.1600114909508763
89208,13,-0.0688360450563203
89301,9,-0.1158605174353206
89397,28,-0.0815334773218141
89447,0,-0.0185185185185183
89452,13,0.2564841498559078
89540,0,-0.0377113133940182
89908,7,-0.0485549132947976
90215,3,-0.028661498187676
90387,0,0.103030303030303
90679,13,0.2561290322580645
90657,3,-0.1122886133032695
90715,0,0.0640768922707248
90807,13,-0.0622216400314382
91547,23,-0.0469678953626634
76020,3,-0.0453720508166969
91733,0,-0.1844413012729845
91888,13,-0.2233502538071066
48020,12,-0.0428571428571427
77186,13,-0.1344155844155844
91964,12,-0.0784313725490195
21020,0,-0.2148148148148148
11499,0,0.1114728865735259
81912,6,-0.0866141732283465
27991,28,-0.0500224315836697
20482,9,-0.0247054351957429
10656,23,-0.0909090909090909
60038,9,0.0645025295109611
10779,0,-0.2374100719424459
61487,10,0.0181531176006315
61241,24,0.050071530758226
88845,0,-0.0589702880471763
28222,6,-0.0716677129106506
11368,9,-0.0372807017543859
28804,3,-0.107215892491966
11587,0,0.0065723458038422
11691,6,0.0010382059800664
11790,4,-0.0472287275565964
71271,0,-0.0111074122994628
10145,0,-0.1089108910891089
45911,3,0.1013925152306352
24643,9,-0.07124842370744
28484,26,-0.082932049224184
90893,16,-0.2996632996632996
81073,0,-0.0625065002600104
39482,13,-0.1384297520661157
10225,28,-0.0558256233338561
12758,0,-0.012280701754386
24109,15,-0.0217622080679406
59176,0,-0.0321083172147003
66800,7,-0.0211459754433833
13470,23,-0.0170098478066248
13507,4,-0.0330322580645161
58560,0,0.0141249999999999
13769,26,0.0
11144,0,0.0531996915959906
85257,28,-0.0534521158129175
14008,9,-0.0625535561268209
64864,12,-0.1170212765957446
18075,8,0.1108742004264393
14219,13,-0.0277777777777779
14227,0,-0.0583529411764704
83112,10,-0.02698224852071
39490,10,0.0026744468757597
14593,3,0.1632853646949277
14761,16,0.0814814814814814
10516,9,0.0076285240464344
14868,0,-0.0354270810693326
77595,0,0.0139064475347661
29209,14,-0.1626506024096385
24272,0,-0.0523057876818322
15457,3,0.0353896103896103
15553,23,0.0022107590272659
15721,27,0.0582370269657828
44644,28,-0.0225892179195139
16030,12,0.0059171597633136
44601,23,-0.1832772456639917
27684,10,-0.0809284818067753
40416,30,-0.0632142857142856
53110,0,-0.0135171668018383
52484,4,-0.0123106060606061
75034,0,0.0664277839029767
10318,0,-0.0002284148012791
57568,4,0.0088403536141443
24221,0,0.0229188619599578
16505,0,-0.1304347826086955
16548,23,-0.0367583834909716
49656,0,-0.0199063231850117
46877,27,-0.1017658838521754
39693,6,-0.0185409109230147
47423,27,0.0079787234042552
27887,26,-0.0254649019936337
29612,14,-0.1036225779275483
39642,11,-0.0297087153301612
17444,26,-0.1120689655172413
65875,9,-0.0521085146387321
65509,24,-0.0717131474103586
43772,6,-0.0645352279455299
17778,9,-0.0396623745747384
61508,6,-0.0720285059811657
18033,12,-0.0654205607476635
61946,23,-0.0069790628115653
65154,0,-0.0480824270177446
19561,24,-0.046801027999459
42024,0,-0.0980891719745222
18650,0,0.0185483870967742
52230,26,0.0129485756566776
87146,28,-0.0358851674641148
60898,30,-0.0703703703703703
19393,0,-0.0103591160220994
10874,0,0.0700980392156862
55597,0,0.0311063024073572
19880,0,0.0588235294117647
10890,0,-0.191828793774319
20117,23,0.0480549199084667
45655,8,-0.0248306997742662
64186,0,-0.0322768811977444
67838,15,-0.0520783564261825
20336,0,-0.0481651376146788
62148,20,-0.0629290617848969
28564,23,0.0165460186142709
86290,13,0.2480798771121353
46690,25,-0.0193127664910959
20504,0,0.1764705882352941
20512,25,-0.0634115409004438
20750,20,-0.0213789417423838
21371,27,-0.0365477763099957
27334,14,-0.1218769043266301
23114,28,-0.0264528223286814
20618,0,-0.0041608876560332
30402,11,0.0451535219747141
18542,0,-0.0720458388126995
89792,27,-0.0542222222222221
22437,28,-0.0411190386781824
64557,25,-0.0037302725968436
63503,10,-0.0293222683264176
60599,9,-0.0821172396735098
22374,27,-0.1687612208258528
90011,25,-0.0482279868469126
22921,23,-0.1219239373601789
64194,6,-0.0718864468864467
23182,28,-0.0354733949537846
14541,0,0.0114741345779851
30509,0,0.06984126984127
23297,25,-0.0179885527391659
23393,20,-0.004933399111988
79026,10,-0.0255102040816326
68320,0,0.0086206896551723
47677,0,0.0421686746987952
86685,12,12.316910592667728
23916,23,-0.0105069124423963
27422,3,-0.0284478096268253
46578,9,0.0615361803084224
24193,0,0.0344827586206897
11995,27,-0.0464085131540052
11308,10,0.0106999554168523
24441,0,0.1248969497114591
24476,0,-0.1309933055907364
30648,15,-0.0450038138825323
18729,0,-0.0346642260610914
61735,0,-0.0619883040935672
89525,10,-0.0520915548539857
25129,23,-0.0486046511627907
25452,0,-0.0027886224205243
25487,13,-0.1158572264482153
25778,11,-0.0236427320490367
40125,4,-0.0706006322444678
26084,17,-0.0212604403948366
79618,17,-0.0335570469798658
26463,23,-0.0097732603596559
11404,6,-0.0120210368144252
41929,28,-0.056428755475393
26607,0,-0.0585090924052957
23229,6,-0.0279329608938547
30840,0,0.028909329829172
91983,0,0.0566938838391619
21979,25,-0.123345064521535
27430,27,-0.1480545730166751
59248,8,0.0069289226642823
22293,9,-0.1234159779614324
27474,20,-0.130316742081448
20204,14,-0.0625379477838493
27618,16,0.0155586987270155
38420,13,-0.0329670329670328
53575,17,0.2967515364354696
17726,25,-0.0105615662029882
59256,0,-0.0030927835051546
31077,25,-0.0480486369876447
27888,23,-0.0522427440633245
41080,0,0.0134312493960768
18091,8,-0.012666048810627
19828,23,0.0394477317554238
28629,0,0.0380622837370241
29050,9,0.1622254758418739
29058,0,-0.0108055009823182
29103,0,-0.1179775280898876
91926,7,-0.1395856052344601
29285,28,0.0285660115022434
61743,0,-0.047349251315257
11674,28,-0.0035985605757696
76708,0,0.0509047860646034
29867,20,0.0185758513931888
40440,23,-0.0248306997742664
79322,0,-0.0384615384615384
44943,25,-0.0977011494252874
26403,26,-0.0107581967213115
10886,24,0.0017187717749804
64936,0,0.0037290242386576
38682,11,-0.0407955124936257
30593,16,0.2334096109839816
25953,14,-0.1081120943952802
20626,27,-0.0313888888888889
30681,28,-0.0257475083056477
11703,25,-0.0486586493987047
63132,0,0.0695187165775401
27959,11,-0.0122145512480082
88590,0,-0.0395816785808844
30940,28,-0.0956410956410956
31051,0,0.0410958904109588
31070,28,-0.1136363636363636
31078,10,0.1206896551724137
42200,28,-0.091044221479004
63159,0,-0.0617647058823529
31480,11,0.1056770994731948
11754,12,-0.3296089385474861
11762,4,-0.0680272108843537
70578,27,-0.1131606952820148
82855,14,0.0356037151702788
32054,0,-0.0046632124352331
32062,0,-0.0373626373626373
22103,0,-0.1272888888888887
81124,16,-0.1237623762376237
23042,0,0.0597092419522324
32540,22,-0.0174418604651163
32548,0,0.0933333333333332
26470,28,0.0408849557522124
32636,12,-0.1101694915254236
32791,30,0.1690666666666667
32986,23,0.0054135338345864
52476,23,-0.01036866359447
33532,16,-0.033112582781457
31691,0,0.0187398703403565
42550,3,-0.0391893246330429
87696,0,0.0442338072669825
87717,25,-0.0677866770853682
33823,0,-0.0544157002676183
87725,11,-0.0861244019138754
11850,24,-0.0195379700172031
19166,25,0.0180190653336433
24205,15,-0.0384615384615384
34367,12,-0.227810650887574
47706,0,-0.1189024390243901
21135,24,-0.03125
34666,7,-0.4256756756756756
34818,28,-0.0464975845410627
35044,0,-0.017741935483871
35167,4,-0.1150817686250758
35263,23,-0.0692011960700555
10777,23,-0.0379232987928639
35554,28,-0.0194428652643547
66157,9,0.0215601724813796
36397,4,-0.0576519916142556
54244,24,-0.0575040196603876
36768,25,0.0697674418604652
88924,0,-0.0054446460980035
88853,0,-0.0174760284565418
37154,0,0.0102040816326529
25785,16,-0.1145757795503987
45241,0,-0.057956278596848
37234,0,-0.0265818045675777
37402,23,0.0559100577332118
37568,25,-0.0702875399361023
37584,0,-0.032980351358089
58421,17,0.1064425770308121
37955,28,0.0062020082693443
12036,28,0.062230603448276
38093,28,-0.0147161878065872
47941,9,-0.1089385474860336
12052,15,-0.0856146001073536
12060,0,-0.0503711558854718
46834,12,0.0216450216450214
55212,28,-0.0897653036535204
38659,0,-0.0625206748263315
46674,25,-0.0227941176470588
39029,0,-0.0521327014218009
57154,25,-0.0188556566970091
32299,0,-0.0005126890540886
12140,0,-0.0037696335078534
16432,10,-0.0357781753130589
53604,28,-0.0109289617486338
85908,17,0.1054131054131053
39571,0,-0.1328464271614685
60468,26,-0.0352941176470588
52695,0,-0.0343637510161894
39731,0,-0.0347826086956519
62885,12,0.9376899696048632
84808,27,0.1029644715999096
23819,0,0.0731372549019606
54084,12,-0.1563157894736841
40970,12,-0.026315789473684
25582,23,-0.115179760319574
25304,23,-0.1592024539877301
52978,27,-0.0994764397905758
41188,0,-0.036697247706422
10294,9,-0.019538188277087
41241,0,-0.0496963003865267
41292,0,-0.0344615384615385
76927,0,-0.0704429920116194
32651,10,0.0104031209362807
32707,0,0.0443133696309738
16600,14,-0.0072119613016711
91575,0,-0.1139798488664988
61567,14,0.0936500685244403
52716,0,-0.1900521285838401
32803,3,0.0863112391930835
42140,10,-0.0315436241610738
42439,23,-0.1675955414012738
42455,10,0.1399075169373052
91207,0,-0.0192719486081369
21792,25,0.0118863049095605
32934,6,-0.0965367241090848
42877,0,-0.0392864727118283
42906,0,-0.0785060975609756
88795,12,0.3788546255506606
12570,28,-0.0948583064652978
80210,14,-0.0137719969395561
21928,28,-0.0073417721518986
56573,6,-0.1184280403611259
43634,7,0.0089189189189187
43757,10,0.0024570024570023
51633,23,-0.052045944005743
12431,6,-0.1759524333847169
44274,0,-0.043872198378636
46463,0,-0.0625000000000001
44506,28,-0.1297709923664123
59328,10,0.0076714801444042
77855,7,-0.0265700483091786
44768,0,-0.172947857511616
12490,0,0.0600408627222384
40272,14,-0.0477895392278953
45277,15,0.0574516496018202
45306,0,0.6707466340269277
21573,25,-0.0040241448692153
27705,25,-0.0815159099034679
45373,4,0.035035035035035
45437,4,-0.0324248120300753
45560,0,-0.1007751937984496
53065,14,-0.2151999999999999
45728,25,-0.0967158782765892
46042,26,-0.0738498789346245
46077,6,-0.0446893174165902
46181,17,0.0868347338935573
52329,23,-0.095028901734104
82694,28,-0.0474240873422039
22111,9,-0.0260072158749247
42534,14,-0.1130580892942869
46886,0,-0.0163043478260869
46907,0,-0.0764037071244306
46923,7,0.0474358974358974
46950,12,-0.2427536231884057
47002,14,0.0042289258528334
42067,14,-0.0125944584382872
47088,0,-0.0593900481540929
24432,23,-0.0270139893873612
12650,0,0.0003370975897523
24053,28,-0.0408769973987366
47205,23,-0.0447481243301179
26825,0,0.0083152566883586
47379,24,-0.0515151515151515
44134,14,-0.0658611703387823
47619,10,-0.026315789473684
47715,4,-0.0668740279937791
17750,11,-0.0180288461538461
59045,25,0.0291159343568025
48072,7,0.0
48144,3,-0.1741472172351886
89456,26,0.0478589420654911
49488,3,-0.0740913327120224
48267,14,0.0337078651685394
12781,23,-0.0153317472905101
48486,10,-0.076784101174345
48523,27,-0.0113449523183163
48531,0,-0.0564031437817844
48961,23,-0.050838840874428
50286,12,0.0224719101123596
60943,6,-0.1099261689909761
65330,23,-0.1019536019536018
20415,10,-0.0126099706744867
50876,9,0.0205169197974952
81678,4,-0.0454672245467224
49905,7,0.1962616822429908
21178,0,-0.0647153266641965
56223,9,-0.0479115479115479
76489,0,-0.0531086577571179
62906,12,0.1250000000000002
59774,0,0.0100334448160535
33849,13,-0.025278058645096
66245,0,-0.0823863636363636
23835,23,-0.0417777777777778
50623,28,-0.0578532153956491
50789,23,0.013570194917345
89790,30,0.0595238095238095
51263,24,-0.1692399049881234
81311,0,-0.1010101010101011
15069,0,-0.4121108580106302
45751,6,-0.0545046489259378
34032,8,-0.1230257689110555
51829,0,0.0271565495207668
35705,24,0.0686306364850717
39538,14,-0.0301927973808656
51925,12,0.0297619047619048
51960,27,0.0420012353304508
43449,10,0.0256166982922203
89915,6,-0.0730056980056979
17478,6,-0.007396802672393
81061,0,-0.0302450687387926
52250,0,0.0078358257604402
89813,0,0.1125265392781316
10507,0,-0.0650306748466258
17005,9,-0.0327301756253325
22752,0,-0.0328705015585151
42796,23,-0.0411178927079985
53074,5,0.04653371320038
87437,10,-0.037593984962406
89857,0,0.0691891891891891
53373,0,-0.1648351648351648
53480,14,-0.0148863407765037
53640,28,-0.0317073170731706
24010,4,-0.0216754540128881
53859,23,-0.0156081808396124
54253,6,-0.0862346009641137
91109,9,-0.098583569405099
22592,10,-0.0812862414338428
24248,28,-0.0192495126705652
54675,14,0.0988939492517892
54704,10,-0.0299284320104098
54827,6,-0.0888630190143577
76591,0,-0.0125412541254125
42614,28,-0.0500463392029656
22779,13,-0.0249782797567332
28345,26,-0.0219311605239109
65365,15,0.1575875486381324
69550,14,-0.0766112687474666
59408,0,-0.1140510948905109
84372,6,0.0561143462149285
13303,3,-0.0196078431372548
90377,13,-0.1105845181674564
55993,16,-0.127946127946128
56040,30,-0.0002792516056968
80004,12,0.0824742268041236
78900,6,-0.0042297735827083
25590,25,-0.0057692307692307
52337,0,-0.108974358974359
58501,0,-0.0519765739385066
34497,26,0.0024632968765394
56945,16,-0.143223819301848
38658,28,-0.0332247557003256
64450,28,-0.0224164985429276
47466,30,-0.0160550458715597
60986,23,-0.0164765525982255
21207,0,0.0303872521771355
34673,17,0.02425578831312
57534,0,-0.1447440836543755
61815,27,0.1121276358362157
64311,25,0.0102762578406512
28118,27,-0.0613509605453418
44206,28,-0.0332669889110037
38762,6,-0.005925925925926
23931,28,-0.0123456790123457
58246,4,-0.0229547432550043
24766,0,-0.1274693583273251
58318,24,-0.2193321616871704
58334,8,-0.0115222690006647
90458,28,-0.0329205678042886
34817,0,-0.0565259582726831
58836,16,-0.1656804733727811
34833,10,-0.0563244905805458
72611,3,-0.0168539325842697
58975,4,0.0666666666666666
67029,4,-0.0076923076923076
59089,25,-0.0497843982751863
23026,30,0.0113250283125707
24440,25,-0.0055643879173291
13610,28,-0.0772285966460724
63714,6,-0.0435873314518657
59871,0,-0.0799999999999999
51457,20,-0.0965107646622124
60186,23,-0.1156857060017396
91531,0,-0.0473895582329317
77157,4,-0.1022859356838433
44230,16,0.1116173120728929
90531,0,-0.0857699805068225
22509,14,-0.0725850864632668
60506,0,-0.1620669406928949
13688,0,-0.0142755174875089
86136,15,-0.0414145234493192
61138,0,-0.0178896300788355
61146,20,0.0078328981723236
61269,0,-0.1007568590350046
58675,26,0.0837606837606839
41355,14,-0.1194562068197013
61496,7,-0.0430622009569376
57509,7,0.0771319934818033
61787,28,-0.0544080604534006
61955,20,-0.0068130204390614
22517,0,0.0025152712899747
62034,6,-0.0879583746283448
13856,0,-0.0907283827914241
50550,0,-0.1772679874869656
62341,9,0.2143095954530258
62368,15,0.0175600739371533
21936,9,-0.0655825242718447
21776,0,0.0287114845938374
52898,23,-0.037761601455869
13901,24,-0.0041650889814464
13928,10,-0.0425588509110254
62958,0,0.0332615283507977
63125,0,0.1474820143884891
89968,7,0.0232558139534884
24459,4,-0.0626359286646367
80185,0,-0.0624144538735286
23501,23,-0.0483953132959754
63715,23,0.055890410958904
63830,0,-0.0198602502192681
18163,9,-0.0327198364008179
64486,0,-0.0808473843493298
55511,6,-0.102747909199522
23712,0,0.0033700980392157
64929,0,-0.0574285049988374
64961,17,0.0465063001145475
65008,3,-0.1303294573643411
87043,16,-0.203030303030303
27756,20,0.0406549971767362
65270,0,0.0299252336448598
69649,27,-0.0121306376360807
66683,3,-0.0374898125509371
65700,6,0.0056083881980006
24942,15,-0.1027081243731194
58771,25,-0.0919574659278118
76711,4,-0.0306788511749347
76282,17,0.0273149412728763
66617,0,0.0
80294,23,-0.0109046229457839
84381,0,-0.1728907330567081
35991,14,0.0493506493506492
89142,16,-0.215311004784689
45495,25,0.009275959804174
67847,10,0.0944169369984633
54818,14,-0.0376665135507578
66050,0,-0.1104651162790698
27633,25,-0.0093227792436235
68196,23,-0.1212794313638383
54199,8,-0.0297029702970296
41320,17,0.0343949044585987
76149,9,-0.1369276850663243
68591,27,-0.0247483221476509
22840,25,0.0063191153238546
23085,23,-0.0045720091440182
36281,0,0.0814722911497105
85926,23,-0.0949978982765866
41574,0,0.0154241645244215
51625,25,-0.1035958904109588
50243,0,-0.0111856823266218
88742,0,-0.0681551116333725
36468,27,-0.0798855371408131
49138,0,0.130886850152905
70536,25,-0.085581902425729
70616,11,-0.0274442538593482
65402,23,-0.0196217494089834
60206,25,-0.0899487836107554
64995,30,-0.0348139255702282
14461,26,-0.0129937629937629
71176,28,-0.098199212155318
26614,28,-0.0701528263671515
63335,3,0.0675853018372703
15720,23,-0.0175483870967742
71475,23,-0.0135603000577033
18411,0,-0.0208023774145617
76091,0,0.0709838107098381
58683,11,-0.1278458844133099
66093,9,-0.0684495383635784
63765,24,0.0391791044776119
71942,0,0.0186666666666666
71985,0,-0.1481481481481482
17523,3,-0.0968688845401174
72232,12,-0.1836734693877552
72304,16,-0.1415094339622641
39220,0,-0.0676296782665791
72494,0,-0.0476190476190475
43481,25,0.0495598304532114
43350,0,-0.0871616932685634
18438,0,0.2458536585365853
72726,30,-0.0802838766910624
36898,0,0.1184767277856133
27254,4,-0.0042149631190727
72980,20,0.0568295114656032
73139,26,-0.0741182484239222
73219,3,0.2446469248291571
14656,24,-0.0254135698873172
52396,0,-0.0845771144278607
47861,6,0.023931623931624
73681,30,-0.1348214285714285
73817,0,-0.0014903129657227
66739,10,0.0222699221894284
43334,10,-0.1488577745025792
52038,0,-0.0189223861449646
37161,28,-0.0190577024880889
62420,17,-0.0756302521008401
74406,16,-0.1071999999999999
15560,0,0.0458302028549961
74836,13,-0.0456287425149699
44513,0,-0.0542986425339366
74908,0,0.1084210526315789
74932,0,0.0100704934541793
57007,0,-0.0589442815249265
43123,27,-0.0831889081455805
44329,23,-0.0135931870291516
63773,8,-0.0875160875160875
75257,4,-0.1019522776572668
66114,0,0.0094149293880296
75460,25,0.0721262208865516
84375,13,-0.0937145450419787
51369,0,-0.0885135135135135
37284,0,0.0602357049323438
15579,10,-0.0938166311300638
23579,9,-0.0203303684879289
62092,6,-0.0667805559869544
38578,25,-0.094150417827298
76100,0,0.0265082266910419
50606,23,0.0098494703586693
14795,0,-0.133531746031746
14816,23,-0.0413533834586467
62308,6,-0.370283754287496
76639,28,0.0016146393972014
76946,0,0.0720900738145422
61209,10,-0.0080428954423592
55001,0,-0.1459288990825689
92583,0,0.1306990881458967
48389,28,-0.013661934101259
59600,13,-0.0163085684701009
45356,25,-0.1039854339469957
76185,0,-0.0481702763256162
77730,25,-0.0957775489186407
91103,16,-0.1992929739284135
17929,28,-0.0498588899341486
50278,23,-0.0873938310236924
79244,22,-0.206415620641562
77973,9,0.041164658634538
78044,13,-0.0702898550724637
24985,8,-0.0006934812760055
48725,25,-0.0183908045977011
63781,5,-0.0150992942721155
89329,30,-0.0906298003072196
78749,0,0.004112405757368
92655,0,-0.0378053509112058
53663,9,-0.0129829984544049
78829,23,-0.0090735434574976
87447,24,-0.0508706979295215
79039,9,-0.0093676814988288
79303,4,-0.0942703923228901
17830,10,-0.064060558129025
39087,9,-0.2152133580705008
79338,20,-0.11605415860735
67360,23,-0.0285171102661596
59619,6,0.001348799568384
16555,4,-0.0252190071675073
79573,30,-0.0627874045634371
79637,10,-0.036677663496992
79776,30,-0.0384615384615385
43553,14,0.0759027266028002
79864,0,-0.1546184738955822
80128,25,0.0099595393713041
27043,25,-0.1036846615252784
81116,13,-0.1780623838049989
61700,12,0.0802005012531326
57808,0,-0.0844414893617021
15202,20,-0.1100441214637945
86008,23,-0.028393351800554
21231,23,0.0083138477526629
53225,8,-0.0397422594643214
24969,28,-0.0186843129622421
46068,0,-0.1258443465491923
81702,0,0.0949554896142432
42059,28,-0.0132580407561992
63829,0,0.1371428571428572
79066,12,-0.1307692307692308
62498,23,0.0025137111517368
66384,25,-0.0527762506871908
59467,0,-0.1340845070422536
38033,23,-0.0585365853658537
39917,0,-0.085544373284538
25419,28,-0.1486719134284307
38156,27,0.0479338842975205
64135,8,-0.1025390625
91624,7,0.0627218934911244
66747,10,-0.0152439024390242
58819,28,-0.0307427447122479
25099,23,-0.0314429012345679
42286,0,-0.0929341317365269
84403,28,-0.0103270223752151
27983,24,-0.1037463976945245
63079,17,0.0827777777777776
59483,12,-0.1858407079646016
88857,0,0.0296072507552869
84129,9,-0.0878800499791754
84161,0,-0.0922844175491679
90756,0,-0.1423635107118176
72996,4,0.0585610708310095
87426,27,-0.1383495145631067
86191,9,-0.0482758620689656
88664,28,-0.0353215594801733
87856,22,-0.1617647058823529
15318,4,-0.0179856115107913
71563,0,-0.0432190760059613
80072,4,-0.0337986774430565
85586,0,-0.0065573770491803
90916,7,-0.1194539249146757
35917,8,-0.0301057770545157
70332,27,0.075560187597707
10116,7,-0.214470284237726
10147,0,-0.0533575317604356
10100,13,0.0475000000000001
38149,27,-0.0307276302851524
87637,14,-0.1064682312535775
10028,13,0.2478873239436618
69032,7,-0.0330291177748806
10138,0,-0.0586675505469009
10107,0,0.0538461538461538
10200,22,-0.0302197802197803
10163,27,-0.022132796780684
89954,0,-0.0027548209366391
10272,20,-0.1401971522453451
10302,0,-0.0264900662251656
10299,16,-0.1126589945487583
12217,3,-0.08515406162465
10363,7,-0.2122340425531914
10333,0,-0.0638297872340425
10382,6,0.0146024878312602
10397,6,-0.0598802395209581
10257,7,1.0909090909090908
76565,0,-0.1187384044526901
10463,0,-0.0459518599562362
70033,0,0.0590676104466683
10421,0,-0.1460823373173971
91204,28,-0.0197784810126582
10530,0,-0.1041061800082951
79698,17,-0.0838917845619261
10606,28,-0.0530923467946906
10550,13,-0.0288461538461538
79785,10,-0.0625654066980594
75070,10,0.0473142220985249
89849,9,-0.0406189555125725
10547,13,0.1227336122733613
68857,25,-0.3272576636288318
76123,20,-0.1501919385796545
79903,4,0.0061576354679804
10667,9,-0.1486973947895792
10355,10,0.0138888888888888
10661,17,-0.0329670329670329
45225,13,0.0916045902959532
75596,9,-0.0109890109890109
10693,0,-0.0704761904761905
10649,8,-0.0172239108409321
79909,0,-0.0783034257748775
75517,28,-0.0476851851851852
10696,6,-0.0362446112086859
89386,0,-0.1013024602026049
10644,15,-0.0284090909090909
89891,20,0.0038314176245211
70500,27,-0.0366689513365319
75224,25,-0.0871187184551239
89659,4,-0.0802752293577983
35124,20,-0.0556552962298025
71191,9,-0.0461346633416459
10853,15,-0.0676437429537767
22323,0,0.1016042780748662
10026,25,0.0369107321965898
10812,11,-0.0748792270531399
10909,15,0.088037964326624
88779,12,-0.2830188679245283
90441,27,-0.094915254237288
75222,13,-0.1698425849212925
10860,21,0.0785463071512309
10443,20,0.035762181493071
10032,25,-0.1522550991094513
70308,25,-0.019131924614506
85570,0,-0.007366482504604
11701,30,-0.0694864048338368
71538,0,-0.0756302521008401
10001,26,-0.032034632034632
11038,12,0.177272727272727
75215,0,-0.0330050112320717
76672,16,-0.1477272727272728
77453,23,-0.0026338893766463
11137,26,-0.0591900311526479
10838,0,-0.3902777777777777
11292,13,-0.1531645569620253
87816,13,-0.0977777777777778
64390,28,-0.0795135640785781
65294,26,0.0198643410852712
12173,25,-0.0596520298260149
11378,28,-0.1241176470588234
11403,0,-0.021780303030303
11478,17,0.0794278185582533
85991,16,-0.1065573770491802
11481,7,0.0335958005249343
11402,3,0.02734375
75470,0,-0.1016588685665674
11552,0,-0.0169098143236074
75107,0,0.0191358024691359
11547,28,-0.0870786516853933
87514,0,0.3731343283582089
90196,9,-0.06282722513089
89048,20,-0.0499999999999999
11600,28,-0.0049894957983193
75104,17,-0.0403197775460548
11043,0,-0.0977917981072554
11654,7,-0.0012448132780082
11638,0,0.0907249898744431
11641,3,-0.0620818838640621
11394,16,-0.0149253731343282
75526,0,-0.0777372262773722
11533,6,-0.0149006622516556
11707,0,-0.0454545454545454
11775,14,0.0414719626168222
11781,23,-0.1594202898550724
75233,9,-0.0157391793142213
75186,30,-0.0924012158054711
89686,25,0.0200956937799041
11809,0,-0.4891041162227603
11731,27,0.0068207654414551
11825,10,-0.0268317853457171
75261,7,-0.199288256227758
37217,0,-0.0834551063484332
75272,10,0.0850908222510782
88197,23,-0.0522875816993464
11599,14,-0.1965408805031445
89502,6,-0.1243673174258859
85789,20,0.0910556003223206
11618,0,-0.0650180605723813
11896,25,-0.1017214397496086
84769,25,-0.0944619373958141
10180,13,-0.01
11884,0,-0.1298306556665219
75182,3,0.0663848160474946
75577,3,-0.1180151024811219
75241,17,0.0381824271519481
75320,23,-0.0873605947955391
75285,0,-0.05834109972041
10901,0,-0.0441545408931258
75316,17,-0.0264367816091953
11903,0,0.0934393638170973
11891,7,0.1438304314912943
11955,11,-0.1550845183793937
89715,0,0.1539999999999999
84176,24,-0.108583247156153
11752,0,-0.0222656249999999
81774,0,0.0011342155009452
12149,0,-0.0744336569579288
12248,8,-0.0211634614706524
12067,0,-0.1411178749308246
75573,0,-0.1042654028436018
11976,0,-0.2098720292504571
75326,9,-0.0397599399849961
84387,3,0.015607580824972
17743,26,-0.0508631319358815
12226,16,-0.0964408725602756
87137,9,-0.0013957619591422
12062,25,-0.0622998243620208
12190,13,0.030491247882552
80926,0,-0.007122507122507
12209,30,-0.0071556350626118
75432,6,-0.0351533283470455
11992,4,0.011194029850746
36346,23,0.1113789778206366
85269,24,-0.0175987485334375
92029,13,-0.0315151515151516
12169,7,-0.1071428571428571
75591,25,-0.0953107960741549
82540,13,0.0584628670120896
75734,16,0.242067089755213
75447,9,0.0028328611898018
76573,14,-0.010023740437879
75730,12,0.1165644171779143
10375,8,-0.0782608695652173
75694,10,-0.090919995202111
63467,28,-0.1500389711613406
75649,23,0.0386920980926428
75646,25,-0.0233033033033033
75607,28,-0.0334685598377282
75654,0,-0.0417725091730171
12073,4,-0.056547619047619
75603,3,-0.0452830188679245
10051,0,-0.141397629750715
75825,0,-0.024390243902439
75853,0,0.0
75854,3,-0.0490797546012269
11131,0,-0.0724310372640749
76148,0,-0.1641907740422203
15070,8,-0.0151205557825908
75556,9,-0.0909090909090909
86124,23,-0.0064197530864197
11628,7,-0.0371428571428571
75831,25,0.0992307692307692
11748,0,0.2285714285714286
75828,24,-0.0572033898305085
11348,28,0.0215419501133786
11506,0,-0.0191637630662021
23799,30,0.0087976539589442
11285,20,-0.0380859375
11442,8,-0.0532848925219497
10769,0,-0.0267639902676399
86896,23,0.0149253731343284
11018,7,0.0208816705336427
11513,12,-0.1017964071856286
87952,4,-0.0252225519287834
35503,20,-0.0735785953177258
10252,23,0.0114285714285715
89440,9,0.0436681222707424
90086,0,0.0805067429505517
10290,0,-0.0304780237407764
11652,23,-0.0177049180327868
12189,0,0.0391082561874174
11208,0,-0.0364623739332816
75550,0,-0.012093023255814
52936,8,-0.0595087363889592
91897,30,0.0252100840336135
56710,9,-0.0759183673469388
10297,28,-0.0284644194756553
12068,4,-0.0555555555555556
75860,13,0.1099261689909762
11786,14,0.0219393736392563
75509,20,-0.1318051575931232
81577,8,0.029214850882532
12106,7,-0.1073825503355704
10932,26,-0.0285442435775451
11293,23,0.0452695829094609
11750,12,-0.2258064516129032
11593,12,-0.0597044206120846
69586,20,0.0533333333333334
35685,28,-0.0407429598562012
89207,27,-0.1224965067536096
10308,8,0.0295616717635065
77519,20,-0.0571428571428571
92807,0,0.1282051282051284
83469,8,0.0099889012208655
86814,4,0.0163132137030994
86384,23,-0.005759539236861
10781,0,-0.0105162523900574
84725,15,-0.0295238095238096
83642,23,-0.0383141762452107
83641,23,-0.0119480519480519
75773,7,-0.1390243902439024
87759,9,-0.0026809651474529
86566,23,0.055027841467409
90534,8,0.0922362309223623
12166,20,-0.0535714285714286
10913,12,0.0028571428571428
77643,4,-0.1045296167247388
77379,23,0.010690287110568
11006,23,-0.0473287916816063
86382,4,-0.0189035916824196
77889,12,0.006036217303823
88976,27,-0.016767270288397
11565,0,0.0267657992565055
75714,17,-0.1935975609756096
76359,23,-0.0277777777777776
81620,27,0.0036663611365719
75912,25,-0.0933275185346708
85299,23,0.0130278526504941
10002,12,-0.0778210116731517
89738,12,-0.0489510489510488
77415,8,-0.0040668775417984
90561,12,-0.0872483221476509
47723,13,0.0656934306569343
83155,20,-0.0148911798396335
79851,12,0.4112222222222221
77798,28,-0.0069565217391304
89211,23,0.0340512223515716
11844,23,-0.0216450216450215
89141,0,-0.12391121101433
76266,8,-0.0640753112663224
91855,4,-0.0584567420109118
85726,6,-0.0180412371134019
75906,8,-0.0364116094986806
77236,27,0.1115632417768737
76060,27,-0.025487256371814
11056,7,0.0790292470441815
77528,4,0.0231307154384077
79747,0,0.022167487684729
75755,17,0.0059760956175298
89828,4,-0.0486244401791428
11397,23,-0.0082716586852414
76013,0,-0.0391304347826085
89903,10,0.0554561717352415
20395,23,0.0475675675675675
84516,20,0.0048732943469786
77300,26,-0.0165659715455077
75930,3,-0.011228308948622
76215,0,-0.0359504132231405
87652,0,-0.1136363636363635
76082,3,0.1171768963957169
76095,23,-0.0793257312840853
76391,0,-0.0259365994236311
76963,0,-0.0217391304347825
76127,26,0.0109976433621366
76128,0,-0.1298701298701299
76435,20,-0.0013495276653171
76135,4,-0.0468813697513249
78981,0,-0.0350688468158346
76138,0,-0.0247488360695908
76139,30,0.0278931750741839
76415,12,-0.0378151260504201
76868,0,0.0384615384615385
88965,20,0.0316622691292876
79584,0,-0.094151212553495
89655,0,-0.0578272027373824
76392,26,-0.1279910962715637
89885,12,-0.2001666666666666
88871,26,0.0793976728268308
85875,4,0.0053795576808128
76544,0,0.0617037037037038
76195,0,0.0028222013170271
83671,28,0.0366022099447513
76202,8,0.0356037151702786
76201,0,-0.1198245132986015
87053,0,0.0588235294117645
79259,12,7.72983870967742
76207,0,0.2271034996276992
76355,7,0.3888888888888888
76360,7,0.0792682926829269
89369,0,-0.0461847389558234
90069,0,-0.0853080568720379
81651,12,0.0161290322580645
90053,3,0.0037236703162339
77486,0,-0.0844444444444444
76330,0,-0.0828402366863905
76230,25,-0.1024217961654894
76461,16,-0.0779999999999999
76223,30,-0.1668946648426812
89948,0,0.0149019607843137
11644,0,0.1080236193122612
76261,14,-0.0390714778211904
76224,23,-0.112121212121212
89100,0,-0.0171821305841924
77256,0,0.1132530120481927
76279,28,0.0418535127055306
76477,8,-0.0855180148605074
76478,23,-0.0576086956521738
90608,13,-0.2047619047619048
79037,6,-0.1357444809769845
78071,13,-0.3307392996108949
76529,23,0.0405904059040589
76515,4,0.0479078229229839
76504,15,-0.1543624161073826
76553,12,0.0459183673469387
91902,0,0.0114645567576296
76879,16,-0.2432432432432432
88284,30,0.0062305295950155
76582,3,-0.0972713491662455
76584,13,-0.1400142146410803
76613,16,0.0718816067653276
76614,13,-0.0643625462881325
77004,13,0.2539370078740157
76619,0,-0.1225664930079517
76978,0,-0.1130188679245283
76624,15,-0.0766182298546895
76644,0,-0.1314074717636837
76888,16,0.1984334203655351
76837,26,0.0175547615348763
76638,0,0.1926267281105991
76661,0,-0.0567685589519649
76686,10,-0.0630323679727428
76695,17,-0.0820467929333121
76856,3,0.0304834484401048
76709,14,0.0693656523981434
76934,0,0.0133689839572193
76712,11,-0.0337519623233908
76721,0,-0.0159914712153518
76684,4,0.0635894125242093
76960,12,-0.1491228070175437
76732,0,-0.0032523436005357
91403,27,0.0219699743683632
76736,0,-0.0731182795698925
76980,4,-0.0066371681415927
88031,3,-0.05348980852378
76744,0,-0.0025004808617041
76750,10,-0.0410297666934835
76945,0,0.0190045248868777
76788,15,-0.0164690382081686
76795,14,-0.0514583827365425
76869,30,0.0076923076923076
76798,3,-0.0645115952213634
76999,12,-0.2638121546961326
76892,23,-0.0056600328647069
81564,15,-0.1157182512144344
76841,0,-0.0472315750093527
76843,0,-0.04299996283495
89213,4,-0.0783018867924528
77235,0,-0.0602409638554216
77037,0,-0.0067024128686327
85426,9,-0.022
77202,0,-0.0478260869565216
77090,0,-0.0153806047966631
77117,0,-0.1985058697972251
77114,3,-0.0282141223120329
77165,0,-0.0106382978723406
77182,3,0.0277682940707864
77191,23,-0.0222222222222222
77175,12,-0.1902654867256635
77178,10,-0.0353935552033808
77259,4,-0.0618811881188119
77264,0,-0.1085329341317364
90464,24,0.0819134993446921
77271,9,0.1141479099678457
77274,0,0.0229413185220961
77292,0,0.0545144804088586
77279,28,-0.1295412844036697
77282,0,-0.043824701195219
77281,17,0.0512214342001575
77289,13,-0.1816720257234726
77327,7,0.2284263959390862
77340,0,-0.0512465373961219
77338,14,-0.020048019207683
77366,4,0.0209003215434082
77461,13,-0.1155115511551154
77413,13,0.0629139072847682
77418,10,-0.0332691778938686
77421,11,-0.1257259993167064
77425,22,0.0017699115044247
78147,0,-0.0264026402640262
77443,12,-0.2545072115384615
77437,12,5.90566037735849
77447,25,-0.0279176201372999
77496,28,-0.1326887814635773
77768,10,-0.0438232309253621
77505,13,0.0415224913494809
77507,0,-0.0749542961608775
77515,27,-0.0870488322717621
77520,6,-0.0393030794165315
77521,0,-0.0728476821192053
83738,23,-0.0058262711864406
77582,7,0.0254237288135592
77585,12,-0.0201999999999999
77599,0,-0.1583333333333333
77610,13,-0.1476204046736963
77605,4,0.0361794500723589
77649,28,0.0002858776443683
77629,0,-0.0262838657501012
77630,3,-0.0173913043478259
91117,0,-0.0441379310344828
77660,13,-0.0610867763703089
77661,9,0.03125
77668,0,0.0051871063356798
89810,0,-0.0900735294117647
77683,11,-0.0682730923694781
84776,27,-0.0659934241427899
77702,17,0.0151937199290959
87505,23,0.031549520766773
90352,16,-0.0759289176090469
77763,14,0.1171243941841679
77780,0,-0.1387283236994221
77785,26,-0.0912469033856315
77787,3,0.2294387575008825
77868,6,0.0125786163522012
77892,12,0.0084608153149303
77900,0,0.0403521643433602
77902,14,-0.0809690787376474
77918,0,-0.1299386920980926
77917,0,0.0376398779247202
77971,6,-0.000580720092915
77982,26,-0.0518134715025906
78001,13,-0.146256123163051
78018,7,-0.1101694915254236
78015,28,-0.0227786996530398
78186,0,0.1581196581196582
78051,13,0.2883817427385891
78062,4,-0.0398860398860398
78077,0,-0.1650269755633133
78068,12,-0.0214797136038188
78073,7,-0.2133891213389122
78091,13,0.129032258064516
78081,13,0.1397489539748955
78082,7,-0.0652173913043477
91402,3,-0.0170433493886623
78189,0,0.1079136690647482
78139,28,-0.0102459016393442
78172,23,-0.0889031020147106
78170,3,0.0254491017964071
78208,12,-0.0579710144927535
78211,9,-0.0856531049250536
78137,28,0.0040016006402561
78156,3,-0.0165213997658385
78193,4,-0.1205673758865247
78213,4,0.0
78840,0,0.084359444589992
78195,20,-0.1483516483516483
91128,13,0.228022903334456
88944,0,-0.1007142857142857
78841,24,0.106312292358804
86889,7,-0.06
78908,0,0.0291734197730955
79033,13,-0.1210810810810809
78875,9,-0.0220303661804108
78889,0,-0.0638686131386861
78876,8,0.0303571428571427
78915,9,-0.0732383214568488
78916,17,-0.023279499490761
79019,8,-0.0101925254813136
79065,12,-0.0098901098901098
79006,7,-0.0304347826086955
48653,0,-0.0740004966476286
78955,11,-0.3052016985138004
78990,24,-0.1781781781781781
78950,6,0.0088607594936709
78987,25,-0.1097335795304668
78977,25,-0.1019994204578382
79072,8,-0.0119170984455958
79089,13,0.067533129459735
79080,12,-0.043478260869565
79108,13,0.1035818005808326
79131,4,-0.0073367571533383
79116,4,0.015068493150685
79133,25,-0.0246465418418037
79103,0,-0.091741718821554
88597,17,0.0019392372333548
78910,0,-0.261744966442953
79150,0,-0.0969101123595506
79166,23,0.0114595898673099
79198,0,0.0416323165704863
79159,16,0.1044129891756868
79237,22,-0.0464684014869888
90783,13,0.1068075117370892
79299,25,-0.0616355983162957
79248,3,-0.0322209436133485
79249,23,0.041899441340782
83659,3,0.0888382687927109
79336,16,-0.0462392108508014
79265,0,-0.1854049243547908
79444,16,0.0681145113524186
18649,23,0.0003352329869259
79382,11,-0.0020422055820285
79399,23,0.0118380062305294
79666,14,-0.0214814814814814
79507,30,0.1063218390804598
79472,0,-0.0786516853932585
79499,4,0.1547169811320754
79545,17,-0.0144819903453398
79490,16,0.0031746031746031
88568,24,-0.0957501280081926
82763,0,-0.0315789473684209
79491,3,0.0433879529194554
81103,9,0.2043010752688172
80069,12,0.0400313971742543
79564,11,0.03359173126615
79588,13,0.1645753977145416
85913,0,-0.0842490842490842
79628,3,-0.1326530612244897
79668,6,0.0570854847963282
79731,0,0.0975336322869955
79712,0,-0.0660066006600659
79724,27,-0.1072834645669291
79758,0,0.0045977011494253
79686,0,0.1260494667574314
79689,0,0.0696517412935324
79734,0,-0.0222917481423543
79702,13,-0.1796875
79824,20,-0.0644412191582004
79857,17,0.0291047136981967
79906,13,-0.0791974656810982
79790,12,-0.013368700265252
79862,30,-0.0918727915194347
79839,4,-0.1063122923588039
79795,10,-0.0636862083509068
79791,9,0.0431654676258992
79878,0,0.2299666110183638
79802,0,0.0952380952380953
79915,0,-0.0088209350191119
79841,25,-0.0778336786031369
80223,0,0.0547112462006078
79879,0,-0.2106842737094837
79796,4,-0.0891321344800624
79884,10,-0.0115718418514946
79799,6,-0.087126774351444
79859,8,-0.0973982655103402
79885,20,-0.0230430107526883
79977,0,-0.143846780766096
80034,10,0.0157291388962943
80049,0,-0.2620215897939156
80080,0,-0.0536886450475163
80012,0,0.1223776223776225
80007,0,-0.3667007150153216
80050,3,-0.0036997885835095
84723,13,0.1244541484716157
79965,12,-0.0987983978638185
80079,6,-0.0208078335373316
80054,13,-0.1866835229667087
80167,14,-0.0308752997601918
80113,27,-0.0200573065902579
80112,0,0.0099009900990099
80159,0,-0.0810810810810811
80165,3,0.0340356564019448
76697,25,-0.1237145528201932
80236,11,-0.1275862068965516
80204,4,-0.0543953982743528
80254,28,-0.0037753657385559
80191,0,-0.0378612716763006
80193,7,-0.1445427728613569
80237,0,-0.1605504587155963
80266,15,-0.0471105527638191
80361,0,-0.0735604461863129
80306,0,-0.1099476439790575
80375,0,-0.0501271340355976
80343,13,-0.2125668449197861
80316,24,-0.0954954954954955
80362,0,-0.0141408751334043
80368,12,-0.2
84584,0,-0.0009240009240009
80336,0,0.0382868267358857
80357,28,0.0848400556328232
80303,0,-0.2290609137055836
80439,9,0.1208384710234278
80434,15,-0.0472926662097327
82541,0,-0.2538540596094554
80415,30,-0.1083602439899533
80478,0,0.0370548604427334
80446,0,0.0147531231409876
80539,0,-0.1141678129298485
46392,20,-0.1319543509272467
80568,25,-0.1456622634773295
80587,0,-0.0553935860058308
80569,4,-0.0042075736325386
80524,13,0.0760043431053201
80534,24,-0.1189320388349515
80498,0,0.1409244644870348
80557,16,-0.0887445887445887
80560,0,0.0222222222222223
80563,27,0.0394149727317798
80575,28,-0.0525610980917308
80679,23,0.021617293835068
80621,0,-0.0611464968152866
80625,12,0.0232558139534884
89099,0,-0.0401785714285715
80633,12,-0.0408163265306122
80768,0,0.0070028011204481
80759,23,-0.0990789146128953
80774,9,-0.0968302214502823
80828,0,-0.1235955056179776
80791,0,-0.1454404546628779
80795,22,-0.0289147577919639
80804,0,-0.1607929515418501
80808,4,0.0043782837127845
80816,30,-0.0172701949860724
80837,20,0.050251256281407
80858,0,-0.1773049645390071
80928,3,-0.0463276836158191
80924,13,-0.0365296803652968
80955,0,0.0355987055016182
80864,28,-0.0531722054380664
80943,7,-0.0842105263157894
80951,0,0.335431654676259
81010,0,-0.2433234421364986
80960,12,-0.2999999999999999
80957,16,-0.0977881257275902
80969,10,-0.2425806451612903
80990,10,-0.0072568940493468
81084,0,0.0975609756097561
81095,4,-0.0230524642289349
81109,12,-0.1984
81055,10,-0.0748983936520225
91517,0,-0.0661501787842671
81182,0,-0.2234332425068119
81162,0,-0.0406427221172022
81184,3,-0.0442686056458511
81173,3,-0.3048614266242617
81128,0,0.0949642126789367
88379,7,0.0625889046941676
90359,20,0.0131578947368422
81148,12,-0.1055555555555555
88865,12,-0.0093457943925233
86993,0,-0.0516232038318253
85205,12,0.0602409638554217
81220,0,-0.0496894409937889
81241,0,-0.1243093922651933
81256,3,-0.0806618407445707
81259,9,0.0259740259740259
81254,10,-0.0508054522924411
81292,4,-0.0409026798307475
81282,0,0.0707728753331358
81278,0,0.2096545196403219
91731,11,-0.0044843049327354
81298,4,-0.006514657980456
81501,11,-0.1299663299663299
87532,0,-0.043956043956044
81540,27,-0.0746376811594201
81566,24,0.0154241645244215
81541,0,0.0493762993762996
81546,22,0.0531594784353057
81560,0,-0.0589318600368322
90470,4,-0.0424008810572686
81588,0,-0.1451612903225806
81533,23,-0.0557471264367815
81539,0,-0.0218068535825545
81565,9,0.072
81562,7,0.0379781420765026
81575,16,0.0356164383561643
81584,23,0.013586956521739
87476,23,0.0887757986994628
81624,0,-0.1061946902654867
81621,23,-0.2489626556016598
81705,0,-0.134852055511914
81736,0,-0.021324717285945
85332,8,0.0067375886524823
81740,3,-0.0974499089253188
81741,7,0.107981220657277
81756,13,-0.0258899676375404
81670,9,-0.0301857585139319
81857,27,0.112348379399483
81696,5,-0.0339093576785133
81666,9,-0.175438596491228
81665,0,0.0903614457831325
81691,0,0.004036144578313
81677,0,-0.0182592818015825
88719,20,-0.0213464696223316
81776,12,-0.130128956623681
89611,13,0.1698010357045518
81893,0,-0.1651917404129793
82251,4,-0.0196962025316455
81850,0,-0.0377358490566037
81869,20,0.0185185185185186
82171,16,-0.0665226781857452
81925,10,-0.0498273310310802
91262,14,-0.1196437573517055
82212,9,0.0535168195718653
82179,28,-0.0573101861535244
82176,0,-0.0952380952380951
82234,0,-0.1855010660980811
82281,12,-0.1543942992874108
82272,25,-0.0558249064967447
82266,0,-0.0953125
82287,0,-0.05625
82504,3,-0.1553156146179402
82508,0,-0.0634081902245707
82298,30,-0.0366425223689816
82518,30,-0.028436018957346
82515,0,-0.1026501174102649
82521,0,0.0891632373113855
82513,13,0.1982758620689655
82307,14,-0.035446253319478
82575,0,0.0582857142857142
82567,0,0.178861788617886
82581,25,-0.0716580528006706
82618,17,0.0248192771084336
82649,10,-0.0007123775601068
82552,0,-0.0643623361144219
82643,9,0.1473000683526999
82546,4,-0.1753638622648208
82547,10,-0.2826233941852603
82642,3,-0.0026618499857401
82651,0,-0.0819928974305409
86042,0,-0.2683706070287539
82634,3,0.006138392857143
82638,0,-0.0752941176470588
82587,0,-0.10871694417238
82635,3,-0.0033358042994811
82607,27,-0.1286078098471985
82599,9,0.1531082118188795
82762,13,-0.2016806722689075
82779,0,-0.0742574257425742
82734,9,0.022503516174402
82720,4,0.1266816143497759
82686,17,-0.0994999999999999
82759,14,-0.0680018630647414
89736,4,0.1030927835051547
82717,0,0.0384462940943322
82768,24,0.0304878048780488
82664,30,-0.0432745654050056
82702,0,-0.0279944928866452
82699,0,0.1098863244919048
82747,7,-0.1561590688651793
82800,0,0.0392455126254942
82812,12,-0.0941704035874438
82837,23,0.0741430700447094
82824,12,-0.1023255813953488
82825,0,-0.1192468619246862
82839,12,0.0402010050251255
83875,0,-0.0417061611374408
86122,20,0.3201320132013201
91231,15,-0.0178316326530612
83113,9,-0.0125485509411413
83131,21,-0.1182527301092042
86098,9,-0.0119047619047618
87832,7,0.0512820512820513
85838,20,0.0144927536231884
83529,9,-0.0461538461538461
88177,13,-0.0501043841336117
84825,15,0.1262570462232244
90710,12,-0.1118181818181818
83145,0,-0.0149625935162094
87471,24,0.0675675675675675
91910,7,-0.0900900900900901
83149,7,0.3506493506493506
83120,23,-0.084075723830735
83123,0,-0.0239931448157668
84397,11,-0.0250368188512518
91187,0,-0.0733590733590733
37381,0,0.0037593984962405
83111,0,0.2077397405911119
83124,15,-0.0389610389610388
82859,13,0.0023809523809523
83303,16,0.2589285714285712
83307,4,0.0601503759398496
83152,27,0.0474281897127588
83143,26,-0.0721619243179819
83272,25,-0.057886351566649
83317,16,0.0268456375838925
88163,13,-0.0977777777777778
83291,0,0.0448343079922026
83283,0,-0.0948527031401748
85406,9,0.0744500846023688
83304,28,-0.0881118881118881
83244,0,-0.1680511182108627
83390,11,-0.0997177798682973
83373,0,0.0810810810810809
86080,7,0.0287539936102236
83413,0,-0.0738522954091815
83411,0,0.0338028169014084
91024,13,-0.0603138045199366
84215,22,-0.0199999999999999
83414,23,-0.0066703724291271
83421,22,-0.1018744906275468
83366,13,-0.0422214789812825
83382,28,0.0
83405,3,-0.5796267496111975
83422,27,-0.1035764050162564
83520,28,-0.0521455730581206
83504,7,-0.0648148148148149
88596,16,0.1386861313868612
83509,30,-0.0434897206114918
83541,0,-0.0657223796033994
83462,0,-0.0735359525574499
83565,24,-0.0482051282051282
83452,0,-0.0242094861660078
83503,15,-0.051082731815658
83575,0,0.0526315789473683
83558,0,-0.0745015739769149
88811,13,-0.0263620386643232
86091,4,-0.0010075566750631
83616,0,-0.2875157629255989
83690,27,0.0403726708074532
83651,13,-0.1814159292035396
89202,12,0.0163934426229508
83621,25,-0.0744466800804829
83633,13,-0.0236559139784946
83630,7,-0.0447641886490808
83661,0,-0.0613915416098226
83602,0,-0.11864406779661
83683,9,0.0586766541822723
83774,8,0.0386100386100385
83779,13,-0.1329752953813103
83800,10,-0.0143120960295476
83799,7,-0.0375029670068833
83756,0,-0.0399002493765585
83916,6,-0.0611954459203035
83879,0,-0.0697844355133358
83832,25,0.1284546516154143
83844,0,0.1666666666666667
83908,10,-0.0771637122002085
83893,12,-0.1354466858789625
85857,0,-0.0319947043248014
83862,13,0.1507246376811595
83910,0,-0.0085470085470085
83906,14,-0.0785457809694794
83885,12,-0.1065573770491802
83903,20,-0.1452054794520547
83831,20,-0.1646273637374861
83934,0,0.0582010582010583
83969,26,-0.0052238805970149
83928,0,-0.1106847101595637
88436,0,-0.0726910629823252
83950,13,0.1440906637884511
83961,28,-0.0811127379209369
83965,7,0.0140636565507032
88905,3,0.0497737556561086
84026,0,-0.0159051013351773
89758,23,-0.0389235944257567
84103,8,0.1220209723546232
89425,0,0.1316685584562997
84062,3,-0.1144003055767761
84636,11,0.0621504039776259
84058,30,0.0178988326848248
85996,7,0.0
84042,0,-0.026824978012313
84010,0,-0.1256393861892583
84060,17,-0.0561267018616282
84041,3,-0.4593291825667804
84032,0,0.0301751694156757
84057,0,0.0438931297709923
84056,12,-0.2612293144208039
84168,9,0.0226019845644982
84203,6,0.0249750249750249
90666,0,0.0373333333333334
84234,0,0.0034039334341906
84281,0,-0.0227027027027028
84172,17,-0.0002663115845539
84262,15,-0.0387692307692307
84210,23,-0.04126213592233
89801,0,0.0206896551724138
84348,27,0.0383637624220012
84325,0,0.0927318295739347
84330,16,-0.264406779661017
84311,13,0.0359712230215827
84365,30,-0.0342708139318308
84342,0,-0.199181446111869
84364,11,-0.0357082701701195
84302,16,0.0063291139240506
84320,0,-0.0814950980392157
84373,28,-0.0861252115059222
84319,3,0.0514518593988793
84331,0,0.0061538461538461
86440,20,0.1224489795918366
85176,0,0.0725838264299802
88984,12,0.0096463022508039
84438,17,-0.4035564853556485
84385,28,-0.0131712259371834
84413,9,-0.0766666666666666
84511,13,-0.0836363636363636
84559,0,0.0
84531,23,-0.0914205344585091
84563,23,-0.0534537466438856
84546,3,0.1816283924843424
84555,13,0.0755395683453239
84624,0,-0.076534170153417
84604,13,-0.1428571428571428
84606,4,0.1135626216742375
84389,30,0.0209205020920502
84597,23,-0.0589441312147617
84737,10,0.0718711276332093
84749,20,0.0211267605633802
85211,0,-0.0884353741496597
84607,0,-0.0437956204379562
84656,0,-0.1566602931803697
84734,0,-0.3864705882352941
84792,13,0.0624791179418644
84780,14,-0.090682610861983
84827,7,-0.0544959128065394
84788,3,0.0881705174741787
86075,4,-0.0382501123316221
85079,0,0.0674723061430009
85204,16,-0.0285714285714284
85035,0,0.1029411764705883
85002,7,0.0279720279720279
85072,0,0.0185507126159414
85067,0,-0.5330593496917684
85013,13,0.0059523809523809
85047,0,-0.0312965722801787
85077,12,0.0434782608695651
85020,28,0.0296874999999998
85059,30,-0.0160226201696512
85168,24,0.182367149758454
85187,13,0.0447562064471105
85177,13,-0.2024539877300613
85173,0,-0.1041437477081042
87364,16,0.2403560830860533
89022,0,-0.0555666666666666
85198,0,-0.0021129466000767
85246,14,-0.0973488865323435
85680,0,-0.1461318051575931
89038,0,0.0051094890510949
90942,13,-0.092
85280,16,-0.0802395209580838
85291,0,-0.1028277634961439
85320,13,-0.3125
85319,0,-0.0701962110960757
89898,7,-0.0575079872204471
85401,16,-0.2186858316221765
85349,16,-0.1583541147132169
90012,7,-0.0742616033755273
85333,21,-0.2042253521126761
85348,0,-0.0438088341781318
85372,0,-0.0694063926940639
91908,12,0.088
89270,4,-0.0281329923273657
89292,4,0.0272502064409578
85395,6,0.1433021806853582
85453,0,0.0024213075060532
90875,0,-0.0910138248847926
85418,23,-0.0256019506248096
85502,0,-0.0862068965517239
85516,13,-0.1098765432098765
85482,25,-0.0027374760470846
85440,0,-0.1533242876526458
85488,0,-0.0397674418604651
88635,4,-0.0381526104417671
85517,30,-0.086031175059952
85432,6,-0.0485436893203883
87139,0,-0.1017354877318971
85424,27,0.0395105410585288
85445,4,-0.0235507246376811
89615,12,-0.0588235294117647
87837,10,-0.007246376811594
85427,0,0.1566294317629917
85419,14,-0.053821313240043
85496,4,-0.0850111856823265
85540,10,0.0283809523809523
85590,0,0.0161290322580645
85621,0,-0.0821722890851959
85627,16,0.0696245733788396
85539,16,-0.1025641025641025
85571,7,-0.2395543175487464
85798,9,-0.0519287833827893
85593,0,0.0283883686545096
85567,3,0.0142999999999999
85576,0,-0.0058823529411764
85522,9,-0.2878103837471784
85526,7,-0.0770632911392406
85565,0,-0.0330578512396694
85686,13,-0.0757946210268948
85725,0,0.0098685292086857
85675,6,-0.0267891312667432
85559,0,0.1045751633986926
85645,0,-0.0794138929088278
91419,13,0.0621301775147928
85710,0,-0.0765027322404371
85716,0,-0.0059642147117296
85647,13,-0.0230539734201246
85663,0,-0.0940944881889762
91911,30,-0.0315430520034101
85728,12,-0.0895522388059701
85883,4,0.0231944471002161
89938,15,-0.0155131264916468
85751,0,-0.0626057529610829
85656,20,0.0158536585365853
88183,20,-0.0093776641091219
85763,0,-0.0532398261556696
85744,0,-0.1658878504672896
85753,9,-0.0672444710101614
85768,12,0.0318471337579617
85724,26,0.0728132387706856
85738,0,-0.1011777301927194
85770,20,-0.1360759493670886
85792,23,-0.0831683168316831
85839,28,-0.0377113133940182
85966,12,-0.0278745644599303
85886,0,-0.0555555555555554
85889,20,-0.009009009009009
88384,12,0.3760504201680672
85931,0,0.0096286107290233
85903,6,0.0318664643399089
85804,0,0.0667687595712098
85739,13,-0.0230769230769231
88203,10,-0.2224899598393573
85963,10,0.101961950059453
86003,27,-0.0713676428774525
86102,0,-0.1036073825503355
86111,0,0.0038218994840435
87014,4,0.0176678445229681
85860,4,-0.0776699029126212
85863,25,-0.0946372239747633
87488,0,-0.0041017227235438
32687,0,0.0
85829,20,0.0176991150442478
87501,0,0.077757685352622
87508,10,-0.4942528735632183
88820,4,-0.0475382003395584
89278,12,0.3636363636363635
89530,0,-0.0269607843137255
88951,0,-0.008743169398907
90972,7,-0.0990990990990992
80638,0,-0.0307692307692307
87538,0,-0.3222579492675955
85939,11,-0.0443037974683544
85951,3,-0.1217391304347826
90603,7,0.2347222222222222
85953,13,-0.0131578947368421
85980,0,-0.0120481927710844
85959,0,-0.1033950617283951
86302,0,-0.0234833659491193
87614,23,-0.0030060120240481
89821,0,-0.0791268758526603
85992,14,0.0830429732868758
85972,23,-0.0077519379844961
86047,9,-0.1353322528363046
89681,24,-0.0729967069154774
90331,12,-0.1950464396284829
90544,12,0.0
86073,0,-0.1823899371069182
86062,16,0.0013986013986013
86034,13,-0.0573526493351855
86026,3,-0.0443320440345136
86021,15,-0.0952544311034876
86083,9,0.0521861777150916
86097,15,0.0160731169240466
86051,3,0.0294811320754717
86113,0,-0.036328593767046
86048,0,-0.1414538310412573
86196,0,-0.000918611060077
86128,9,0.0490867579908675
88341,12,-0.1324540461560539
86211,3,-0.0203466326743688
89279,30,-0.025128205128205
87404,0,-0.2727272727272727
86150,22,0.2127659574468083
87318,28,0.0142857142857142
86157,4,-0.0596330275229357
86158,17,-0.047313880556313
87067,8,-0.0087483176312247
86249,12,-0.1357142857142856
88836,13,-0.0959752321981424
86199,0,-0.0189107413010589
89527,12,-0.0152671755725191
86155,9,0.0085714285714284
86178,0,-0.0589439214081048
86180,16,0.0390738060781474
89578,4,-0.0349707602339183
86288,6,-0.0087719298245614
90221,4,-0.0214523809523811
86228,23,-0.0589951377633711
88257,20,-0.0312727272727272
89643,0,-0.0513947956462191
86240,27,-0.0079307858687814
87131,0,0.0263157894736842
86299,12,-0.1181102362204723
86236,27,0.0376068376068376
86250,28,-0.020091324200913
88516,7,-0.1717171717171717
86233,12,0.0209580838323353
86260,4,-0.0880088008800881
86728,12,-0.1460416666666666
86312,4,-0.1366008622645791
89419,7,0.1313559322033899
87160,3,0.4877697841726618
86322,0,-0.2070895522388058
87089,22,-0.0765615141955836
86305,23,-0.0879765395894428
86339,0,0.0639862711448884
88850,7,-0.1753731343283583
86362,0,-0.089452603471295
90733,0,-0.1706715958102279
86356,25,0.0148744964363185
88940,17,-0.060790273556231
86868,0,0.0141257795476745
87658,13,-0.2668863261943986
89109,0,0.0666666666666666
91431,7,-0.2636363636363636
86253,8,0.0502793296089385
90914,0,-0.2266344888108818
86435,12,-0.0183823529411765
86432,28,-0.0522592423550889
90163,12,-0.1489361702127658
86534,26,-0.1816600397614314
86489,13,-0.0645161290322581
86544,9,0.0449561403508771
86525,10,-0.0924705412422608
86531,0,-0.0046153846153846
86526,12,-0.0625
86533,4,0.05
87069,0,-0.0022611644997174
86573,11,-0.048603351955307
86578,7,-0.0090909090909091
90591,11,0.0310421286031041
87342,7,5.681159420289856
86582,4,-0.0980861244019137
86547,16,0.007908611599297
89143,15,0.0060975609756097
91608,0,-0.0080428954423591
86560,0,-0.085253456221198
86583,26,-0.0329531051964512
86719,10,-0.0816427511133103
92094,12,-0.0414634146341462
86709,20,-0.006237006237006
86715,20,-0.0234741784037557
86595,0,0.0795660036166363
86717,0,-0.0574666127074059
86720,0,-0.0687285223367697
90590,28,0.0610484406104843
86725,11,-0.1352026118686383
86759,9,-0.0413279132791327
86763,0,-0.1061946902654866
86778,0,-0.0556396669190007
86783,13,0.0502413035032389
86810,10,-0.1388888888888889
86820,20,-0.0272108843537415
86840,0,-0.0172910662824207
86822,11,0.0462962962962962
86819,12,0.288793103448276
86827,15,0.1749116607773853
86799,24,0.1056105610561057
86830,3,-0.1249358206400821
87039,0,-0.0662739322533136
86899,6,-0.0506653019447287
86916,0,-0.1345029239766081
86924,4,-0.0781758957654722
86926,25,-0.0379931807111544
86876,0,-0.0628581992974672
90780,20,0.0810810810810809
86890,12,0.1744186046511628
86946,0,-0.0499325236167339
83554,11,0.2566844919786095
86964,3,-0.1521088435374149
86988,20,0.0920245398773007
86949,0,0.1498618784530385
86990,9,-0.0174672489082969
88368,0,0.0563380281690142
86996,15,-0.0005236973029587
87006,0,0.0413793103448276
87013,3,-0.0406150275601971
87000,10,0.2556221889055472
86965,23,0.0213154689403165
86977,0,-0.1212121212121213
86979,0,-0.2574603174603174
87016,0,0.0453763440860213
87077,3,-0.1097005208333332
87020,4,-0.1456521739130436
87121,0,-0.0788732394366196
90471,12,0.0606060606060605
87066,17,-0.0512630014858841
87075,27,-0.0527807297201559
87084,13,0.0507947477539736
87056,10,0.14773980154355
87074,16,0.0629370629370629
87034,28,-0.1413977246343163
87086,11,-0.0243664717348928
89481,0,-0.0222222222222221
87162,9,-0.0290322580645162
87167,10,-0.0964840556009811
87165,9,-0.0639269406392695
87179,0,-0.2699856390617521
87173,0,-0.033112582781457
87182,28,-0.1649802023757148
87172,28,0.022012578616352
89529,12,-0.0971168437025796
87264,3,0.0844507845934379
87242,0,0.1072584373555247
87261,4,-0.0099502487562189
87236,0,-0.1537414965986394
87267,9,-0.0696000729888952
87345,0,-0.1130030959752321
87268,28,0.0098062106000467
88475,0,0.0532258064516129
87361,0,0.0030864197530864
87269,4,-0.0456923076923075
87277,4,-0.055299539170507
87356,0,0.056663168940189
87302,3,-0.0047846889952152
90358,0,0.1529411764705883
87299,0,-0.2303781379091197
87321,20,-0.1307847082494968
87337,0,0.0585585585585584
87379,21,0.049932523616734
89597,16,0.1152416356877323
87439,0,-0.0080799999999999
87430,13,-0.1060855263157896
90808,0,0.0931355639875819
87394,10,0.0726846424384526
87415,0,-0.1979458450046686
87414,12,0.0619469026548673
87424,16,-0.0763358778625954
87373,0,-0.1848928974069897
87510,13,0.0457516339869281
87445,6,0.0768467037331215
87496,15,-0.0603015075376883
87494,0,-0.0941176470588235
87498,13,-0.0778443113772454
87487,6,0.0595084087968951
87492,0,0.1739519885345755
87499,7,-0.0073126142595978
91837,20,0.1785615491009682
87525,15,-0.0339912280701752
88926,16,-0.0544506031953049
87632,16,-0.0649006622516557
87541,6,-0.0471596998928187
87589,15,-0.007125890736342
87601,7,-0.0857142857142856
87771,0,-0.1363418146903504
87612,30,-0.0622568093385212
87797,0,-0.1069868995633188
87752,0,-0.0772946859903381
87825,0,-0.1217948717948718
87814,13,0.029354207436399
87785,13,-0.0688981868898186
87812,15,-0.1417838099854581
87777,16,-0.0809112333071485
87657,0,-0.1815783436568021
87659,28,0.1144278606965174
87750,12,-0.1308411214953271
87827,27,-0.1266846361185983
87789,10,-0.026315789473684
88207,25,0.0879518072289156
88784,7,0.1155778894472363
88152,25,-0.1674198407574779
88167,13,0.0203466465712132
88468,16,-0.3291666666666666
88173,0,-0.0454545454545455
88174,3,-0.1294200848656294
88195,0,-0.0797962648556875
88159,10,-0.1406250000000001
90354,13,-0.300595238095238
90083,0,-0.1373165618448636
88370,0,0.0110503342726118
88246,0,-0.1099476439790575
88646,0,-0.4021164021164022
88182,14,-0.1700095510983764
88255,10,-0.003623188405797
88260,0,-0.0040816326530612
91171,30,0.09375
23887,7,-0.0718711276332094
89572,13,-0.0078791858174656
88534,0,-0.03290676416819
88264,28,-0.0864197530864198
90071,0,-0.0024410089503661
88343,8,-0.0350024307243558
88352,0,0.0764290149802213
88331,3,0.090069284064665
90560,12,-0.0853658536585365
91040,13,0.0292341912932951
88281,15,-0.0270602706027061
88313,0,-0.1059322033898305
88280,8,-0.0209915140687806
88332,24,-0.0522875816993464
88287,3,0.1570588235294119
88359,9,0.0797546012269938
88439,3,-0.1531620553359682
88417,0,0.0121951219512195
19675,0,0.246713712467137
88457,0,0.2181818181818182
88466,16,0.0935960591133007
88485,7,0.0432432432432432
88421,12,0.1838235294117647
88446,17,-0.1689953426480372
88511,13,-0.0251396648044692
88550,13,-0.161944308744504
88542,13,-0.0316205533596836
88504,0,-0.1542239685658153
88497,3,-0.3102040816326531
88545,10,-0.0926711084191399
88574,11,0.0517598343685299
88535,13,-0.3499018966644865
88564,0,0.2140221402214022
89617,10,0.0341516531379924
89395,0,-0.0199228791773778
71862,7,-0.0058479532163743
90502,12,0.2629679747406406
48506,0,-0.0714471968709257
88648,0,-0.1354556803995006
88739,0,-0.0929607737775389
88992,0,0.0077720207253886
90635,11,0.0149625668449198
88615,28,-0.0708426547352721
88746,12,-0.2757009345794392
88661,17,0.0098545283904269
91360,20,-0.0798920086393087
88740,12,0.0595238095238095
88750,10,-0.21875
88868,17,0.0121317157712304
89685,6,-0.0007078810759792
88817,0,0.1485482781904119
89576,12,0.1478260869565217
89925,13,-0.1506276150627616
88792,20,0.0108991825613078
88807,20,-0.0638686131386861
88786,13,-0.0401891252955084
91527,12,-0.117857142857143
88860,0,-0.0355263157894737
90478,0,-0.0629370629370628
88949,3,-0.1700779727095516
88839,25,-0.050656660412758
90029,16,0.018181818181818
88906,7,-0.0535597648595689
88908,20,-0.05635838150289
88892,16,-0.1285714285714285
88897,17,0.0098861218871231
88945,12,0.0898876404494379
88991,25,-0.0244440672211848
88895,9,-0.1889880952380952
89004,30,0.0180843938379102
89290,0,-0.0454545454545454
89006,10,-0.0241271643485664
89110,28,0.0974983964079538
88970,20,-0.1174785100286532
90696,16,-0.0181426666023879
89046,8,0.0426666666666666
88994,9,-0.1753246753246753
88987,13,-0.0207390648567119
89642,9,0.0126353790613717
89031,4,-0.0967032967032965
89002,0,0.0453917295630914
89030,12,0.0222222222222221
89014,28,-0.1069865456313826
90176,0,0.2276785714285716
89167,4,-0.0907894736842104
89036,23,-0.2389438943894389
89044,10,0.0067114093959732
89215,0,-0.03125
89070,28,-0.0503164556962025
90216,12,-0.1100702576112412
89327,0,0.1618996222342148
90980,0,0.0835762876579204
90175,3,0.2540192926045017
89413,0,0.049618320610687
89203,5,-0.0749827228749137
89179,0,-0.1424400152342262
90223,27,0.033210332103321
89244,13,0.0227905127865377
89204,3,-0.219526039449411
89312,9,0.0053050397877985
89269,0,-0.0765550239234449
89168,20,-0.0212121212121213
89217,10,-0.0601812275602667
90643,0,-0.093428345209818
90204,13,-0.1678832116788321
89230,23,-0.1947023484434734
89252,10,-0.1480206540447503
89262,4,-0.002463054187192
90081,0,-0.0492379835873387
91379,13,-0.0921125206839491
89297,0,-0.114050558495003
89353,26,-0.2147540983606557
89321,20,-0.0351075877689694
91015,9,-0.0351802990325416
89919,7,-0.1211453744493391
89409,0,0.0356275303643724
90192,0,-0.2069597069597069
89332,20,-0.03125
90778,0,-0.2928571428571428
89424,12,0.0061728395061726
89387,3,0.1570258349086326
89394,9,-0.1662286465177398
91975,11,-0.0950987564008778
90280,0,0.3359999999999998
89445,7,0.1702786377708978
91665,30,0.0663082437275985
91152,17,-0.012282048470227
91727,16,-0.036697247706422
89753,12,0.0143487858719646
89471,0,-0.0758293838862559
89453,0,-0.0538757559098406
89932,6,-0.0754208754208753
89407,9,-0.1581108829568789
91269,12,0.1980198019801979
89406,0,-0.0380694820054087
89626,0,-0.0082307349360402
89443,24,-0.0110236220472441
89916,16,0.0669914738124237
89636,10,0.0233473242392445
89533,17,0.0706423345856441
90601,23,-0.0486166007905138
89482,24,-0.0040376850605652
90313,24,-0.1274623406720741
89941,13,-0.1831683168316832
89484,12,0.0178571428571425
90067,26,0.0123636363636363
89876,0,0.0890767230169049
89653,23,-0.032122905027933
89826,14,0.0580720092915214
89574,17,-0.045524236348626
89546,0,-0.0154702970297029
89509,17,-0.020017793594306
89549,15,-0.0768955009858396
89573,22,-0.0051546391752577
89620,12,-0.1001451378809868
90436,9,0.0043415340086832
90492,9,0.0682414698162729
89781,26,-0.1648230088495575
89699,0,0.0118443316412859
90874,0,0.1585281980742778
89698,16,0.1196261682242991
89644,0,-0.1159371867691279
89796,30,0.1184210526315789
89793,10,-0.1437731196054253
89741,12,0.263157894736842
89800,17,-0.2472552607502287
89850,0,-0.0181975736568457
89770,13,-0.14875
89799,0,0.0253164556962024
89798,12,-0.037037037037037
90080,23,-0.0806159420289853
90007,30,-0.1041304347826085
90716,13,-0.2729927007299269
89901,0,0.0296960112458268
89866,25,-0.0582598696818704
89889,9,0.0236686390532545
89964,10,-0.0861287398005439
89922,0,-0.0834305717619603
89913,10,-0.0134387351778656
90400,13,0.1450906816760473
89905,27,-0.1213675213675213
91086,0,-0.1210151655834108
89973,26,-0.1249367728882143
89971,13,0.0617811854910057
90503,23,-0.0892759934676102
91077,28,0.0321100917431191
90038,23,-0.0179211469534051
90020,0,0.2227722772277227
91354,16,0.0807291666666667
90078,15,0.0180722891566262
89952,0,-0.0851632392238874
89904,0,-0.0419242949781329
89960,3,-0.0155802861685213
90052,13,-0.1450110113501609
90088,10,-0.0236486486486487
90129,13,0.0670329670329672
90333,10,-0.0326409495548962
90006,12,0.0238726790450927
90085,28,0.0373376623376622
90126,12,0.008
90490,0,-0.1387559808612439
91977,17,-0.0887487875848691
90847,0,0.0640569395017793
90273,12,-0.0638297872340425
90210,25,0.0463542971686294
90248,3,0.0645800316957212
91901,0,-0.1083333333333333
90232,15,-0.0601573345673299
90425,0,0.0124610591900311
90287,16,-0.1452251360712519
90110,6,-0.0977762089657606
90275,20,-0.0438775510204083
90700,13,-0.1191374663072776
90319,0,0.1921679371223192
90286,30,0.0291036088474971
90533,13,0.0375191424196017
90708,6,0.0259953932214545
90325,0,-0.074074074074074
90427,14,-0.0578842315369262
90323,3,0.0478395061728396
90292,22,0.1425
90447,0,-0.0429184549356224
90614,10,-0.071186440677966
90288,12,0.0861515675141939
90466,12,0.156521739130435
90299,17,0.0450121654501216
90227,25,-0.0719360568383659
90314,13,-0.2529950669485553
90353,0,-0.063102541630149
90515,4,0.0735785953177257
92132,13,0.0023584905660376
90421,27,0.0049504950495049
90423,16,-0.0373705538045926
90312,3,-0.0028901734104046
90536,4,-0.0108932461873637
90090,14,0.0342657342657342
91400,0,0.0
19721,23,-0.069986541049798
90901,12,0.024390243902439
90411,0,0.0389221556886227
90538,0,-0.0893371757925072
90455,30,-0.1251621271076524
90274,15,0.1619179986101457
90535,26,-0.0018475750577366
90249,0,-0.0708890180127832
90444,20,-0.0522489777373922
90404,26,-0.0619834710743801
90416,0,0.0316455696202531
90833,0,0.0213592233009707
90371,23,-0.0491551459293393
90491,0,0.144736842105263
90493,21,0.0232220609579101
90488,7,-0.0157894736842104
90439,10,0.2711254944264654
90487,11,0.0
90496,12,-0.0259740259740259
90489,0,0.0276497695852535
90568,3,-0.092391304347826
90505,16,0.1177446102819237
90600,4,0.0285400658616903
90637,20,-0.0313043478260869
90718,4,-0.037780401416765
90540,26,-0.0213973799126636
90417,0,-0.0231213872832369
90409,15,0.0714995034756702
90548,20,-0.033946251768034
90803,28,-0.0730452674897119
90964,12,-0.0886699507389161
90520,0,0.0341399362220971
90440,25,-0.0512218045112782
90564,14,-0.0482866043613706
90605,11,-0.0718038528896671
90550,9,-0.0023551577955723
90569,0,-0.0551181102362203
90558,0,0.0132625994694959
90734,9,-0.0121422376409365
90547,0,-0.0600792253521126
91500,14,0.0103896103896103
90482,0,-0.0272975432211101
90494,0,0.0735706580366772
90948,20,0.0296296296296294
90711,4,0.0252525252525253
90634,10,-0.0287994448299792
90662,12,-0.4645161290322581
90672,22,-0.0260457774269928
91018,27,0.0431372549019608
90664,3,-0.0213940648723257
90742,3,-0.1703488372093022
84553,12,0.1036585365853659
90849,3,0.093687827816965
90720,0,0.069767441860465
90636,0,-0.001111111111111
91114,0,-0.0239915634062746
86165,0,-0.2084066290158319
90993,28,-0.0113062304546547
90763,28,-0.0061068702290076
90665,16,0.006711409395973
90735,24,0.0425655976676384
90786,6,-0.0210394315173469
90730,15,-0.0100671140939596
90885,0,-0.1163522012578616
90854,0,-0.0008257638315442
90752,0,-0.0700729927007298
90824,23,0.0103694102397926
90732,0,0.0663052543786488
90792,4,-0.0056561085972851
91605,7,0.021505376344086
90789,0,-0.0654374548083874
90791,0,0.0158102766798418
90856,0,-0.0565891472868217
90871,0,0.0249554367201425
90867,3,0.1026371177417357
90984,0,-0.2946428571428572
90776,0,-0.0098591549295773
90722,0,-0.0509803921568627
90814,21,-0.0956226780810853
90779,0,0.0789707187222714
90829,0,0.0963507446883602
90831,14,-0.0061395348837208
90863,12,-0.0807453416149068
90775,0,-0.0543856436550082
90966,22,-0.149886449659349
90868,9,-0.0755523877405558
90795,24,-0.0560747663551401
91141,7,-0.0097993467102193
92033,7,0.0456209150326798
90805,27,-0.0283203125000001
90952,15,-0.0253521126760563
90961,12,0.1200000000000001
90862,12,-0.3536923076923077
91033,0,-0.0666448872917346
91286,0,-0.0588235294117647
90971,3,-0.0080476055539813
91032,28,0.0104575163398694
90956,9,-0.0545774647887323
91594,11,-0.0686363636363637
90825,24,0.0917197452229299
90926,7,-0.0986394557823129
91195,3,0.1654676258992806
90870,6,0.005561440677966
90963,24,-0.0490716180371352
90940,0,-0.1039675644367217
91349,16,0.2002626395272488
90951,7,-0.147005444646098
90900,0,-0.0379792189179505
90896,13,-0.0022658610271902
90957,13,-0.1162343900096062
90958,7,-0.1268220547848743
91356,23,-0.0029610829103214
90988,27,-0.1179381443298969
90989,11,-0.0748031496062991
91282,12,-0.1428571428571428
91020,0,0.0752066115702478
92044,17,-0.0591430295715148
91090,13,0.2166990291262134
90978,0,0.0155199172271081
90979,3,-0.0504462553356617
90969,0,-0.0663811563169164
91967,20,-0.1853360488798371
90910,0,-0.1061301647312988
90925,24,0.0355781448538754
91075,0,-0.0025586353944562
91083,0,-0.0217391304347825
91408,0,0.0011904761904761
91891,13,-0.102791014295439
91073,13,0.1306032097399003
91063,0,-0.0505882352941176
91192,0,-0.0506329113924051
91507,16,0.0375318066157759
91369,12,-0.4230769230769231
84185,0,0.0555555555555555
91041,10,-0.0322580645161291
91515,20,-0.1386861313868614
91099,23,-0.048971596474045
91113,3,-0.1099544567338972
91080,0,-0.1422444603288063
91752,12,-0.1212195121951218
91068,3,0.0531814465102695
91096,0,-0.004172461752434
91088,7,0.1115173674588665
79519,7,0.2338568935427574
89003,11,-0.0250081195193244
91603,0,0.0193151887620719
91100,13,0.0044625533566162
91176,15,0.0038986354775829
91095,3,0.0241423125794155
91151,0,-0.0180290923990985
91143,23,-0.0236358330901663
91428,12,-0.0501052631578947
91234,4,-0.1783919597989949
91627,13,-0.0143999999999999
91201,12,-0.1578947368421053
91348,0,-0.160919540229885
91237,13,-0.090702947845805
91215,13,0.0585987261146498
91401,7,-0.0593220338983049
91267,12,-0.24609375
91359,0,0.2095084126699
91395,7,-0.1173020527859238
91366,3,-0.0781594705326189
91358,0,-0.0032644178454841
91350,10,-0.0121951219512196
92088,12,-0.0404040404040404
91167,20,-0.128
91299,0,-0.0471571906354515
91363,20,0.0276243093922652
91463,3,-0.1289088863892014
91371,17,-0.0272530195106843
91491,13,-0.0040322580645161
91277,0,-0.0220632081097198
91406,15,-0.0120996441281138
89863,7,-0.0139372822299651
91283,0,-0.2079999999999999
91522,7,-0.124103448275862
91472,12,-0.0863453815261044
91579,14,-0.0541257628018041
91514,30,-0.0565217391304349
91485,17,-0.2768375852488003
91498,0,-0.030688622754491
91503,14,-0.0636492220650636
91446,12,0.0
91391,24,-0.0578703703703703
91971,13,0.0818181818181817
91432,6,-0.1211031175059952
91614,3,-0.0122950819672129
91468,0,-0.0795902285263987
91434,7,-0.0762273901808785
91392,0,0.0279346210995543
91413,27,-0.1467587034813925
85208,0,-0.0474576271186441
91618,15,-0.0511182108626196
91659,24,-0.1307070707070706
91355,9,-0.0677083333333332
91405,22,-0.0383480825958703
91493,13,-0.1598460002851846
91407,4,-0.0695238095238095
91397,23,-0.0195804195804196
92093,12,-0.1441176470588234
91461,24,-0.0309535696455317
91416,0,0.0686514886164624
91486,13,-0.0525949146638802
91611,0,-0.1061465184849173
91742,0,-0.1358695652173913
90727,7,-0.0666666666666665
91615,12,-0.0434173669467786
92054,13,-0.1362725450901805
91612,0,-0.1869918699186992
88434,0,0.0895883777239709
91622,0,0.0176730486008835
91501,23,-0.0132841328413285
91625,10,0.0
90077,0,-0.0870413047332033
91516,6,-0.1330114135206321
91683,3,0.0058479532163742
91623,26,-0.1159420289855072
91578,0,-0.0855614973262031
91668,13,-0.1721908953376426
91613,7,0.3431085043988269
91610,0,-0.05
91571,21,-0.0842572062084258
91616,0,-0.1699029126213592
91598,0,-0.0023547880690737
91619,12,0.2782608695652175
91667,0,-0.0175438596491226
91630,20,-0.0668896321070234
91658,0,-0.0729470612755315
91678,0,-0.0584291187739463
91754,12,-0.0790960451977401
91675,0,0.0996818663838812
91650,28,-0.0142283838015323
91957,12,0.0707070707070707
91654,9,-0.0290322580645162
92035,0,0.217490494296578
91741,20,-0.0073076923076923
91743,8,0.0117279124315872
91661,12,0.0833333333333334
91883,17,-0.0606099436186571
91736,11,-0.0082893745290127
91822,0,-0.1289178001182731
91899,3,-0.1729475100942127
91825,22,-0.1710526315789473
91907,0,-0.1243008079552516
91836,20,-0.0177664974619289
91688,30,-0.1138938580799046
91692,3,0.0006626905235254
91826,16,-0.0221932114882505
91824,16,-0.1101766190075694
91814,9,-0.1385767790262171
91959,4,-0.074074074074074
91854,13,-0.1559332770270269
91956,4,-0.0751445086705202
91968,4,-0.024793388429752
92091,12,0.0736842105263158
91900,13,-0.047438330170778
91905,0,0.0231607629427792
91909,0,0.0603448275862068
92101,16,-0.0072202166064981
91915,14,-0.0589087397392564
91979,17,-0.1505324298160696
92046,12,0.3657142857142859
92052,11,-0.1241743725231175
38755,0,0.1347265451311694
92018,0,-0.0016722408026756
92034,17,-0.2087634778618949
92050,0,-0.1132160577356788
92038,0,0.0635324015247775
92095,4,-0.0694645441389291
92096,13,0.2134932533733131
92097,9,-0.0964912280701753
92021,0,-0.055442866801893
86812,9,0.0259365994236311
92150,7,-0.1043956043956044
92087,0,-0.0652173913043477
92105,16,-0.110397946084724
92143,17,-0.0668953687821611
92130,7,-0.04662248575747
92102,27,-0.1579150579150579
89756,13,-0.1
91136,12,0.1685393258426966
91365,13,0.0267857142857141
10258,0,0.0112676056338028
79678,30,0.0136986301369863
82526,0,-0.1509101585437463
91161,16,0.0148285449490268
90183,0,-0.1562500000000001
91892,12,-0.4259259259259259
91021,0,-0.0960334029227557
90199,0,-0.1318199920350458
90272,17,-0.1470531025092393
90276,25,-0.0836940836940837
90178,20,0.001067235859125
90243,13,0.0561224489795917
90188,9,-0.1295620437956205
90241,6,-0.0121527777777776
90187,0,-0.0368349249658935
90164,0,-0.181716833890747
90233,13,-0.092497430626927
90097,16,-0.2356828193832598
90200,0,0.0077348066298343
90207,7,-0.0266666666666667
91609,0,0.1418181818181818
90399,7,-0.1994134897360704
92155,12,0.1956521739130434
91412,12,-0.1646778042959427
54594,25,0.0830564784053156
13056,0,-0.0777870216306155
14526,8,-0.1061670569867292
11581,6,-0.0790160268356316
15203,24,-0.158011049723757
16126,14,0.0923580786026201
16249,7,-0.198044009779951
17137,16,0.0025380710659899
85914,0,-0.1212989493791785
20670,0,0.2442244224422443
64899,26,-0.0323809523809524
23660,25,-0.0145322434150773
23975,25,-0.0681049069373942
82542,6,-0.1634844868735084
30680,0,0.0111498257839721
56274,6,-0.0077489345215032
31668,30,0.0204081632653061
32046,0,-0.0560747663551401
47511,28,0.0080459770114942
60628,6,-0.0840274117026884
57330,9,-0.1025531914893617
37875,6,-0.0638820638820639
20765,9,-0.1183800623052959
17144,0,0.0034927458355722
39328,10,-0.0335057471264368
41452,0,-0.0660295395308427
89888,12,0.4285714285714286
84226,8,-0.0154875043998592
86804,9,-0.0730392156862744
64020,9,-0.0090579710144926
51423,0,-0.0202429149797571
67002,0,0.1724137931034481
52090,25,-0.018559612668953
53613,0,-0.0147058823529412
54114,0,-0.1546656869948566
55213,24,-0.1567717996289425
57665,5,0.0018893087352744
91205,0,-0.1343873517786561
35107,9,-0.0640429338103756
61621,15,-0.0810546875
51692,3,-0.0501296456352635
64742,20,0.0091145833333332
65307,28,-0.0842745438748914
66852,3,0.0912435614422368
46922,0,-0.0225563909774436
67193,17,-0.0872280037842951
77354,15,0.0796992481203007
69199,25,-0.1206828106391426
38850,0,-0.2268571428571428
72486,28,-0.1233790292701
44951,0,-0.0860786397449522
74500,3,0.0254237288135592
74740,27,-0.0123936170212765
65752,25,0.1085785329465396
40694,15,-0.0725438385779486
65306,25,-0.0238476597259298
92874,0,0.08355091383812
81294,28,0.1219262295081966
19502,27,-0.0805463966085727
81614,0,0.0919540229885058
51086,0,-0.1314699792960662
83601,0,-0.0922077922077923
62042,0,0.0962264150943394
21785,11,-0.0933977455716585
10044,11,-0.076842105263158
10104,0,-0.0707991491947735
75510,15,-0.1189189189189189
70092,12,-0.1319018404907974
75033,11,-0.0489417989417988
12211,0,-0.0799418604651163
75434,13,0.032846715328467
80297,0,-0.0818181818181819
75976,0,-0.0851581508515815
77488,17,-0.0211345939933258
76858,0,-0.0469411764705881
76568,0,0.0065851364063969
76605,17,-0.0318806161817664
76752,8,-0.0012432656444258
77478,4,0.0956521739130433
79580,12,-0.0665675162828862
77637,14,0.1570247933884296
77669,3,-0.0046728971962616
79094,0,-0.0935643564356436
87055,0,-0.0368045297882815
79866,0,-0.1182291666666667
80032,0,-0.1433300231711354
80719,10,0.0182186234817813
80763,0,-0.2116788321167882
81138,0,0.163690476190476
91364,0,0.0459770114942528
81655,0,0.0209003215434082
82777,14,-0.0683154878600512
83148,0,-0.0636363636363636
83597,0,-0.0999804534792806
20598,6,0.0578848560700877
89508,17,-0.0332627759298458
84746,13,0.0410677618069814
84785,0,0.0339588918677391
85040,16,0.1482758620689654
85982,0,-0.1409664512157588
85272,7,0.0820895522388058
85394,3,0.1422994339254344
85796,25,-0.1281826163301141
87092,13,-0.1026878015161957
87184,0,-0.0832244008714596
87214,16,-0.028735632183908
88193,0,-0.1406423034330011
88668,0,0.0129583677970774
88841,4,0.0813953488372094
88873,27,-0.0703921568627451
89216,25,-0.1271064897812837
89900,10,-0.1066246056782334
90739,7,-0.1268656716417912
90386,10,0.0441458733205373
90992,25,-0.1166386957564133
90179,8,-0.028109627547435
