firms,clusters,mom1
54594,0,-0.2701149425287356
10154,0,0.0
10285,7,-0.1666666666666666
10867,0,-0.2105263157894736
11010,0,-0.4
11790,0,-0.1885964912280702
12117,7,-0.2432432432432432
12320,0,-0.0845070422535211
13056,0,-0.1704545454545454
13283,0,-0.0914285714285714
50091,0,-0.0932203389830508
14286,0,-0.0441176470588234
14526,0,-0.0551724137931034
15828,0,-0.037037037037037
15991,0,-0.4871794871794872
16126,0,-0.1111111111111111
17137,0,-0.0579710144927536
85885,0,-0.0961538461538461
42438,0,-0.1314553990610328
85914,0,-0.3010752688172042
55044,0,-0.0793103448275862
18092,0,-0.0336134453781512
18244,0,-0.1999999999999999
55108,0,-0.2325581395348837
20336,0,0.1
20670,0,0.0384615384615385
64899,0,-0.1176470588235294
41419,0,-0.1304347826086956
23115,0,-0.2613636363636363
47175,0,-0.3127962085308057
23660,0,-0.0989010989010988
23975,0,-0.0842105263157895
24548,0,-0.1333333333333333
30680,0,0.0
53401,0,-0.0986547085201793
25583,0,-0.0625
56274,0,-0.039855072463768
48637,0,-0.2666666666666667
26658,0,-0.1875
36150,0,-0.1927710843373493
64565,0,-0.1016949152542372
63554,0,-0.0903010033444816
65218,0,-0.0714285714285714
55589,7,0.0666666666666666
31318,0,-0.0972222222222222
21872,13,-0.0769230769230768
31536,0,-0.1188118811881188
54391,0,-0.0885416666666666
31748,0,-0.0799999999999999
32046,0,-0.0172413793103448
32054,0,-0.2916666666666666
62172,7,-0.2727272727272727
47511,0,-0.108433734939759
33188,0,-0.0909090909090909
33639,7,-0.1153846153846154
48143,0,-0.092250922509225
34041,0,-0.0857142857142857
60628,0,-0.0570570570570571
63597,0,-0.1612903225806451
57330,0,-0.0182926829268292
37875,0,-0.1574074074074074
20765,20,-0.1758241758241758
66923,0,-0.0526315789473684
17144,0,-0.056910569105691
38907,0,-0.1666666666666666
32205,0,-0.0467289719626168
39328,0,-0.1666666666666666
26657,0,-0.1022222222222222
40540,7,-0.0833333333333333
22250,0,-0.1649484536082474
64979,0,-0.1792452830188678
41452,0,-0.1263157894736841
27879,0,-0.1304347826086956
50382,0,-0.3047619047619048
52716,0,-0.1166180758017493
50999,0,-0.1783783783783783
65285,0,-0.2439024390243902
62287,0,0.0736842105263158
48557,7,0.0
18278,7,-0.3333333333333333
44821,0,-0.1632653061224489
44856,0,-0.0833333333333333
45103,0,-0.1724137931034483
53129,0,-0.1358490566037735
51828,0,-0.1904761904761904
46739,0,-0.0303030303030302
46843,0,-0.1493506493506493
47563,0,-0.0434782608695651
89392,0,-0.1397849462365591
61137,0,-0.0588235294117647
50462,0,-0.1559633027522935
52708,0,-0.1317829457364341
49227,0,-0.1463414634146341
49286,7,-0.2727272727272727
49585,0,-0.2985074626865671
64020,0,-0.3913043478260869
59926,0,-0.1308411214953271
67328,0,-0.1052631578947368
45022,0,-0.1407035175879397
67002,0,-0.171875
52090,0,-0.2079207920792078
59942,0,-0.1366459627329193
53613,0,-0.1999999999999999
53621,7,-0.3125
54114,0,-0.1567567567567567
55213,0,-0.2964824120603014
64442,0,-0.0999999999999999
65373,0,-0.073170731707317
56363,0,-0.2307692307692307
52337,0,-0.0436241610738254
51377,20,-0.1333333333333333
22066,0,-0.0518867924528302
57665,0,-0.2383720930232558
67010,0,-0.2222222222222222
59601,0,-0.1428571428571429
25232,0,-0.0714285714285714
58077,0,-0.2105263157894736
34948,0,-0.1351351351351351
35107,0,-0.1376146788990825
58675,0,-0.0384615384615384
61621,0,-0.1440677966101694
45823,0,-0.1764705882352941
51692,0,-0.1891891891891891
63096,0,-0.0304878048780488
40571,0,-0.0913461538461538
64064,0,-0.1687499999999999
64355,0,-0.1712328767123287
65058,0,-0.1574074074074074
65307,0,-0.1286549707602339
79733,0,-0.3066666666666666
66588,0,-0.04
66852,0,-0.1666666666666666
67193,0,-0.1136363636363636
67732,20,-0.2380952380952381
67970,0,-0.0434782608695651
68340,0,0.1111111111111111
91679,0,-0.0303030303030302
69199,0,-0.1944444444444444
69220,0,-0.2389937106918238
69682,0,-0.1052631578947368
70018,0,-0.1176470588235294
70288,0,-0.1666666666666666
38850,0,-0.1507936507936508
71002,0,0.0454545454545454
25283,0,-0.0964912280701754
72013,7,-0.0344827586206896
72128,0,-0.5384615384615384
72486,0,-0.1639344262295081
72710,0,-0.2162162162162162
27764,0,-0.125
73147,0,-0.1978021978021977
54471,0,-0.0460526315789473
44951,0,-0.1628959276018099
58625,0,-0.0897435897435897
76022,0,-0.4040404040404041
74500,0,-0.0588235294117647
60353,0,-0.1854838709677418
65752,0,-0.1999999999999999
74975,0,0.0365853658536585
40061,0,-0.1259842519685039
75417,35,-0.1538461538461538
75433,0,-0.34375
40694,0,-0.0787878787878787
37640,0,0.0
76129,0,-0.4453125
48709,0,-0.2112676056338028
92524,0,-0.2307692307692307
47183,0,-0.1411764705882353
61217,0,-0.063157894736842
65306,0,-0.1627906976744185
37612,0,-0.0952380952380952
78749,0,-0.1379310344827586
79039,0,-0.0263157894736841
79303,0,-0.1176470588235294
65103,0,-0.203125
47917,0,-0.2213740458015267
80013,0,0.01
58069,35,-0.0833333333333333
61698,20,-0.0493827160493827
92874,0,-0.0999999999999999
80929,13,-0.074074074074074
81294,0,-0.0619469026548672
19502,0,-0.0875
81614,0,-0.1666666666666666
81702,0,-0.1574074074074074
64506,0,0.0
82449,20,-0.1304347826086956
51086,0,-0.3157894736842105
53671,0,-0.0909090909090909
83601,0,-0.0972972972972973
88381,0,-0.15
62042,0,-0.256198347107438
88445,0,0.0249999999999999
87426,0,-0.0714285714285714
90107,20,-0.171875
68670,7,-0.0769230769230768
21785,0,-0.3333333333333333
91695,0,-0.1797752808988764
10079,0,0.0
10048,0,-0.1333333333333333
85650,7,-0.5
10361,0,-0.2380952380952381
10397,0,-0.1555555555555555
10279,0,-0.145985401459854
69825,0,-0.0925925925925925
69868,13,3.4000000000000004
69235,13,-0.2941176470588235
69489,0,-0.1481481481481481
10087,0,-0.0684931506849315
51190,0,-0.0588235294117647
75110,7,0.0
50906,0,-0.05
18980,0,-0.1764705882352941
10568,0,-0.1999999999999999
10998,0,0.0277777777777776
11181,0,-0.2201834862385321
39116,0,0.2222222222222223
50032,0,-0.060931899641577
49330,20,-0.0613026819923371
69171,0,-0.15
68814,7,-0.1052631578947368
47730,0,-0.0909090909090909
13232,0,-0.3962264150943396
13777,0,-0.3893805309734514
44652,0,-0.0308285163776492
44548,0,-0.1875
38746,0,-0.28125
60871,0,-0.0363636363636363
14198,0,-0.1066666666666666
14331,0,-0.2195121951219512
45583,0,-0.1141732283464567
14702,0,-0.2158273381294964
14737,0,-0.06
15537,0,-0.2121212121212121
68830,0,-0.0625
85631,0,-0.0657276995305163
16185,0,-0.1313131313131312
16791,7,-0.3333333333333333
17057,7,-0.25
17495,0,-0.2413793103448276
17903,0,-0.2658227848101265
49373,0,-0.0545454545454545
18570,0,0.0
18623,0,0.0113636363636364
18834,0,-0.1363636363636363
47642,0,-0.1262135922330097
18973,0,-0.1415094339622641
19271,0,-0.0875
29938,0,-0.0462633451957295
10866,0,-0.1271929824561403
19880,0,-0.131578947368421
20240,0,-0.2484848484848485
20248,0,-0.1490196078431372
49402,0,-0.1322314049586777
20651,7,0.0
25320,0,-0.0538641686182669
40352,0,-0.2380952380952381
21726,0,-0.1858974358974359
21742,0,-0.1129032258064516
26841,0,-0.180327868852459
48047,0,-0.4444444444444444
65533,0,-0.1810699588477365
24126,7,-0.2608695652173913
24572,0,-0.09375
24951,0,-0.2272727272727273
25049,0,-0.1702127659574468
25217,0,-0.2606060606060606
25487,0,-0.0466666666666666
69307,7,-0.2857142857142857
27124,13,-0.1111111111111111
65541,0,-0.0967741935483871
27562,0,-0.150943396226415
31026,0,-0.2105263157894736
27800,0,-0.0641025641025641
27909,0,-0.0746268656716417
28207,0,-0.1666666666666666
19828,0,-0.2028985507246377
28311,0,-0.180327868852459
28522,0,-0.1555555555555555
59707,7,-0.1538461538461538
63546,0,-0.4052287581699346
29023,0,-0.2099999999999999
49154,0,-0.1892857142857142
19350,0,-0.2199312714776632
49429,0,-0.0687134502923976
30227,0,-0.1999999999999999
43211,0,-0.0967741935483871
61313,0,-0.1382113821138211
19254,0,-0.0795180722891566
31595,7,-0.3
87581,7,1.4705882352941178
69358,0,-0.1919191919191919
33209,0,-0.3571428571428571
50788,0,-0.1686746987951807
53196,0,-0.0769230769230768
34287,0,-0.1777777777777778
58405,0,-0.0985915492957746
46295,0,-0.1999999999999999
63589,7,-0.2777777777777778
26382,0,-0.2071823204419889
37103,0,-0.2302158273381295
31974,0,-0.2894736842105263
62228,0,-0.16
59010,0,-0.0634573304157549
60935,0,-0.1408450704225352
40838,0,-0.125
19174,0,-0.183673469387755
21055,0,-0.2249999999999999
59547,0,-0.0793650793650794
47888,0,-0.2151898734177215
62367,0,-0.1159420289855072
39670,0,-0.1428571428571429
49189,0,-0.1346153846153845
40628,0,-0.0769230769230768
40644,0,0.0810810810810811
39765,0,-0.0869565217391304
32600,0,-0.1538461538461538
41420,0,-0.0930232558139535
32678,0,0.0
23077,0,-0.0747330960854092
63212,7,-0.1666666666666666
41663,7,0.1499999999999999
27828,0,-0.1913043478260869
88701,7,-0.0869565217391304
32803,0,-0.0700934579439251
66181,0,-0.010948905109489
32870,0,-0.125
42366,0,-0.1073170731707316
32926,0,-0.18
66587,0,-0.1711711711711712
42922,0,-0.2597402597402597
43474,7,-0.2727272727272727
43781,0,-0.2567567567567568
44135,0,-0.1020408163265306
44389,0,-0.1607142857142857
12503,0,-0.1666666666666666
45560,0,-0.2093023255813954
45699,0,-0.3388429752066115
12040,7,-0.3333333333333333
46149,0,-0.4901960784313726
46237,0,-0.375
48100,0,-0.2926829268292683
33267,7,-0.0909090909090909
47133,0,-0.1506849315068493
47141,0,-0.1442307692307692
57437,0,-0.1932773109243697
47571,20,-0.1282051282051282
53495,0,-0.05
50374,0,-0.0416666666666666
48208,0,-0.1081081081081081
48291,0,-0.1578947368421053
48347,0,-0.2333333333333332
64282,0,-0.154320987654321
24731,35,0.0
26294,0,0.0534482758620689
53612,0,-0.1519756838905774
50092,0,-0.09375
61399,0,-0.1924686192468618
50519,0,-0.1052631578947368
66253,0,-0.1506849315068493
64039,0,-0.125
51960,0,-0.0930232558139535
13100,0,-0.0982800982800983
64637,0,-0.0238095238095238
60097,0,-0.0139751552795031
22891,0,-0.2290322580645161
53050,0,-0.103030303030303
60548,0,-0.1062499999999999
53189,0,-0.125
53306,0,-0.2249999999999999
55191,0,0.1700680272108843
54843,0,-0.1481481481481481
68582,0,-0.1428571428571429
47773,0,-0.1695652173913043
56339,0,-0.0735294117647058
56419,0,-0.1176470588235294
56777,0,-0.0833333333333333
57171,0,-0.2048192771084337
57534,0,-0.028169014084507
57809,0,-0.1488095238095238
57817,0,-0.2068965517241379
57884,0,-0.3148148148148147
58107,0,0.4166666666666667
58473,7,-0.0714285714285714
53639,0,-0.0977443609022556
58801,0,-0.2258064516129032
59185,0,-0.1179487179487179
45313,0,-0.0842105263157895
59767,0,-0.0697674418604651
59775,0,-0.0916334661354582
60055,0,-0.2105263157894736
60679,0,-0.2231075697211155
35051,0,-0.1330798479087452
61525,0,-0.15625
18403,0,-0.1717391304347826
61460,0,-0.0999999999999999
35238,0,-0.024390243902439
27713,0,0.0055865921787709
61823,0,-0.2207792207792207
49576,0,-0.1767676767676768
62384,0,0.2045454545454545
13936,0,-0.1875
64338,35,-0.125
49971,0,-0.0460829493087557
63686,0,-0.03125
91193,0,-0.2083333333333333
43748,0,-0.1258278145695364
64697,0,-0.217391304347826
64902,7,-0.1153846153846154
42307,0,-0.1791044776119402
65227,0,-0.1764705882352941
62033,0,-0.0594059405940594
61620,0,-0.073170731707317
67177,0,-0.088235294117647
25312,0,-0.2258064516129032
91556,0,-0.1728395061728395
38711,0,-0.1805555555555555
62682,0,-0.0689655172413793
68065,0,-0.2672413793103448
68209,7,-0.6666666666666667
41320,0,-0.1896551724137931
68428,0,-0.1139240506329114
39773,0,-0.1851851851851852
50948,0,-0.0909090909090909
70106,35,-0.2962962962962963
70376,0,-0.0583333333333333
70835,0,-0.1999999999999999
70923,0,-0.0555555555555555
42585,0,-0.1145251396648044
72005,0,-0.2307692307692307
36740,0,-0.202247191011236
72961,0,-0.074074074074074
73083,0,-0.1428571428571429
73171,7,0.0454545454545454
54981,0,-0.0625
74027,0,-0.2941176470588235
74123,0,-0.2941176470588235
74230,0,-0.1071428571428571
75345,0,-0.1538461538461538
53751,0,-0.2181818181818181
76081,0,-0.0555555555555555
48573,0,0.0
60580,0,-0.1855670103092783
61065,0,-0.1680327868852459
76743,0,-0.3414634146341463
63386,0,-0.150943396226415
25937,0,-0.2030075187969925
79338,0,-0.3461538461538461
46260,0,0.0
79840,7,-0.0999999999999999
37807,0,-0.1726384364820846
80179,0,-0.0144927536231883
80347,0,-0.0847457627118644
59627,0,-0.0961538461538461
81190,0,-0.2692307692307693
28388,0,-0.03
55976,0,-0.0916334661354582
51932,0,-0.1149425287356321
81510,0,-0.1463414634146341
81700,0,-0.2592592592592593
67803,0,-0.4375
82924,0,-0.1666666666666666
82991,0,-0.1219512195121951
83011,0,-0.2156862745098039
44476,0,-0.1132075471698113
40539,0,-0.0749999999999999
89245,0,-0.1020408163265306
91572,0,-0.2295081967213115
72996,0,-0.1136363636363636
91636,0,-0.0666666666666666
34228,0,-0.0909090909090909
91994,0,-0.1923076923076923
10025,0,-0.3035714285714286
86511,0,-0.1531531531531531
90609,0,-0.4421052631578948
67694,0,-0.1481481481481481
69411,0,-0.0727272727272727
67467,0,-0.048780487804878
10182,0,-0.1111111111111111
10222,0,-0.2873563218390804
10247,0,-0.3055555555555556
10282,0,-0.1785714285714286
86610,0,-0.0961538461538461
70076,7,-0.1666666666666666
10514,0,-0.3359999999999999
10531,0,0.25
10178,0,-0.1956521739130434
75495,0,-0.0857142857142857
67985,7,0.0
10199,0,-0.1052631578947368
32563,28,-0.1267605633802817
10325,0,-0.1999999999999999
56354,0,-0.1595092024539877
65832,0,-0.0813953488372093
66413,0,-0.2830188679245283
21020,0,-0.1914414414414414
10429,0,-0.1184210526315789
85041,0,-0.1158536585365853
62500,0,-0.1481481481481481
71239,0,-0.3870967741935484
27991,0,-0.1103448275862069
10517,0,-0.1842105263157895
20482,0,-0.0804597701149425
10656,0,-0.0416666666666666
10664,0,0.02
10057,0,-0.203125
63837,0,-0.1791044776119402
60038,0,-0.0701754385964912
51510,0,-0.0909090909090909
10701,0,-0.5652173913043479
10752,0,-0.2272727272727273
85113,0,-0.1951219512195121
64514,0,-0.1290322580645161
61241,0,-0.2321428571428571
11149,0,-0.0496453900709219
61081,0,-0.1388888888888888
11341,0,-0.0952380952380952
28222,0,-0.167816091954023
11376,0,-0.1923076923076923
51721,0,-0.1911764705882352
28804,0,-0.1524390243902439
49584,0,-0.1481481481481481
42083,0,-0.160377358490566
48514,0,-0.1347517730496453
63845,0,-0.1122994652406417
11691,0,-0.0363636363636363
10137,0,-0.0463576158940397
44740,0,-0.2416107382550335
11851,0,-0.1176470588235294
26331,0,-0.2131147540983606
10145,0,-0.0814814814814814
41443,0,-0.1458333333333333
45911,20,-0.0869565217391304
12205,0,-0.3095238095238095
24643,0,-0.0737410071942445
64856,0,-0.0873015873015873
10161,0,-0.0697674418604651
28484,0,0.0687022900763358
12424,0,-0.2142857142857143
60046,0,-0.1818181818181817
39482,0,-0.1379310344827586
10225,0,-0.02367941712204
56119,0,-0.0421686746987951
23341,0,-0.0613636363636364
12758,0,0.1290322580645162
24109,0,-0.1129707112970711
12811,0,0.1851851851851851
12918,0,-0.2435233160621761
66771,0,-0.0569948186528497
65859,0,-0.1020408163265306
13291,0,-0.2368421052631578
50112,0,-0.0880503144654087
13304,0,-0.1843971631205674
64143,0,-0.0535714285714286
29049,0,-0.0911999999999999
13603,0,0.0
46527,0,-0.0563380281690141
65111,0,-0.2455089820359282
58560,0,-0.171875
13769,0,-0.4399999999999999
15974,35,-0.15
69200,0,-0.1428571428571429
10401,0,-0.125
23544,0,-0.0866141732283464
10460,0,-0.0879120879120879
14008,0,-0.4753623188405796
14059,7,-0.2558139534883721
19553,0,-0.0112359550561798
64864,0,-0.1428571428571429
18075,0,-0.0757575757575758
64151,0,-0.1923076923076923
14219,0,-0.15
14227,7,0.0
54375,35,-0.2916666666666666
87119,0,-0.4272727272727272
14323,0,-0.1204819277108434
65867,0,0.0
29102,0,-0.0925925925925925
59184,0,-0.0479041916167665
29145,0,-0.1325301204819277
14593,0,-0.119047619047619
14622,0,-0.2888888888888888
52804,0,-0.2795698924731182
10516,0,-0.0845771144278606
14833,0,-0.175
14868,0,-0.0726495726495726
29380,0,0.0
17566,0,-0.1016949152542372
19692,0,-0.1299638989169674
15035,0,-0.1527777777777778
60230,0,-0.1052631578947368
29209,0,-0.2553191489361702
15131,0,-0.1875
21143,0,-0.1027397260273972
10364,0,-0.0779220779220779
24272,0,-0.0149253731343284
15246,0,-0.2261904761904761
15262,0,-0.125
15334,0,-0.3392857142857143
29276,7,-0.25
15457,7,-0.1999999999999999
15502,0,-0.2352941176470588
47140,0,-0.0202020202020202
85607,0,-0.0491803278688525
15553,0,-0.0956175298804781
10604,0,0.042512077294686
15684,0,-0.1111111111111111
20458,0,-0.0535714285714286
15721,0,0.0
49701,0,-0.1999999999999999
15820,0,-0.3571428571428571
69542,35,-0.1818181818181817
44644,0,-0.0450236966824644
15975,0,-0.0434782608695651
16011,0,-0.1999999999999999
16030,0,-0.125
27684,0,-0.0628019323671497
40416,0,-0.1952054794520548
58376,0,-0.0857142857142857
65496,0,-0.1538461538461538
64717,0,0.0476190476190476
53110,28,-0.1773049645390071
62797,7,-0.3050847457627118
52484,0,-0.0970149253731342
10318,0,-0.0789473684210526
58755,0,-0.0915032679738562
57568,0,-0.1148148148148148
58480,0,-0.1186440677966101
16468,0,-0.375
24221,0,-0.1072961373390557
16564,0,-0.2962962962962963
55781,0,-0.0984848484848485
29532,0,-0.3076923076923077
16890,0,-0.1176470588235294
46877,20,-0.0434782608695651
39693,0,-0.1036036036036036
42358,0,-0.0462962962962962
85842,13,0.0
47423,0,-0.1282051282051282
29591,0,0.1428571428571428
17065,0,-0.4057971014492754
26518,0,-0.0653357531760435
27887,0,-0.0780487804878048
29612,0,-0.1955307262569832
39642,0,-0.073943661971831
17444,0,-0.28
10743,0,-0.1645569620253164
65875,0,-0.1341772151898734
29639,0,-0.0526315789473684
65883,0,-0.0663615560640732
65509,0,-0.0503597122302158
43772,0,-0.1090909090909091
19377,0,-0.1578947368421053
10786,0,-0.1192660550458715
17815,0,-0.5064935064935066
47992,0,-0.1224489795918367
54164,0,-0.1382488479262672
17962,0,-0.1588785046728972
61508,0,-0.232258064516129
18156,0,-0.1428571428571429
18287,0,-0.2857142857142857
18316,0,-0.1666666666666666
20220,0,-0.2204724409448819
61946,0,-0.051063829787234
38527,0,-0.1272727272727273
18455,0,-0.0038022813688213
62519,0,-0.0857142857142857
19561,0,-0.1645021645021644
42024,0,-0.073469387755102
51393,7,0.2571428571428571
18754,0,-0.171875
18762,0,-0.0384615384615384
16571,0,-0.087719298245614
25144,0,-0.0866666666666666
66130,0,-0.1464646464646465
19079,0,-0.3055555555555556
19159,0,-0.125
17961,0,-0.2123552123552123
19393,0,-0.0634615384615384
63482,0,-0.4
42606,0,-0.1610169491525424
19546,0,-0.0833333333333333
53786,0,-0.09009009009009
19589,0,-0.0714285714285714
10874,20,-0.2210526315789474
55597,0,-0.0909090909090909
19677,0,-0.2307692307692307
19693,0,-0.2222222222222222
50227,0,-0.1433691756272401
19888,0,-0.03125
10890,35,-0.2359550561797753
67432,20,-0.1764705882352941
19976,0,-0.6
19992,0,-0.0434782608695651
59686,0,-0.1068249258160237
20730,0,-0.0358868184955141
24600,20,-0.35
20117,0,-0.1025641025641025
20125,0,0.0151515151515151
45655,0,-0.144927536231884
86239,7,-0.0526315789473684
48282,0,-0.2222222222222222
10989,0,-0.0593749999999999
58181,0,-0.2212389380530973
62148,0,-0.1272727272727273
28564,0,-0.048780487804878
20459,13,0.1111111111111111
46690,0,-0.1192307692307692
20504,0,-0.3529411764705882
20512,0,-0.0384615384615384
20571,0,-0.0625
56602,0,-0.1818181818181817
20678,0,-0.1975308641975308
20723,0,-0.0434782608695651
20750,0,0.0099009900990099
11017,0,-0.1263157894736841
51414,0,-0.0769230769230768
64880,0,-0.16
20918,7,-0.2432432432432432
30330,0,-0.1193339500462534
21371,0,-0.1034482758620689
56303,7,-0.1052631578947368
27334,0,-0.127659574468085
53524,0,-0.1538461538461538
23114,0,-0.1372549019607842
20618,0,-0.182033096926714
21638,0,0.2058823529411764
26374,0,-0.1409090909090908
86431,0,-0.0769230769230768
30402,0,-0.1078431372549019
40707,0,-0.111864406779661
18542,0,-0.1202046035805626
21945,7,0.1666666666666667
47052,20,-0.1951219512195121
53831,0,-0.1380597014925373
22016,0,-0.1347305389221557
63503,0,-0.1294642857142857
58173,0,0.0555555555555555
22270,0,0.0
60599,0,-0.1403508771929824
22374,0,-0.2352941176470588
21397,0,-0.0403587443946188
22585,0,-0.2162162162162162
22681,0,0.0238095238095237
53364,0,-0.03125
22913,0,-0.15625
22921,0,-0.2448979591836735
64194,0,-0.1805555555555555
23035,0,-0.2553191489361702
23051,0,-0.16
21960,0,-0.0789473684210526
23182,0,0.0222222222222221
14541,0,-0.0440944881889764
30509,0,-0.0454545454545454
23297,0,-0.1209964412811388
21282,0,-0.0387931034482759
30525,0,-0.1159420289855072
11260,20,-0.1157024793388429
23393,0,-0.0133333333333333
24117,0,-0.0518518518518518
23481,35,-0.2222222222222222
22680,0,-0.1691176470588234
23537,0,-0.0833333333333333
86634,35,-0.1111111111111111
23588,0,-0.0181818181818181
18446,0,-0.2466216216216216
66878,0,-0.0465116279069767
24046,0,-0.0736842105263158
27422,0,-0.1464435146443514
46578,0,-0.1452991452991453
56741,0,-0.2264150943396226
24193,0,-0.3488372093023255
38893,0,-0.03886925795053
11995,0,-0.1489361702127659
24417,0,-0.119047619047619
24441,0,-0.0837004405286343
64901,0,-0.1764705882352941
24476,0,-0.0526315789473684
30648,0,-0.1294117647058823
18729,0,-0.0642857142857142
24556,0,-0.1040462427745664
24679,0,0.0
11340,0,0.0
24935,0,-0.1347517730496453
25073,0,-0.2941176470588235
61524,0,-0.0067114093959731
25137,0,-0.0287206266318538
41064,0,-0.1240601503759398
25452,0,-0.4189189189189189
25989,0,-0.3979591836734694
68347,0,-0.1846153846153846
25604,0,-0.1271186440677966
25612,0,-0.217391304347826
30744,13,-0.2857142857142857
65189,0,-0.0909090909090909
25823,0,-0.073170731707317
25938,0,-0.1290322580645161
26009,0,-0.073170731707317
40125,0,-0.1082621082621082
26084,0,-0.1176470588235294
26252,0,-0.0806451612903226
26279,0,-0.0843373493975904
26295,0,-0.0625
26332,0,-0.1376146788990825
63941,0,-0.0909090909090909
11404,0,-0.13
26578,0,-0.0625
41929,0,-0.1932773109243697
21821,0,-0.0109589041095889
26586,0,-0.11875
26607,0,-0.2340425531914893
26650,0,-0.2280701754385965
23229,0,-0.0714285714285714
26711,0,-0.1181818181818181
30840,0,0.06
39335,0,-0.0689655172413793
26965,0,-0.1317829457364341
38914,0,-0.1023622047244094
87012,0,-0.2083333333333333
27087,0,-0.1595744680851063
21979,0,-0.1257309941520468
27430,0,-0.61
59248,0,0.0102040816326529
27239,0,0.0588235294117647
27255,0,-0.0799999999999999
27407,13,-0.1666666666666666
27474,0,-0.168
27482,0,0.6000000000000001
27538,0,-0.2380952380952381
49496,0,-0.1073825503355704
20204,0,-0.1904761904761904
62164,0,-0.2096317280453258
38420,0,-0.5346820809248555
27749,0,-0.3571428571428571
53575,0,-0.125
31042,0,-0.1491935483870967
17726,0,-0.0414937759336099
59256,0,-0.217391304347826
31069,0,-0.0526315789473684
31077,0,-0.0068027210884353
12044,0,-0.1214953271028037
41080,0,-0.2261306532663316
59264,0,-0.1379310344827586
18091,0,-0.5027422303473492
62527,7,0.0
28071,0,0.0
28143,0,-0.1698113207547169
28151,0,-0.3861386138613861
28178,7,-0.3846153846153846
28186,0,-0.108433734939759
28231,0,-0.3
28250,0,-0.1999999999999999
30067,0,-0.1764705882352941
28282,0,-0.106060606060606
11607,0,-0.1612903225806451
49285,0,-0.0769230769230768
66472,7,-0.0555555555555555
57592,7,-0.1833333333333333
28629,0,-0.125
28661,0,-0.0291262135922329
28696,0,-0.1290322580645161
28784,0,0.0454545454545454
28840,0,-0.0056179775280899
28848,0,0.0
12005,0,-0.0588235294117647
28952,0,-0.1739130434782608
29050,0,0.54
29058,0,-0.04
22859,0,-0.1019108280254776
51924,0,-0.3333333333333333
29197,0,0.0761904761904761
45110,0,-0.0883720930232557
29226,0,-0.0606060606060605
64215,7,0.0
26112,0,-0.115009746588694
29285,0,-0.0104166666666666
61743,0,-0.1666666666666666
22867,0,-0.0250696378830083
29576,0,-0.0769230769230768
11674,0,-0.0565217391304347
45874,0,-0.1311475409836066
29752,0,-0.0999999999999999
65226,7,0.4166666666666667
24715,0,0.0574712643678161
45516,0,-0.0749999999999999
29832,0,-0.1923076923076923
29867,0,-0.1538461538461538
29875,7,-0.1666666666666666
40440,0,-0.2060439560439561
43916,0,-0.1262626262626263
30075,0,-0.2166666666666666
30147,0,-0.1411764705882353
26403,0,-0.1296493092454835
30307,7,-0.0749999999999999
64936,0,-0.0720221606648199
38682,0,-0.1014084507042253
31341,0,-0.1837837837837838
41515,0,0.0
30622,0,-0.0769230769230768
25953,0,-0.1279461279461279
20626,0,-0.1864406779661016
58990,0,0.0113636363636364
30681,0,-0.0813397129186602
46471,0,-0.1219512195121951
30761,7,0.05
30780,0,-0.10062893081761
27959,0,-0.0431034482758621
48506,0,-0.0392156862745097
30884,0,-0.1458333333333333
25072,0,-0.03954802259887
30892,0,-0.2280701754385965
30940,0,-0.2244897959183673
30948,0,-0.1057692307692307
31464,0,-0.3472222222222222
31070,0,-0.0263157894736841
31107,0,-0.0972222222222222
31150,7,-0.1304347826086956
42200,0,-0.0857142857142857
31211,0,-0.0833333333333333
43342,0,0.0637254901960784
32281,0,-0.0647482014388489
31414,0,-0.1999999999999999
31480,0,-0.0270270270270269
26075,28,-0.0945945945945946
11754,0,0.0557377049180327
11762,0,-0.1532091097308489
70578,0,-0.1851851851851852
31552,0,-0.0588235294117647
68398,0,-0.0294117647058823
31764,0,-0.1272727272727273
44185,0,-0.0166666666666667
32062,0,-0.0952380952380952
32110,0,-0.1794871794871795
38543,0,-0.1904761904761904
87549,0,-0.16
22103,0,-0.1569230769230769
32417,0,-0.074074074074074
23042,0,-0.0464135021097046
61540,0,-0.1666666666666666
32540,0,-0.1636363636363637
68910,0,-0.1578947368421053
26470,0,0.0
62834,0,-0.1314285714285714
32986,0,0.0434782608695651
33014,0,-0.1764705882352941
62842,0,0.0
52476,0,-0.1140939597315435
24328,0,0.0242214532871971
66536,13,-0.8461538461538461
33420,0,0.0576923076923077
33508,0,-0.219047619047619
31691,0,-0.1403508771929824
33567,0,-0.25
42550,0,-0.1204819277108434
62180,7,-0.1785714285714286
87696,0,-0.0933333333333333
66149,0,-0.0520833333333333
87717,0,-0.3467336683417085
87725,0,-0.1142857142857143
11850,0,-0.036144578313253
19166,0,-0.0598006644518271
54439,13,-0.6428571428571428
24205,0,-0.110204081632653
34017,0,-0.0933333333333333
62586,7,-0.4499999999999999
38173,0,-0.2083333333333333
34367,0,-0.0535714285714286
34404,0,-0.3783783783783784
21338,20,0.0769230769230768
25371,0,-0.1626506024096385
34463,0,-0.053763440860215
47706,0,-0.0909090909090909
21135,0,-0.1238095238095238
34578,0,-0.28
34623,0,-0.2023809523809523
42745,0,-0.3018867924528302
10016,0,-0.2391304347826086
34981,0,-0.1269841269841269
58296,0,-0.1382978723404255
31915,0,-0.0625
54244,0,-0.368421052631579
47271,0,-0.0771929824561403
36768,0,-0.0515463917525773
49875,0,-0.0769230769230768
27748,0,-0.1345707656612529
22496,0,-0.0709459459459459
37023,0,-0.2631578947368421
56784,0,-0.1244635193133046
54543,0,0.1818181818181818
49031,0,-0.1324503311258278
46164,0,-0.2328767123287671
37189,0,-0.1338582677165354
41726,0,-0.1105990783410137
66165,0,-0.1621621621621621
25785,0,-0.1596385542168674
45241,0,-0.0564971751412429
37234,0,-0.0749999999999999
37277,0,-0.3243243243243243
37402,0,-0.1875
18112,0,-0.2028985507246377
37568,0,-0.097560975609756
37584,0,-0.1846153846153846
62877,0,-0.0320284697508896
58421,0,-0.125
37832,0,-0.2142857142857143
37859,7,-0.1999999999999999
25961,0,-0.1309523809523809
37955,0,-0.1607142857142857
40425,0,-0.1666666666666666
21004,0,-0.0964912280701754
32061,0,0.0
38085,0,-0.1136363636363636
38093,0,-0.1147540983606557
88269,0,-0.2352941176470588
61348,0,-0.2391304347826086
38157,0,-0.1481481481481481
47941,0,-0.0551724137931034
32096,0,-0.1409691629955947
38280,0,0.0497737556561086
38317,0,-0.3571428571428571
38333,0,-0.0476190476190476
62607,0,-0.25
12052,0,-0.0700934579439251
12060,0,-0.1343804537521815
46834,0,-0.2903225806451612
56629,0,-0.2872340425531915
38472,0,-0.1081081081081081
12079,0,-0.1474530831099195
66931,0,-0.0316205533596838
12095,0,-0.1914414414414414
38659,0,-0.1612903225806451
62260,0,-0.3548387096774194
46674,0,-0.0238095238095238
62615,0,-0.217391304347826
38827,0,-0.25
23915,0,-0.1277173913043477
25910,0,-0.0955555555555555
27449,0,-0.176
38974,0,-0.1839080459770115
38982,0,-0.0601092896174862
39029,0,-0.1071428571428571
39045,0,-0.102803738317757
16424,0,-0.0844793713163064
57154,0,-0.1661631419939576
55466,0,-0.1570247933884297
32256,0,-0.0494505494505495
45428,0,0.2307692307692308
65920,0,0.0169491525423728
60441,0,-0.26953125
32299,0,0.0
12140,0,-0.1623188405797101
39432,0,-0.086206896551724
16432,20,-0.1415094339622641
53604,0,-0.0990099009900989
39483,0,-0.2572815533980582
25005,0,-0.1298701298701299
39571,0,-0.2617801047120419
39590,0,-0.1481481481481481
60468,0,-0.1134020618556701
52695,0,-0.0716911764705882
32379,0,-0.1825396825396825
63976,0,-0.0376344086021505
67571,0,-0.1818181818181817
49197,0,-0.1999999999999999
40097,0,-0.1505376344086021
19721,0,-0.1016949152542372
32440,0,-0.25
21274,0,-0.0793650793650794
32459,0,-0.0851063829787234
40345,0,-0.2884615384615384
54770,0,-0.1447368421052631
23405,0,-0.063157894736842
40476,0,0.2045454545454545
57832,0,-0.4166666666666666
40484,0,-0.2624999999999999
67942,0,0.0714285714285714
57533,0,-0.1153846153846154
23819,0,-0.0341685649202733
40871,0,-0.0429447852760735
40898,0,-0.0357142857142857
49349,0,-0.1551724137931034
44468,0,-0.1023622047244094
43238,0,-0.1988950276243094
59301,0,-0.146417445482866
27924,7,-0.2857142857142857
50905,0,-0.0714285714285714
40994,0,-0.1818181818181817
41014,0,-0.1764705882352941
25582,28,-0.2163265306122449
25304,0,-0.127659574468085
52978,0,-0.1594202898550725
32619,0,-0.0909090909090909
10294,0,-0.0714285714285714
41187,0,-0.0661478599221789
41292,0,-0.1752577319587629
53620,35,-0.1999999999999999
50059,0,-0.1022727272727272
88613,0,-0.0331125827814569
41356,0,-0.0892857142857143
32651,0,-0.063157894736842
88656,0,-0.1973684210526315
64434,0,-0.1702127659574468
60476,0,-0.0886075949367088
41444,0,-0.3472222222222222
41487,0,-0.0851063829787234
63992,0,-0.1666666666666666
32707,0,0.0038910505836575
18016,0,-0.1203007518796992
68937,0,-0.3076923076923077
16600,0,-0.0161812297734628
61567,0,-0.0999999999999999
41815,0,-0.2181818181818181
23309,0,-0.2330623306233062
42084,0,0.0
12319,0,0.0451612903225806
42439,0,-0.1463414634146341
18374,0,-0.0679012345679012
42455,0,-0.1515151515151515
42535,0,-0.073170731707317
42607,0,-0.1136363636363636
44986,0,-0.0751173708920187
20124,0,-0.239010989010989
21792,0,-0.0592592592592592
32934,0,-0.0693641618497109
48135,0,-0.2335766423357664
44150,0,-0.1955307262569832
42877,0,-0.1645569620253164
88795,0,-0.2386363636363636
43028,0,0.0666666666666666
62295,0,-0.0059171597633136
38973,0,-0.1421319796954314
64258,0,-0.125
43263,0,-0.0476190476190476
43327,0,-0.2127659574468084
64004,0,-0.1481481481481481
66595,0,-0.0769230769230768
12570,0,-0.1207627118644067
21928,0,-0.0255102040816326
56573,0,-0.0939759036144578
43610,0,0.0370370370370369
43618,0,-0.2195121951219512
43634,0,-0.125
43992,0,-0.2142857142857143
33136,0,-0.05
44170,7,-0.12
12431,0,-0.1742243436754176
44194,0,-0.2857142857142857
12458,0,-0.1970260223048326
88990,0,-0.125
44266,0,-0.28125
65293,0,-0.1219512195121951
46519,0,-0.175
44477,35,-0.4285714285714286
44506,0,-0.2093023255813954
59328,0,-0.25
44637,0,0.0
44645,0,-0.0434782608695651
44768,0,-0.2058823529411765
44776,0,-0.2058823529411765
44792,0,-0.05
15747,7,-0.203125
44840,0,-0.1181818181818181
89093,0,-0.2380952380952381
58608,0,-0.1576354679802956
12490,0,-0.0863228699551569
40272,0,-0.0976027397260274
12511,0,-0.1055900621118012
45306,0,-0.0799999999999999
21573,0,-0.155210643015521
49736,7,-0.1999999999999999
27705,0,-0.16
45373,7,0.2222222222222223
45381,0,-0.2068965517241379
45437,0,-0.1097560975609756
68494,0,-0.1058823529411764
67619,35,-0.125
45509,0,-0.2837837837837837
23317,0,-0.0720720720720721
53065,0,-0.0742049469964664
67993,0,-0.0303030303030302
45728,0,-0.1192660550458715
45891,0,0.0
57066,0,-0.1106194690265486
46018,0,-0.0736842105263158
46077,0,-0.1126760563380281
89261,13,-0.4285714285714286
46114,0,-0.1071428571428571
47984,0,-0.264367816091954
46245,0,-0.28
46288,0,-0.2142857142857143
46392,0,-0.1923076923076923
22111,0,-0.0707964601769911
42534,0,-0.2051282051282051
53268,0,0.0545454545454544
42104,0,-0.0995475113122171
46870,28,-0.1269841269841269
46886,0,-0.3222222222222222
51596,0,-0.0693069306930692
46931,0,-0.2222222222222222
46950,0,-0.1728395061728395
47002,0,-0.0350877192982456
47029,0,-0.2222222222222222
42067,0,-0.2222222222222222
24432,0,-0.0524193548387096
12650,0,-0.1469816272965879
25523,0,0.0149253731343284
24053,0,-0.0913978494623656
45890,0,-0.1435897435897436
33347,0,-0.2199999999999999
47205,0,-0.1224489795918367
47248,0,-0.1506849315068493
89333,0,-0.1875
26825,0,-0.0836363636363636
47379,0,-0.2368421052631578
44134,0,-0.1884057971014492
52847,0,0.146341463414634
58616,0,-0.2987012987012987
25769,0,-0.037593984962406
40459,0,-0.2777777777777778
47619,0,0.0294117647058822
67299,7,0.1428571428571428
60521,0,-0.131004366812227
47715,0,-0.0602409638554216
17750,0,-0.0373983739837398
33398,0,-0.0232558139534884
59045,0,0.0
33451,0,-0.2222222222222222
47969,0,-0.0793650793650794
48960,0,-0.1256544502617801
45866,0,-0.2450980392156863
48072,0,-0.0909090909090909
16678,0,-0.1085271317829457
59897,0,-0.0510204081632652
48144,0,-0.2705882352941177
41136,0,-0.2045454545454545
48195,0,-0.2142857142857143
89456,0,-0.3333333333333333
48267,0,-0.2197802197802197
25507,0,-0.1666666666666666
47255,0,-0.1111111111111111
48312,0,-0.101123595505618
12781,0,0.0252100840336133
48363,0,-0.1743119266055045
48371,0,-0.1999999999999999
65656,0,-0.24
48486,0,0.0256410256410255
48523,0,-0.1627906976744185
48531,0,-0.0625
48961,0,-0.0186915887850467
59053,0,-0.1166666666666667
50286,0,-0.0979381443298968
60943,0,-0.1770833333333333
65330,0,-0.1333333333333333
17443,7,-0.5
89552,0,-0.175
10092,0,-0.3333333333333333
48776,13,0.0
20415,0,-0.0982658959537572
18147,0,-0.3115577889447236
89587,0,-0.28
89608,0,-0.2228915662650602
49534,0,-0.1829268292682927
50876,0,-0.0975975975975975
49606,0,-0.1818181818181817
49737,0,-0.2153846153846154
49745,0,0.0769230769230768
49817,0,-0.140625
63239,35,-0.2307692307692307
49905,0,-0.0847457627118644
21178,20,-0.0681818181818182
59352,0,-0.2033195020746888
49956,0,-0.1428571428571429
59360,0,-0.1357142857142856
12888,35,-0.2888888888888888
89675,7,-0.125
33785,0,0.0454545454545454
68523,7,-0.1999999999999999
50156,0,-0.1648351648351648
33814,0,0.0414364640883977
56223,0,-0.143859649122807
43721,0,-0.0869565217391304
22373,0,-0.1237785016286645
62906,20,-0.0799999999999999
59774,0,-0.1338912133891213
34147,0,-0.1463414634146341
27086,0,-0.1747572815533981
23835,0,-0.0506329113924051
34067,0,-0.1025641025641025
89755,0,-0.1219512195121951
50623,0,-0.0581395348837209
50666,0,-0.0574712643678161
50877,0,-0.1902985074626866
33937,0,0.0
51079,0,-0.2307692307692307
51263,28,-0.0493827160493827
43668,0,-0.0422535211267606
47837,0,0.1902654867256636
51626,0,0.0166666666666666
51677,0,-0.2134831460674157
46703,0,-0.1165644171779141
45751,0,-0.0617696160267111
51693,0,-0.0984848484848485
20562,0,-0.0983606557377049
34032,0,-0.1764705882352941
51800,0,-0.1481481481481481
51829,13,0.3333333333333332
51845,0,-0.5238095238095238
35705,0,-0.0208333333333333
39538,0,-0.144578313253012
89894,0,-0.3068181818181817
51976,7,-0.4
52039,0,0.1111111111111111
13119,0,-0.1119402985074626
65357,0,0.0
43449,0,-0.1115537848605577
26729,0,-0.0172910662824207
52135,0,0.1549295774647887
89915,0,-0.1327433628318584
17478,0,-0.1131221719457014
25646,0,-0.075187969924812
19895,0,-0.0991379310344827
52250,0,-0.16
52258,0,-0.0100502512562814
50577,0,-0.125
52282,35,0.3333333333333332
52346,0,-0.1206896551724138
52434,0,-0.0588235294117647
52557,0,0.021505376344086
62914,0,-0.16
52581,0,-0.0625
17005,0,-0.2061611374407582
43887,0,-0.2950819672131147
52792,0,-0.1313868613138685
52813,0,-0.081967213114754
22752,0,-0.0841514726507713
42796,0,-0.1541850220264317
52919,0,-0.1322751322751323
53015,0,0.0
53082,0,-0.0888888888888889
53226,0,-0.125
55546,0,-0.0384615384615384
58632,20,-0.0909090909090909
53480,0,-0.081081081081081
53509,0,-0.3970588235294118
53640,7,0.0
24010,0,-0.0576923076923077
53939,35,0.1111111111111111
54173,0,-0.1774193548387096
54181,28,-0.0919540229885057
48805,0,-0.0833333333333333
90211,0,0.0
22592,0,-0.1286307053941908
24248,0,-0.0931372549019607
54528,0,-0.3913043478260869
15966,0,-0.0210727969348658
54675,0,-0.1126760563380281
54704,0,-0.1888888888888888
54798,0,-0.2249999999999999
54827,0,-0.1333333333333333
22023,0,-0.1711711711711712
90254,7,0.0909090909090908
18382,0,-0.1471321695760599
42614,0,-0.0277777777777777
67678,0,-0.1666666666666666
55125,0,-0.0699999999999999
55133,0,-0.2105263157894736
55079,0,-0.1617312072892938
21290,0,-0.0617283950617284
55256,0,-0.1392405063291139
22779,0,-0.1167434715821812
40731,0,-0.125
63247,0,-0.15
55467,0,-0.1486486486486486
12058,0,-0.0079365079365079
13290,0,-0.0625
28345,0,0.0438596491228069
65365,0,-0.2356687898089171
69550,0,-0.154320987654321
63693,13,-0.2222222222222222
19537,0,-0.1063063063063063
41179,0,-0.071583514099783
90377,7,-0.125
55993,0,-0.1428571428571429
56040,0,-0.0357142857142857
45487,0,-0.1605633802816901
60978,0,-0.1142857142857143
47028,0,-0.2093023255813954
25590,0,0.0
17278,0,-0.0785714285714286
56531,13,-0.5
53137,0,-0.0746268656716417
56630,0,-0.1379310344827586
34497,0,-0.1510574018126887
26753,35,-0.1612903225806451
56937,0,0.0
56945,0,-0.0124999999999999
57067,0,-0.0588235294117647
66659,0,-0.0982658959537572
57155,0,-0.101123595505618
57163,35,0.3999999999999999
57286,0,-0.0714285714285714
64450,0,-0.0486111111111111
34630,0,-0.0625
34649,0,-0.1262798634812286
24096,0,-0.0582010582010582
47466,0,-0.1162790697674418
60986,0,-0.1297071129707112
21207,0,-0.1136363636363636
57577,0,-0.1739130434782608
67707,0,-0.072463768115942
64303,0,-0.1772151898734176
48274,0,0.0382165605095541
61815,0,-0.0073529411764705
57780,0,-0.0277777777777777
66288,0,-0.3863636363636363
64311,0,-0.0859598853868195
49752,35,-0.1153846153846154
28118,0,-0.3439716312056737
57999,0,-0.0909090909090909
10062,35,-0.303030303030303
23931,0,-0.1643356643356643
24766,0,0.1652173913043477
58334,0,-0.031413612565445
58369,0,-0.0344827586206896
58406,0,-0.0204081632653061
58641,0,0.0857142857142856
34817,0,-0.1540880503144653
66018,0,-0.0879478827361563
58772,0,-0.1948051948051947
58799,0,0.2916666666666667
58836,0,-0.0270270270270269
34825,0,-0.0714285714285714
58026,0,-0.1904761904761904
34833,0,-0.0628019323671497
61604,0,0.0170454545454545
66667,0,-0.0212765957446808
59089,0,-0.1037735849056603
59110,0,-0.0344827586206896
56733,20,-0.0985915492957746
23026,0,-0.1916167664670658
59222,0,-0.0363636363636363
13610,0,-0.2087912087912088
64063,0,-0.0648148148148147
63714,0,-0.1492537313432835
59839,0,0.0
27385,0,-0.0466101694915254
59871,0,-0.0333333333333333
59898,0,-0.2777777777777778
55036,0,-0.0714285714285714
90721,0,-0.1774193548387096
60063,0,-0.1639344262295081
34913,0,-0.1265822784810126
60098,0,-0.0416666666666666
20394,0,-0.2901234567901234
51457,0,-0.0915032679738562
60186,0,-0.1018518518518518
24811,0,-0.2185792349726776
60231,0,-0.0999999999999999
44230,0,-0.1999999999999999
90799,0,0.1346153846153845
22509,0,-0.1405152224824356
42112,0,-0.0933333333333333
60506,0,-0.2392638036809815
60792,0,-0.1333333333333333
20917,35,0.0731707317073171
42833,20,-0.0606060606060605
75083,0,-0.081967213114754
20984,0,-0.1764705882352941
61058,0,0.08
22082,0,-0.2108843537414966
61138,0,-0.2203389830508474
61146,20,-0.088235294117647
61242,0,-0.0886075949367088
61269,0,-0.1290322580645161
41355,0,-0.1261682242990653
61322,0,-0.0714285714285714
70914,7,-0.25
67037,0,-0.0303030303030302
61496,0,-0.0869565217391304
57509,0,-0.0833333333333333
63722,20,-0.0526315789473684
61640,0,-0.5652173913043479
61787,0,-0.0746268656716417
57138,35,-0.1666666666666666
44353,0,-0.1606217616580311
61955,0,-0.0098039215686274
22517,0,-0.044642857142857
62034,0,-0.1224489795918367
35211,0,-0.0179640718562874
13821,0,-0.0824175824175824
13856,0,-0.0243506493506493
62149,0,0.015625
50550,0,-0.2339181286549707
62360,0,0.0
62405,0,0.4285714285714286
21936,0,-0.0627062706270626
62544,7,-0.6666666666666667
17806,0,-0.1274685816876122
21776,0,-0.0833333333333333
52898,0,-0.0961538461538461
13901,0,-0.0574412532637075
13928,0,-0.0173160173160172
62712,0,-0.4615384615384615
62907,0,-0.1559633027522935
63088,0,-0.1783783783783783
63125,0,-0.1495327102803738
10120,0,0.0
24459,0,-0.1143695014662756
43588,0,-0.1571428571428571
53815,0,0.0217391304347827
63395,0,-0.1308411214953271
35422,0,-0.180327868852459
60695,0,0.0862068965517242
26438,0,-0.1660899653979238
63483,0,-0.0749999999999999
56143,0,-0.2312138728323699
17902,0,-0.032258064516129
49744,0,-0.175226586102719
23501,0,-0.0838323353293413
35529,0,-0.0594059405940594
63811,0,-0.125
63830,0,-0.1530249110320284
63749,0,0.0188679245283018
64013,0,-0.1999999999999999
64195,0,-0.1123595505617978
18163,0,-0.1123919308357348
64291,0,0.013157894736842
64427,0,-0.1388888888888888
51123,20,-0.0454545454545454
55511,0,-0.134020618556701
64646,0,-0.0902255639097744
23712,0,-0.0686274509803921
64654,0,-0.2916666666666666
25443,0,-0.0736196319018405
51326,0,-0.8333333333333334
64769,0,-0.1392405063291139
65032,0,-0.2127659574468084
64929,28,-0.2715231788079471
24539,0,-0.1034482758620689
64988,0,-0.3333333333333333
64996,0,-0.2195121951219512
65024,0,-0.1888888888888888
65083,0,0.1212121212121211
27756,0,0.0223880597014924
65091,7,-0.125
65155,0,-0.2249999999999999
65163,0,-0.0434782608695651
69649,0,-0.1012658227848101
66683,0,-0.0149253731343284
65438,0,-0.1304347826086956
52097,0,-0.0526315789473684
65700,0,-0.15
64346,20,-0.1617647058823529
18286,0,-0.1333333333333333
24942,0,0.0385438972162741
14154,0,-0.0566037735849056
65964,0,0.0454545454545454
91380,0,-0.1627906976744185
56768,0,-0.4181818181818182
66078,0,-0.3023255813953488
66086,0,-0.1052631578947368
58771,0,-0.2153846153846154
64354,0,0.1111111111111111
66123,7,-0.1153846153846154
66369,0,-0.2666666666666667
66393,0,-0.1048387096774193
66422,0,-0.0999999999999999
57146,0,-0.125
66553,0,0.1428571428571428
66617,0,0.2142857142857142
66705,7,0.1999999999999999
66799,0,-0.2101910828025477
18921,0,-0.0283018867924528
66801,0,-0.288135593220339
66836,0,-0.0799999999999999
59432,0,-0.1589403973509934
46762,0,-0.1034482758620689
67300,0,-0.125
67345,35,-0.1111111111111111
26737,0,-0.1796875
18948,0,-0.1032863849765258
35991,0,-0.1777777777777778
23990,28,-0.1345454545454545
64477,0,-0.1923076923076923
36003,0,-0.0486111111111111
23472,0,0.0
67564,0,-0.2571428571428571
39570,0,-0.16006600660066
91564,0,-0.1020408163265306
45495,0,0.0283018867924529
67847,7,-0.1666666666666666
26884,0,-0.1216617210682492
54818,0,-0.0813397129186602
66050,0,-0.1214285714285714
33961,0,-0.0377358490566037
47490,0,-0.1255411255411255
68049,0,-0.1666666666666666
27633,0,-0.1916167664670658
62383,0,-0.1729323308270677
68102,0,-0.03125
68161,0,-0.12
68196,0,-0.108433734939759
54199,0,0.0298507462686568
27780,0,0.0035335689045936
68313,0,-0.217391304347826
65066,0,-0.0306748466257669
68567,0,-0.037037037037037
24467,0,-0.0930232558139535
68591,0,-0.0930232558139535
52943,0,-0.2142857142857143
68647,0,-0.15625
36177,0,-0.1694915254237288
91687,0,-0.1525423728813559
68743,0,-0.0350877192982456
66069,0,-0.1513157894736841
22840,0,-0.0803571428571429
68938,0,-0.0869565217391304
47191,35,-0.1818128927158482
68997,0,-0.1428571428571429
67715,0,-0.1778656126482213
69033,35,-0.25
23085,0,-0.0599250936329588
25013,0,-0.0511508951406649
45671,0,-0.25
69287,0,-0.217391304347826
69332,0,-0.1212121212121212
36257,0,-0.0069930069930069
18032,0,-0.0685279187817259
69519,0,-0.0416666666666666
69543,7,0.0
36281,0,-0.0999999999999999
66085,0,-0.2413793103448276
69607,0,-0.2277227722772277
62690,0,0.0363636363636363
61049,0,-0.1944444444444444
69877,0,-0.25
41574,0,-0.1652173913043478
70077,0,-0.1568627450980392
50243,0,-0.0476190476190476
70114,0,0.0
54412,0,-0.198237885462555
70280,0,-0.0166666666666667
36468,0,-0.1456310679611651
70440,0,0.1428571428571428
56434,0,-0.1555555555555555
49138,0,-0.0958904109589041
70536,0,-0.1038461538461538
70616,0,-0.1578947368421053
70632,0,-0.3170731707317072
70659,7,-0.1111111111111111
70704,7,-0.2631578947368421
70790,0,-0.0352941176470588
19852,0,-0.1999999999999999
45794,0,-0.0300751879699248
60206,0,-0.1281138790035587
91871,0,-0.1394230769230768
21514,0,-0.0213270142180095
14461,0,-0.0760869565217391
71176,0,-0.1259842519685039
26614,0,-0.0139860139860139
49437,0,-0.1034482758620689
71395,0,-0.1384615384615384
15720,0,-0.066006600660066
71475,0,-0.0338983050847457
55204,0,-0.0717131474103586
58683,0,-0.40625
71782,0,-0.0579710144927536
66093,0,-0.0988505747126436
71942,0,-0.3076923076923077
17523,7,0.0277777777777776
72072,0,-0.0769230769230768
36695,0,-0.1428571428571429
72232,0,-0.1153846153846154
44062,0,-0.217741935483871
20079,0,-0.1483253588516746
16715,20,-0.1444444444444445
39220,0,-0.1477272727272727
36775,0,-0.2164948453608247
72494,0,-0.1504424778761062
43481,0,-0.1379310344827586
72523,0,-0.1666666666666666
43350,0,-0.1666666666666666
18438,0,-0.0572916666666666
53399,0,-0.0952380952380952
92073,0,-0.1785714285714286
36898,0,-0.1690140845070422
45882,0,-0.0588235294117647
65074,0,-0.1842105263157895
18198,0,-0.0622950819672131
36978,7,-0.2362204724409449
58464,0,-0.240566037735849
73075,0,-0.2620320855614974
73139,0,-0.038095238095238
73219,0,-0.04739336492891
50921,0,-0.1263157894736841
73366,0,-0.0384615384615384
73438,7,0.0833333333333332
48645,0,-0.1802325581395348
14656,0,-0.0962199312714776
26454,0,-0.1803921568627451
57963,0,-0.2203389830508474
20693,0,0.0434782608695651
73614,0,-0.0952380952380952
52396,0,-0.2251308900523559
47861,0,-0.1129476584022038
73681,0,-0.0625
66739,0,-0.0112359550561798
73921,13,0.0
73940,0,-0.2441860465116279
92217,7,0.0
65429,0,-0.144927536231884
43334,0,-0.1846153846153846
52038,0,-0.0622710622710622
74086,0,-0.1818181818181817
74203,0,-0.0434782608695651
37161,0,-0.0638297872340425
61866,7,-0.0999999999999999
62420,7,-0.2222222222222222
30728,0,-0.0136986301369863
18681,0,-0.1085714285714285
74481,0,-0.2631578947368421
62439,0,-0.4285714285714286
39466,7,0.2391304347826086
66333,0,-0.0467153284671533
74617,0,-0.1842105263157895
74625,0,-0.25
58800,0,-0.3480662983425414
15560,0,-0.2653061224489795
58704,0,-0.0718954248366012
42219,0,-0.119047619047619
37196,0,-0.1944444444444444
74828,0,-0.3333333333333333
74836,0,-0.2941176470588235
44513,0,-0.166023166023166
74895,7,-0.1578947368421053
74908,0,-0.0384615384615384
74932,0,-0.045045045045045
75030,0,-0.1619047619047618
57736,0,0.1111111111111111
75089,0,-0.2407407407407407
65082,7,0.125
43123,0,-0.1791907514450866
44329,0,-0.1263940520446096
63773,0,-0.1620553359683794
75257,0,-0.1568627450980392
75273,0,-0.0833333333333333
66114,0,-0.1164383561643835
75388,0,0.0
75460,0,-0.1676300578034681
26542,0,-0.1519699812382738
37276,7,-0.1666666666666666
51369,0,-0.2571428571428571
75521,0,0.1666666666666667
75540,7,0.1428571428571428
37284,0,0.0153846153846153
14736,0,-0.0237154150197628
60388,7,-0.097560975609756
15579,0,-0.1328125
24563,0,-0.0969899665551839
62092,0,-0.117391304347826
75986,0,-0.3620689655172413
38578,0,-0.1307506053268765
45129,0,-0.1415929203539823
76102,0,-0.36
50606,0,0.0283687943262411
40483,0,-0.1367989056087551
40635,0,-0.1038961038961039
14795,0,-0.1198347107438017
37399,0,-0.0714285714285714
68718,0,-0.2727272727272727
40221,7,0.069767441860465
14816,0,-0.2052023121387283
76639,0,-0.0571428571428571
76807,0,-0.1999999999999999
37460,0,-0.0526315789473684
58472,0,0.0148367952522254
61209,35,-0.0327868852459016
77228,0,-0.2407407407407407
60003,0,-0.1794871794871795
65779,0,0.0
45647,0,0.0
65787,0,-0.073170731707317
55001,0,-0.1170731707317073
77367,0,-0.2075471698113207
77463,0,-0.1935483870967742
48389,35,-0.1354166666666666
62463,0,-0.2028985507246377
54287,0,-0.1111111111111111
59600,0,-0.0941176470588235
77730,0,-0.0338983050847457
19596,0,-0.3428571428571428
42569,0,-0.0909090909090909
19131,35,-0.2592592592592593
78044,0,-0.1328125
78095,0,-0.025
78116,0,-0.1999999999999999
14883,28,-0.1709677419354839
15659,0,-0.1354838709677419
44433,0,-0.2233502538071066
24985,0,-0.0563380281690141
48725,0,-0.0450751252086811
63781,0,0.125
14955,0,-0.0333333333333333
78530,0,-0.059322033898305
92655,0,-0.0986842105263158
53663,0,-0.0176211453744493
41371,0,-0.0735294117647058
54420,7,-0.0416666666666666
63810,0,-0.1923076923076923
20968,13,-0.125
25080,35,-0.2857142857142857
28847,0,-0.2046783625730994
79119,0,-0.0123456790123457
79250,0,0.0352303523035231
15077,0,-0.0653846153846153
17830,0,-0.1751054852320674
39087,0,0.0357142857142858
79330,0,-0.0719999999999999
16117,0,-0.1844660194174757
67360,0,-0.0220588235294117
59619,0,-0.1046511627906976
16555,0,-0.0970873786407766
14891,0,0.032258064516129
26681,0,-0.1114369501466275
26606,0,-0.0691823899371069
43553,0,-0.1979695431472081
79848,0,-0.3623188405797102
92815,0,-0.3307086614173228
79856,0,-0.15625
79864,0,-0.1111111111111111
80005,0,-0.3181818181818182
80064,0,-0.0999999999999999
80128,0,-0.3037974683544303
47810,0,-0.2857142857142857
63044,0,-0.0816326530612244
80304,0,-0.1666666666666666
80451,0,-0.0576923076923077
80486,0,-0.1818181818181817
80566,0,-0.1274509803921568
37815,0,-0.0206896551724138
61700,0,-0.1904761904761904
80785,0,-0.2307692307692307
57808,0,-0.1568627450980392
14306,0,-0.1293103448275862
81219,35,-0.4333333333333333
37874,0,-0.1333333333333333
45348,0,-0.1240875912408758
15202,0,-0.1333333333333333
45137,0,-0.1025641025641025
56063,0,-0.04
81382,0,-0.1475409836065574
46770,0,0.0384615384615385
24678,0,-0.0879120879120879
21231,0,-0.0338983050847457
57381,0,-0.0815709969788519
46420,0,-0.1101694915254237
81737,0,-0.1925465838509317
81745,0,-0.1805555555555555
81753,0,-0.2340425531914893
23034,0,0.140625
43844,0,-0.0454545454545454
61233,0,0.0
39562,0,-0.3235294117647058
45903,0,-0.0980392156862745
81841,0,-0.2253521126760563
42059,0,-0.059322033898305
46076,0,-0.1041666666666666
63829,0,-0.2413793103448276
63642,7,-0.5625
62498,0,-0.0687022900763358
58085,0,0.0921985815602837
66384,0,-0.2061855670103093
82326,0,-0.1794871794871795
82334,7,0.25
15325,7,-0.2666666666666667
82502,0,-0.5609756097560976
59467,0,-0.0679611650485436
82705,0,-0.1169811320754716
39917,0,-0.1502590673575129
25419,0,-0.1474654377880184
45399,0,-0.0104166666666666
82828,0,-0.1428571428571429
82887,0,-0.2222222222222222
82959,0,-0.1188118811881188
47108,0,-0.1884057971014492
38156,0,-0.1130434782608695
82975,0,0.0847457627118644
64135,0,-0.3442622950819672
38172,0,0.0212765957446807
83142,0,-0.2093023255813954
24803,0,-0.1205211726384365
66747,0,-0.1428571428571429
23536,0,-0.0550847457627118
58819,0,-0.0285714285714285
25099,0,0.0059171597633136
83345,0,-0.0496894409937888
38375,0,-0.1818181818181817
83396,0,-0.1690140845070422
42286,0,-0.2045454545454545
83433,0,-0.0161290322580645
44337,0,-0.2272727272727273
15472,0,-0.1820224719101123
83687,0,-0.2115384615384615
51254,0,-0.1234567901234567
93220,0,-0.4150943396226415
41072,0,-0.1377245508982035
63079,13,-0.25
83863,0,-0.3043478260869565
59483,0,-0.1255605381165919
38295,0,-0.1999999999999999
18067,35,-0.1818181818181817
43537,0,-0.1785714285714286
84102,0,-0.0833333333333333
45970,0,-0.1775456919060052
84153,0,0.0714285714285714
84161,0,-0.0476190476190476
84180,35,-0.2380952380952381
84241,0,-0.2127659574468084
88285,0,-0.4
90756,0,-0.127906976744186
90676,0,-0.1621621621621621
92770,0,0.0555555555555555
88664,0,-0.1875
68486,13,0.0
68072,0,0.0
85586,0,-0.1999999999999999
89667,0,-0.1323529411764705
90916,13,0.0666666666666666
68452,0,-0.1964285714285714
85893,0,-0.2266666666666666
10019,0,-0.2432432432432432
86765,0,-0.1111111111111111
87223,0,0.0
90537,0,-0.1547619047619047
91177,7,-0.4230769230769231
90289,0,-0.025
10080,0,-0.1379310344827586
10095,0,-0.1619047619047618
10064,0,-0.1571428571428571
10035,0,-0.2525252525252525
56312,0,-0.2321428571428571
85869,0,-0.0549450549450549
90625,0,-0.032258064516129
87127,0,-0.183673469387755
85359,0,-0.1818181818181817
89499,0,0.0571428571428571
10147,0,-0.1111111111111111
86909,0,-0.3768115942028985
88592,0,-0.1999999999999999
86626,0,-0.6666666666666667
88242,0,0.0757575757575756
90852,0,-0.0999999999999999
92284,0,-0.1999999999999999
50657,7,-0.5
91273,0,-0.2040816326530612
69032,0,-0.0681818181818182
90879,0,-0.2098765432098766
10078,0,-0.0873015873015873
10138,0,-0.1826923076923077
10107,0,-0.075187969924812
10108,0,-0.1910112359550562
91425,0,-0.2037037037037037
68208,0,-0.2142857142857143
10200,0,-0.28125
92100,0,-0.1184210526315789
68451,0,-0.0999999999999999
69673,0,-0.0833333333333333
10307,0,-0.1999999999999999
10302,0,-0.188118811881188
75072,0,-0.1684210526315789
10363,0,-0.1923076923076923
10333,0,-0.2448979591836735
10344,0,-0.0434782608695651
10071,0,-0.217391304347826
10382,7,-0.1052631578947368
69526,7,0.0
89122,7,-0.0476190476190476
10043,0,-0.025
10412,7,-0.3125
10442,0,-0.1875
10398,0,-0.4
10441,7,-0.3333333333333333
10446,0,-0.1999999999999999
10414,0,-0.0930232558139535
69809,0,-0.2580645161290322
10421,0,-0.1764705882352941
70164,0,0.0263157894736842
10527,0,-0.2692307692307693
10537,0,0.0
10141,0,-0.088235294117647
68363,0,-0.2453703703703703
85965,0,-0.2348993288590604
45225,0,-0.0824742268041237
74553,0,-0.0208333333333333
10084,0,-0.3333333333333333
88429,0,-0.4054054054054054
35124,35,0.0833333333333332
10026,0,-0.088235294117647
12933,0,-0.108695652173913
11923,7,0.625
10170,7,-0.1666666666666666
75091,0,-0.2045454545454545
10286,0,-0.859375
40708,0,-0.1176470588235294
63351,0,-0.1999999999999999
19289,0,-0.0983606557377049
75228,0,-0.0967741935483871
61671,0,0.1637931034482758
66122,0,-0.0513698630136986
