firms,clusters,mom1
10218,0,0.0
65832,0,0.0199430199430199
66413,0,0.0192307692307691
62500,0,0.2366412213740458
27991,0,0.0406189555125724
20482,0,0.0667361835245046
10656,0,0.0489510489510489
10123,0,0.1942148760330577
11647,0,0.2319999999999999
63837,0,0.0990099009900991
60038,0,-0.109375
85084,0,0.1052631578947369
10752,0,-0.0477707006369426
61487,0,0.0769230769230768
61241,10,-0.1345514950166113
11042,0,0.1816283924843424
61081,0,0.2016460905349795
28222,0,0.0168582375478927
11368,0,0.1111111111111111
51721,0,0.2296954314720811
11456,0,-0.0434782608695651
28804,0,0.1981776765375853
11587,0,0.0091743119266054
49584,0,0.119047619047619
42083,0,0.0428265524625268
48514,0,-0.0168269230769231
11691,37,-0.0416666666666666
71271,0,0.0562499999999999
77829,0,0.0113960113960114
10137,0,0.0408602150537633
44740,0,0.1937172774869109
11851,0,0.035143769968051
26331,0,-0.2991150442477875
10145,0,-0.4852384557153671
41443,0,0.0909090909090908
12002,0,0.1818181818181818
45911,0,0.2649572649572649
12205,0,-0.1790123456790123
24643,0,-0.0030395136778115
64856,0,0.0065075921908894
28484,0,0.064724919093851
39482,0,0.2064516129032259
10225,0,-0.0164233576642335
56119,0,0.0864864864864864
77200,0,0.095890410958904
12758,7,-0.1515151515151515
24109,0,0.0414878397711016
57904,0,-0.0147559591373439
59643,0,0.1327433628318584
15667,0,0.0138888888888888
65859,0,0.0608175473579262
66800,0,0.0933774834437086
13304,0,-0.235
13470,0,-0.0638297872340425
29049,0,0.0075757575757575
46527,0,0.0138504155124654
58560,0,0.3
69200,0,0.2956521739130435
10401,0,0.1346153846153845
11144,0,-0.0625
23544,0,0.0662650602409637
14008,0,-0.0327868852459016
14059,0,-0.1168831168831169
27051,0,0.07125
19553,0,0.0191672174487773
18075,0,0.0489510489510489
14219,0,0.1313868613138686
14227,0,-0.0256410256410256
87119,0,0.2941176470588236
29073,0,-0.1549815498154981
14323,0,0.0527638190954773
29102,0,0.1361161524500906
59184,0,0.0586510263929618
29145,0,-0.1895161290322581
39490,0,0.0803149606299211
14593,0,-0.0028735632183908
52804,0,-0.143824027072758
79760,0,0.1020408163265305
10516,0,0.106936416184971
77595,0,0.0773809523809523
17566,0,0.0105263157894737
19692,28,-0.0200913242009131
15035,0,0.0935672514619883
60230,35,-0.1041666666666666
29209,0,-0.0559511698880976
15166,0,0.2413793103448276
10364,0,0.0406504065040651
24272,0,0.084788029925187
15457,0,0.1916666666666666
15502,0,0.0149253731343284
85607,0,-0.0357142857142857
15553,0,0.0
10604,0,0.1391666666666666
15684,0,-0.0546218487394958
15721,0,0.2419021364576155
69542,0,0.0238095238095237
44644,0,0.0973936899862826
15991,0,0.0208333333333332
44601,0,-0.0258751902587519
27684,0,-0.08130081300813
40416,0,-0.03125
58376,0,0.0434782608695651
16193,0,0.0258620689655173
65496,0,0.0240963855421687
53110,0,0.0012755102040815
85754,0,0.2213740458015267
62797,0,0.0318471337579617
52484,0,0.1184210526315789
75034,0,0.0308823529411763
10318,0,0.0862068965517242
58755,0,-0.0020491803278688
57568,28,0.05893536121673
16460,0,0.0432432432432432
16468,0,-0.0277777777777777
24221,0,0.0277777777777776
16564,0,0.0757575757575756
55781,0,-0.007033997655334
16791,0,0.7272727272727273
29532,0,0.2908011869436202
16890,0,0.0324074074074074
46877,28,-0.0144927536231883
39693,0,0.0272108843537415
16978,0,0.0631399317406142
16986,0,-0.1981132075471697
85842,0,0.0384615384615385
47423,0,0.0765550239234449
26518,0,-0.0136986301369863
27887,0,-0.017626321974148
29612,0,-0.1626139817629179
39642,0,-0.0013037809647978
17444,0,0.0629370629370629
29639,0,-0.0425531914893616
65883,0,0.0511363636363635
65509,0,0.1311953352769679
43772,0,0.0184921763869132
11510,0,0.1052631578947369
42438,0,-0.0386904761904761
17807,0,0.1291666666666666
10786,0,-0.140625
17815,0,0.0488974113135187
17946,0,0.1891891891891892
17962,0,0.1091811414392058
17989,0,0.0
61508,0,0.0949074074074074
18033,0,0.1764705882352941
18156,0,0.0762711864406779
18308,0,0.3333333333333332
20220,0,-0.0277324632952691
61946,0,0.0515695067264574
38527,0,0.1730769230769231
18455,28,0.0052631578947368
62519,0,-0.3789370078740157
19561,0,-0.0011467889908256
42024,0,0.0631911532385465
18650,0,-0.0485436893203883
78851,0,0.0540540540540539
25144,0,0.086283185840708
66130,0,-0.0036630036630036
60898,0,0.2396694214876034
39757,0,0.1351351351351351
17961,0,0.0232858990944373
86079,0,0.1451612903225807
19393,0,0.0888157894736842
53786,0,0.0874999999999999
10874,0,0.1557377049180328
55597,0,0.0275
19677,0,0.1666666666666667
19722,0,0.0869565217391303
19802,9,0.0
77465,0,0.160621761658031
19880,0,-0.0629183400267737
19888,0,-0.0598591549295774
10890,0,0.3535911602209944
67432,0,0.0965346534653466
19992,28,-0.0625
20117,0,-0.0176056338028168
20125,0,0.2427184466019416
45655,0,0.0709219858156029
48282,0,-0.0263157894736841
67838,0,0.0139372822299652
47626,0,0.1190082644628098
20299,0,-0.0652173913043477
10989,0,0.0392706872370267
62148,0,0.022950819672131
28564,0,0.1728395061728396
46690,8,-0.0159817351598173
20504,0,0.0384615384615385
20512,0,0.1851851851851851
20547,0,0.3058823529411765
20571,0,0.1631205673758864
56602,0,0.0
20723,0,0.2307692307692308
20750,0,0.0660377358490567
51414,28,0.1046511627906976
21371,0,0.0716981132075471
27334,28,0.0533333333333332
23114,0,0.0666666666666666
86423,35,0.0333333333333334
20618,0,0.104602510460251
26374,0,0.0310077519379845
86431,42,-0.3333333333333333
56952,0,-0.0428571428571428
30402,0,0.0097087378640776
40707,0,0.1568
18542,0,-0.0710441334768567
53831,0,0.0735632183908046
22016,0,0.0598885793871866
22437,0,0.0730337078651686
64557,0,0.05
63503,0,0.0984455958549221
58173,0,0.1574074074074074
60599,28,0.2117039586919105
22382,0,0.1666666666666667
22430,0,0.2884615384615385
22518,0,0.0448717948717949
22569,0,-0.0693069306930692
41419,0,0.108695652173913
21397,0,0.0295670538542767
77854,0,0.0409836065573769
22913,0,0.0833333333333332
22921,0,0.0353982300884956
64194,0,0.0232558139534884
76483,0,0.0196078431372548
23035,0,0.0552147239263802
21960,28,0.0545454545454544
23182,0,0.1094339622641509
14541,0,0.0726392251815981
30509,0,-0.4751491053677932
23297,0,0.0597014925373133
23318,0,0.0111731843575419
21282,0,0.0738853503184713
30525,0,0.1488673139158576
23393,0,0.0131004366812226
79026,0,0.3134328358208955
68320,0,-0.0389610389610389
47677,0,0.0487238979118329
22680,0,0.0436893203883494
23537,0,-0.0833333333333333
23588,0,0.0040160642570281
23596,42,0.0833333333333332
66878,0,0.1040892193308549
24046,0,-0.0450781968721251
27422,0,0.0464767616191903
24097,0,-0.0714285714285714
46578,0,-0.4348239771646052
56741,0,0.0270270270270269
24193,0,0.0333333333333334
38893,0,0.0606060606060605
11995,0,0.1004784688995215
11308,0,0.064340239912759
24441,0,0.144736842105263
64901,0,0.2016460905349795
24476,0,0.20708446866485
30648,0,-0.0401785714285714
18729,0,0.1127744510978043
24556,0,-0.0746753246753246
52740,0,0.0
24679,0,0.0340314136125654
77473,0,-0.0335195530726256
11340,0,0.0606060606060605
24935,0,0.0
61735,0,0.0355828220858895
11997,0,0.0986666666666666
25073,0,0.2777777777777777
10195,0,0.2986798679867986
41064,0,0.0979827089337175
25452,0,0.2205882352941177
25989,0,-0.0806451612903226
68347,0,0.1412213740458014
25612,0,0.1525423728813559
25778,0,0.0738317757009345
25786,0,0.3111111111111111
26009,0,-0.0205761316872428
40125,0,-0.0487394957983193
26084,0,-0.0615384615384615
86925,47,0.0833333333333332
26252,0,-0.0880503144654087
26279,0,-0.0190839694656488
26332,0,-0.0270270270270269
11404,0,0.110204081632653
41929,0,0.2058823529411764
21821,0,-0.0148148148148148
26586,28,-0.0482315112540192
26607,0,0.0798611111111111
26650,0,0.3125
23229,0,0.0295652173913043
26711,0,0.0588235294117647
30840,0,0.1162790697674418
38914,0,0.0705244122965642
21979,0,0.0140679953106681
27430,28,0.0572139303482586
59248,0,0.0271186440677966
27239,0,0.0405405405405405
27474,0,0.0
49496,0,0.0808823529411764
20204,0,-0.0679886685552407
27618,0,0.0414201183431952
38420,0,0.051980198019802
27722,0,0.0099009900990099
53575,0,0.0616438356164383
31042,0,-0.01875
17726,0,-0.0933660933660933
59256,0,0.1485148514851484
31069,0,0.1010638297872339
31077,0,0.082437275985663
41080,0,0.0146222583265638
18091,0,0.0599315068493151
28063,0,0.1649484536082475
28151,0,0.1029411764705883
30067,0,-0.075107296137339
19828,0,-0.0388059701492536
11607,0,0.0719131614654002
49285,0,0.0436241610738254
66472,0,-0.1764705882352941
57592,0,-0.2591304347826086
28629,0,0.5789473684210527
28725,42,-0.0082644628099173
28840,28,0.0414201183431952
11183,9,0.0476190476190476
12005,0,-0.0808080808080807
28952,0,0.0735294117647058
29050,0,0.1091954022988506
29058,0,0.4437086092715232
22859,0,0.0343007915567281
60273,0,0.0263157894736842
45110,0,0.0816696914700545
26112,0,0.0888728323699421
77389,0,0.3592233009708738
61743,0,0.0189753320683112
29437,0,-0.2727272727272727
29560,0,0.03125
11674,0,0.0231092436974789
76708,0,0.1064814814814814
45874,0,0.0542763157894736
29736,9,0.263157894736842
29752,0,0.0878378378378379
65226,0,0.1428571428571428
29832,0,0.0747330960854093
29867,0,0.0416666666666667
40440,0,0.0215633423180592
43916,0,0.007267441860465
79322,0,0.0
44943,0,0.0194174757281553
30147,0,0.1537433155080214
10886,0,0.0140845070422535
30307,0,-0.0636363636363636
64936,0,0.0520833333333332
38682,0,-0.0834670947030498
30577,0,0.1666666666666667
25953,0,-0.0171945701357466
20626,0,0.0247175141242936
58990,28,0.0919708029197079
30681,0,0.0738007380073801
46471,0,0.0270270270270269
30761,0,-0.031578947368421
30780,0,0.1122994652406417
31376,0,0.2183908045977012
11703,0,-0.0120361083249749
63132,0,0.0117449664429529
27959,0,0.0206451612903226
25072,0,0.0570866141732282
30892,0,-0.0140845070422535
30940,0,-0.1524822695035461
31051,0,0.4193548387096775
31070,0,0.25
31078,0,0.0172413793103447
31107,0,0.0735294117647058
42200,0,-0.0264705882352941
63159,0,-0.0389610389610389
32281,0,0.0
31414,0,0.0
31480,0,0.0689655172413792
26075,0,0.0455341506129596
11754,0,-0.0066921606118547
11762,0,0.0256766134628729
70578,0,0.0776699029126213
68398,0,-0.0625
77481,0,0.0766666666666666
44185,0,0.0323232323232323
32062,0,0.2903225806451612
32110,0,0.1188118811881189
38543,0,0.0230769230769229
87549,0,0.0238095238095237
77376,0,-0.04
32222,0,-0.0799999999999999
22103,0,0.0537142857142856
11012,0,0.0344827586206897
32417,0,0.1294117647058823
23042,0,0.0291970802919707
61540,0,0.0
32540,0,0.098360655737705
11405,0,0.0175438596491228
26470,0,-0.0138648180242634
32636,0,-0.1587301587301587
32791,0,0.2175980975029725
32804,0,-0.0105263157894737
62834,0,0.032934131736527
32986,0,-0.0871559633027523
33137,0,0.278688524590164
33153,0,0.1232876712328767
52476,0,0.0679405520169851
24328,0,0.0306748466257669
33420,0,0.150943396226415
33508,0,-0.0977443609022556
33532,0,0.2368421052631579
31691,0,0.007462686567164
42550,0,0.0347222222222223
33612,0,0.0788381742738588
87696,0,0.3046153846153845
66149,0,-0.2181372549019608
87717,0,0.1433447098976108
33823,0,0.146341463414634
87725,0,0.0672268907563025
11850,0,0.0469867211440244
12395,0,0.0702875399361022
19166,0,0.0684725357411588
54439,42,-0.0625
24205,0,0.107962213225371
24918,0,0.1126760563380282
34367,0,0.0
21338,0,0.0384615384615385
34463,0,-0.0348360655737705
47706,0,-0.0240384615384615
21135,0,0.0149501661129567
34578,0,0.0583333333333333
10016,0,0.0535714285714286
34818,0,0.0290697674418605
34981,0,0.3012048192771084
36709,42,0.1228070175438595
54244,0,0.2741935483870967
47271,0,-0.0298013245033113
36768,0,0.0425531914893617
22496,0,0.0292397660818712
37023,0,0.0
56784,0,0.2050632911392405
37189,0,0.1034482758620689
41726,0,-0.0124378109452736
25785,0,0.0494186046511628
45241,0,0.0258751902587519
37234,0,0.140625
37277,0,-0.0348837209302325
37402,0,0.0609756097560976
18112,28,-0.0383036935704514
37568,0,-0.0894308943089431
37584,0,0.2035541195476575
37832,0,0.0416666666666667
25961,0,0.0210526315789474
37955,0,-0.003584229390681
40425,0,0.0888888888888888
21004,0,0.0182328190743337
32061,0,-0.087719298245614
38085,0,-0.0747663551401869
38093,0,0.0419580419580418
88269,0,-0.2891566265060241
38157,0,0.2432432432432432
47941,0,0.1077613855035279
32096,0,0.0994152046783625
38280,0,0.0175054704595185
38317,0,0.1999999999999999
38333,0,-0.0362903225806451
62607,0,-0.1724137931034483
12052,0,0.0970266040688576
12060,0,0.0879120879120878
46834,0,0.0930232558139534
56629,0,-0.0687499999999999
77644,0,-0.161993769470405
38472,0,-0.0793650793650794
12079,0,0.0667330677290836
12095,0,-0.0028818443804035
38659,0,0.0338541666666667
62260,0,0.0896226415094338
46674,0,-0.0020242914979756
38827,0,0.7837837837837838
23915,0,0.143835616438356
39029,0,0.1111111111111111
39045,0,-0.1701244813278007
16424,10,0.0414781297134239
12024,0,0.0810810810810811
57154,28,0.0725075528700907
55466,0,-0.4965675057208237
45428,0,0.1714285714285714
60441,0,0.1235431235431234
39379,0,0.3999999999999999
12140,0,0.0741839762611276
16432,0,0.1156186612576064
53604,28,0.0291262135922329
39571,0,0.1304347826086955
60468,0,0.0758620689655171
52695,0,0.0021111893033074
32379,8,0.0604838709677419
63976,0,-0.2616136919315404
67571,0,0.069701280227596
40097,0,0.1096774193548386
19721,0,0.0481099656357388
40345,0,0.1481481481481481
54770,0,0.1954022988505748
67942,0,0.0238095238095237
23819,0,0.0890052356020942
49349,0,0.0555555555555555
44468,0,0.0860534124629079
43238,0,0.0265700483091786
59301,0,0.0459558823529411
40970,0,0.0303030303030302
50905,0,0.16403785488959
41014,0,0.1840796019900497
25582,0,-0.4748923959827833
25304,0,0.0069348127600554
52978,0,0.0465116279069768
41188,0,-0.125
10294,0,0.0769230769230768
41187,0,0.0345423143350605
41241,0,0.1142857142857143
41292,0,-0.0783410138248847
53620,35,0.25
32651,0,0.1149425287356322
41444,0,0.0535714285714286
41487,0,0.0360878661087866
32707,0,0.1327433628318584
18016,0,-0.0374848851269649
16600,0,0.0585480093676815
61567,0,0.0314606741573033
41823,0,-0.2666666666666667
41874,0,0.0
23309,0,0.0977596741344195
42140,0,0.082142857142857
12319,0,0.0982142857142858
42439,0,-0.0085470085470085
18374,0,-0.0280289330922242
42455,0,-0.5100502512562815
32897,0,0.04
44986,0,0.0882882882882882
21792,0,0.0740740740740741
58886,0,-0.0032467532467532
32934,0,0.0393811533052039
48135,0,0.0754716981132075
44150,0,0.0688259109311741
42877,0,-0.0639097744360902
88795,9,0.0170454545454545
42981,0,0.0895522388059701
43028,0,0.0606060606060605
38973,28,0.10941475826972
64258,0,0.1904761904761904
78892,0,-0.0368098159509202
43263,0,0.0555555555555555
43290,0,0.2115384615384614
64004,0,0.2164948453608246
75227,0,0.0299727520435968
56573,0,0.0271317829457364
43610,0,0.5371428571428571
43749,47,0.0379746835443037
43757,0,0.0416666666666667
44090,0,-0.0128205128205127
12431,0,-0.2837837837837837
44194,0,-0.0208333333333333
44207,0,-0.3513532213240466
12458,0,0.0385756676557864
88990,0,-0.0408921933085502
44274,0,0.0218978102189781
65293,0,0.0093457943925232
46519,0,0.1353383458646617
46463,0,0.1607142857142858
44506,0,-0.1146788990825687
44522,7,0.0
59328,0,0.002035278154681
44565,0,-0.1123595505617978
44581,0,-0.1212121212121212
77855,0,0.0709219858156029
44768,0,0.0401785714285714
44776,35,0.0416666666666667
44792,0,0.0943396226415094
15747,0,0.1304347826086955
89093,0,0.0108303249097472
58608,0,0.0329411764705882
44928,0,0.1499999999999999
12490,0,0.0456226880394574
40272,0,-0.0415647921760391
12511,0,-0.0103092783505154
45277,0,0.1625000000000001
45306,0,-0.0851063829787234
21573,0,0.042654028436019
27705,0,0.0246575342465753
45373,0,0.1333333333333333
45437,0,0.0912547528517109
68494,0,0.1623931623931624
45509,0,0.1599999999999999
23317,0,0.0
45560,9,-0.2409638554216867
53065,28,0.0525641025641026
67993,0,0.1971153846153845
45728,0,0.119047619047619
45891,0,0.0195121951219512
57066,0,0.0365497076023391
45955,7,-0.1304347826086956
46026,0,0.0217391304347827
46077,0,0.0617760617760618
47984,0,0.1428571428571428
46229,0,0.0588235294117647
52329,0,-0.0448343079922027
46245,0,0.0042613636363635
61583,0,0.0907738095238095
46392,0,0.0735294117647058
22111,0,0.0176405733186328
42534,0,0.0393184796854522
53268,0,0.0
46739,0,0.1123595505617978
89325,0,0.2299999999999999
46870,0,-0.0811965811965812
46886,0,-0.04673721340388
51596,0,0.1024096385542168
46923,0,-0.0909090909090909
56557,0,-0.175
46931,0,0.0175438596491228
46950,0,0.4365079365079365
47002,0,0.0970149253731342
42067,0,0.0519480519480519
12650,0,-0.5400667779632722
47205,0,0.0158730158730158
47248,0,-0.4595744680851064
26825,0,-0.0586592178770949
44134,0,0.0360480640854472
25769,0,0.107645875251509
47619,0,0.0256410256410255
47707,0,0.1188118811881189
47715,0,-0.0666666666666666
17750,0,0.0316205533596838
33398,0,-0.074074074074074
59045,0,-0.0524691358024691
47969,0,0.0428571428571429
48960,0,0.0790123456790123
48072,0,0.2948717948717949
59897,0,0.2709251101321586
48144,0,0.0081632653061225
48195,0,0.1875
89456,28,0.0862068965517242
49488,0,0.0136986301369863
48267,0,-0.003875968992248
79335,0,-0.0240384615384615
47255,0,0.0222222222222221
12781,0,-0.0051150895140664
48371,0,0.1279999999999999
65656,0,-0.0076923076923076
48486,0,-0.1769911504424779
33603,0,-0.0546875
48523,0,0.0253317249698432
48531,0,-0.0292397660818714
78468,7,0.1666666666666667
48961,28,0.0925925925925925
59053,0,-0.0761904761904761
49083,0,-0.0714285714285714
60943,0,0.0363372093023255
65330,0,-0.145748987854251
10092,0,0.1153846153846154
49227,0,0.050561797752809
20415,0,0.0784313725490195
49286,0,0.0
18147,0,-0.1230425055928411
47802,0,0.0432276657060519
89587,0,-0.0384615384615384
76966,0,0.1176470588235294
49534,0,0.0735294117647058
50876,0,0.1565113500597372
49614,0,0.2452830188679244
49737,0,0.0476190476190476
49745,0,0.1162790697674418
49817,0,0.0633802816901407
49905,0,0.2328190743338007
26710,0,0.1085223789086449
89675,0,0.2787136294027565
24360,0,0.0430379746835443
68523,0,-0.0317460317460317
56223,0,0.1299435028248587
43721,0,-0.0413694721825963
76489,0,-0.0160642570281124
22373,0,0.0301003344481605
62906,0,0.0602409638554217
50287,0,0.0208333333333332
59774,0,-0.0131578947368421
33849,0,0.0786516853932584
50404,0,0.0307017543859648
23835,0,0.1436031331592688
34067,0,-0.0181818181818181
89755,0,0.0919540229885058
50543,0,-0.037037037037037
50623,0,0.140625
50666,0,0.1241935483870968
51263,0,-0.0121107266435985
90100,0,-0.0858585858585858
43668,0,0.0979166666666666
15069,0,0.1420345489443377
51626,0,0.0833333333333332
46703,0,0.1666666666666667
45751,0,0.1227106227106227
51693,0,0.0932203389830508
34032,0,0.030942334739803
51800,0,-0.0208955223880596
51829,9,0.2586206896551724
35705,0,-0.0588235294117647
39538,0,-0.0093457943925233
51933,0,0.1176470588235294
51992,0,0.0347222222222223
52039,0,0.2674418604651163
13119,0,0.2437357630979499
52071,0,0.1126760563380282
65357,0,-0.3399433427762039
43449,0,0.0066050198150593
89915,0,-0.0054347826086956
17478,0,0.1039755351681956
52250,0,0.0693069306930693
52282,0,0.1666666666666667
89931,0,0.1640211640211639
10507,0,-0.0175438596491228
52469,0,0.1999999999999999
62914,0,0.115702479338843
52581,0,0.0526315789473683
75407,0,0.0132978723404255
17005,0,0.0088691796008868
52792,0,0.0325203252032519
52813,0,0.043010752688172
22752,0,0.0884955752212388
42796,0,0.1041666666666667
52919,10,0.20630081300813
53015,0,0.1916666666666666
53074,0,0.1666666666666667
53082,0,0.0541401273885351
53226,0,0.1428571428571428
55546,0,0.0727969348659003
53480,0,0.0695187165775401
53576,0,0.0543478260869565
53640,0,0.0298507462686568
24010,0,0.0503778337531486
54181,0,-0.0075757575757575
90211,0,0.1071428571428572
54253,0,0.1111111111111111
54341,0,0.05
22592,0,0.0285118219749651
24248,28,0.0527272727272727
15966,0,0.0171821305841923
54675,0,-0.3666666666666667
54704,28,0.1387755102040817
54771,42,0.3191489361702126
54798,0,0.3055555555555556
54827,28,0.1341853035143769
22023,0,0.1641791044776119
76591,0,0.0259740259740259
18382,0,-0.1123755334281649
42614,0,0.1118881118881118
67678,0,-0.0681818181818182
55125,0,0.1309523809523809
21290,0,0.0800627943485086
90310,0,0.1193181818181818
55328,0,0.1428571428571428
22779,0,-0.0204429301533219
55467,0,0.0236686390532543
13290,0,0.0579710144927536
28345,28,0.0640279394644935
66640,0,0.1635802469135803
65365,0,0.0393700787401574
90342,0,0.1319444444444444
13303,0,0.2075471698113207
41179,28,0.0015624999999999
90377,0,-0.0654205607476635
55993,0,0.2926829268292683
56040,0,0.1111111111111111
45487,0,0.0892857142857141
78900,0,0.1607142857142858
25590,28,-0.0098452883263009
17278,7,0.0416666666666667
53137,0,-0.0357142857142857
58501,0,0.0842696629213484
34497,0,0.059748427672956
26753,0,0.0347826086956521
56937,0,-0.050561797752809
56945,0,0.1317365269461077
38658,0,0.0414201183431952
57251,0,0.0
57286,0,0.0491803278688525
64450,0,0.0097465886939571
34630,0,-0.0373134328358208
34649,0,0.1428571428571428
24096,0,0.1025641025641026
47466,0,0.1111111111111111
60986,0,0.0126582278481013
21207,0,0.0620384047267355
34673,0,0.1605166051660516
57534,0,0.1923076923076923
61815,0,-0.0350404312668463
57780,28,0.0186170212765957
49752,0,0.0323383084577113
28118,0,0.3630434782608696
57999,9,-0.1379310344827586
10062,0,0.0249999999999999
44206,0,-0.0372670807453415
23931,0,0.0337662337662336
24766,0,0.0368392952482647
58334,0,0.03
58369,0,0.263157894736842
58406,0,-0.0453074433656958
58481,0,0.1965217391304348
58641,42,0.0526315789473683
34817,0,-0.0705622932745314
77554,0,-0.0588235294117647
58772,0,0.1764705882352941
58799,9,-0.0142857142857142
34825,0,-0.0626349892008639
58026,0,0.0460829493087557
34833,0,0.1066666666666666
58975,0,0.0214477211796246
66667,0,0.375
59110,0,0.1357142857142856
56733,0,-0.0634920634920634
23026,0,0.0653409090909091
59222,0,-0.097560975609756
13610,0,0.0519662921348313
64063,0,-0.01
63714,0,0.1231101511879049
90705,0,0.25
27385,0,0.0994475138121546
59871,0,0.2105263157894736
59898,0,0.1392045454545454
55036,0,-0.063063063063063
90721,0,0.0295566502463053
60063,0,-0.0401459854014598
34913,0,0.0117647058823529
60098,0,0.0423076923076923
51457,0,0.0559796437659032
60186,0,0.0506912442396312
24811,0,-0.1001540832049306
77157,0,-0.0251346499102333
44230,0,0.0576923076923077
60354,0,0.2692307692307691
22509,0,-0.0049603174603174
42112,0,0.0140186915887849
90820,0,0.0338983050847456
60506,0,0.1820580474934037
60581,0,0.0
13688,0,0.0027027027027026
16870,0,0.0284629981024668
60310,0,-0.0075187969924812
20917,0,0.125925925925926
42833,0,0.0783132530120482
75083,0,-0.0948275862068965
54463,0,0.216260162601626
61058,35,0.4230769230769231
61111,0,-0.037037037037037
61138,0,-0.081081081081081
61146,0,0.0551724137931035
61218,0,0.1041666666666667
41355,0,-0.3002915451895044
61322,0,0.1111111111111111
67037,0,0.0970464135021096
61496,0,0.0336134453781513
57509,0,0.0
68638,0,0.1176470588235294
61720,47,0.0157051045778353
61787,0,-0.0094339622641509
44353,0,0.0612244897959184
62010,0,0.1646778042959427
22517,0,-0.0028490028490028
62034,0,0.0350877192982457
35203,0,0.125
35211,0,0.0323886639676114
13821,28,0.0
13856,0,0.1267361111111111
50550,0,0.125
27713,0,-0.0126689189189189
62341,0,0.303921568627451
77799,35,0.0833333333333332
21936,0,0.0845546786922208
17806,0,-0.034965034965035
21776,0,-0.0157480314960629
52898,0,-0.0673854447439352
13901,0,-0.0486409155937053
13928,0,0.0854139290407358
62790,42,0.3303571428571428
63088,0,-0.0153846153846153
63125,0,0.1458333333333332
10120,0,0.350828729281768
24459,0,0.0891980360065467
43588,0,0.083941605839416
63240,0,-0.0136986301369863
60695,0,0.0072046109510086
26438,0,-0.0307692307692307
63483,0,0.0353798126951092
63547,0,0.0277777777777776
56143,0,0.0089285714285713
63300,0,0.0
17902,0,0.0725388601036269
49744,0,0.0776439089692102
23501,0,0.002754820936639
63811,0,0.1894736842105262
63830,0,0.0058027079303675
64195,0,0.1703703703703702
18163,0,-0.4812206572769952
55511,0,0.0582191780821916
64646,28,-0.0586510263929618
23712,0,0.0377833753148615
25443,0,0.0541871921182266
65032,35,0.0
64929,0,0.1111111111111111
24539,0,0.0718085106382979
20183,0,0.1008064516129032
64961,0,0.1372549019607842
64996,0,0.0921985815602837
65008,0,-0.0652173913043477
65024,0,0.0926916221033868
65083,0,0.1510791366906474
27756,28,0.0140625
65091,0,0.0
65155,0,0.04
65163,0,0.0923076923076922
69649,0,0.2413793103448276
66683,0,0.2890173410404624
46893,0,0.0540540540540539
52097,0,0.0545454545454544
65700,0,0.0483870967741935
64346,0,-0.0920080591000671
18286,0,-0.0824742268041237
24942,0,0.0749999999999999
46228,0,0.1505190311418685
14154,0,0.1235955056179776
65964,0,0.0363636363636363
91380,0,0.1081081081081081
58771,0,0.0228690228690229
76711,0,0.0439276485788113
66369,0,0.3839999999999999
66393,8,0.0470588235294118
91409,9,-0.081081081081081
66422,0,0.096774193548387
57146,0,-0.0259740259740259
66545,0,0.15625
66617,0,0.2915360501567399
66799,0,-0.0341614906832298
76597,0,-0.0125673249551166
18921,28,0.0017683465959328
66836,0,0.0625
35916,0,0.0
46762,0,0.197452229299363
67300,9,-0.2931034482758621
67345,0,0.1637931034482758
26737,0,0.0424929178470254
35991,0,0.1419141914191419
23990,0,0.0013046314416178
36003,0,0.1040462427745665
45495,0,0.1987447698744771
67847,42,0.1333333333333333
26884,0,0.0224999999999999
54818,0,0.0749999999999999
66050,0,0.0218340611353711
47490,0,0.0328947368421053
68049,0,-0.0067567567567567
27633,0,0.0070052539404552
68161,0,0.2607313195548491
68196,0,0.1379310344827586
54199,0,0.0298165137614678
27780,0,-0.4526928675400291
68313,0,0.0
68340,0,0.356896551724138
46340,0,0.0064516129032257
65066,0,0.1857585139318884
68495,0,0.0370370370370369
76149,0,0.0661764705882352
68567,0,0.25
24467,0,0.0038461538461538
68591,0,-0.0788177339901478
52943,35,0.05
91687,35,-0.0294117647058823
68743,35,0.0
22840,0,0.2795031055900621
67715,0,0.0467289719626167
69033,0,0.4142857142857143
23085,0,0.0388601036269429
77075,0,0.099889012208657
25013,0,0.0729166666666667
12253,0,-0.3538461538461538
69244,0,0.1481481481481481
45671,0,0.0402298850574711
36257,0,0.1038812785388128
69447,0,-0.2249999999999999
69471,0,0.04
36281,0,0.0528109028960817
69607,9,-0.0507364975450082
62690,0,0.0434782608695651
61049,0,0.0590361445783131
14322,0,0.0033039647577093
91804,0,0.1145996860282574
41574,0,0.086021505376344
70018,0,0.0813397129186603
51625,0,0.0
70077,0,0.064516129032258
77873,0,0.0458015267175573
70229,0,0.0790816326530612
54412,0,0.1229050279329608
36468,0,0.072892938496583
56434,0,0.2255639097744362
67723,0,0.1119544592030361
49138,0,0.0744336569579287
70536,0,0.0095785440613027
70616,0,-0.0116279069767442
70632,0,0.0537037037037038
70659,0,0.1850649350649351
70675,35,0.0303030303030302
70790,0,0.0393258426966292
19852,0,0.1010452961672474
45794,0,0.0678694158075601
60206,28,0.0967261904761904
21514,0,0.0213299874529484
71176,0,0.0422264875239923
26614,0,0.046875
49437,0,0.1637816245006658
71395,0,0.0
15720,0,0.0466321243523315
18411,0,0.0712166172106825
71555,0,0.3333333333333332
55204,0,0.0686274509803921
76091,0,0.0655737704918033
77015,0,-0.0989010989010988
58683,0,0.1428571428571428
71782,0,0.0093457943925232
63765,0,0.0049019607843137
71942,0,0.1764705882352941
71985,0,-0.0327868852459016
72072,0,-0.25
55060,10,0.4285714285714286
11760,0,0.0980392156862746
72232,0,0.26
44062,0,0.1170212765957445
72304,0,0.0110294117647058
16715,0,0.1637931034482758
39220,0,0.2941176470588236
36775,0,-0.0070754716981131
72494,0,-0.0255941499085923
36783,0,0.06875
43481,0,-0.0019801980198019
72523,0,-0.1161616161616161
71124,0,-0.0903846153846154
43350,0,0.0102790014684288
92057,0,0.75
18438,0,0.05
92073,0,-0.0613207547169811
36898,0,0.129973474801061
65074,0,0.0455373406193078
72980,0,0.0737913486005088
18198,0,0.158311345646438
36978,0,-0.0978260869565217
58464,0,-0.0576687116564417
73075,0,-0.1283783783783784
73139,0,0.0938967136150235
73219,0,-0.0350318471337579
73294,0,0.3870967741935485
72733,0,0.1243902439024391
14656,0,0.1270096463022507
37022,0,0.0
26454,0,-0.0233050847457627
20693,0,0.2307692307692308
73614,0,0.0548523206751054
52396,0,0.0183486238532109
47861,0,0.024390243902439
73681,0,0.0737704918032786
44345,47,0.0740740740740741
66739,0,0.0867469879518072
73940,0,0.1875
43334,0,0.0
73956,0,0.087719298245614
58625,0,-0.0210084033613445
52038,28,0.0404929577464787
74086,0,0.2783687943262412
37161,0,0.018181818181818
62420,0,0.0932203389830508
74393,0,-0.025
74406,0,-0.03125
18681,0,0.0527577937649879
74481,0,0.0416666666666667
74580,0,0.0202020202020201
15560,0,-0.4934086629001883
58704,0,-0.0897435897435897
42219,0,0.0404984423676011
74836,0,-0.0344827586206896
44513,0,0.1709558823529411
74895,0,0.1807228915662651
74908,0,0.0227272727272727
92399,0,0.0
74932,0,0.0231481481481481
57007,0,-0.0729166666666666
92401,7,0.1
75030,0,0.1714285714285714
57736,0,0.868421052631579
43123,0,-0.0728744939271255
44329,0,0.0927021696252465
63773,0,0.139240506329114
60142,0,0.175
75257,0,-0.1371727748691099
75273,0,0.0208333333333332
66114,28,-0.0077519379844961
75388,0,0.0
75460,0,0.0763636363636364
43617,0,0.1368421052631578
51369,0,-0.0336700336700336
75548,0,0.0357142857142858
37284,0,0.0547445255474452
14736,0,-0.4674972914409534
75759,0,-0.0208333333333333
15579,0,0.1793179317931792
24563,0,0.032258064516129
23579,0,0.0431293881644934
62092,0,-0.0062111801242236
38578,0,-0.0245535714285713
45129,0,0.0126582278481013
50606,0,0.1285714285714285
76268,0,0.4096385542168674
40483,0,0.0521844660194175
14795,0,0.0701168614357261
76340,0,0.0909090909090908
48696,0,-0.0175438596491228
37399,0,0.0746268656716417
62308,0,0.0363036303630364
61663,0,0.0529300567107751
76639,0,0.0186666666666666
78100,0,0.0207468879668049
76807,0,0.0972222222222223
37460,0,0.0598290598290598
76946,0,0.0406504065040651
79530,0,0.1031746031746032
45647,0,0.2857142857142858
65787,0,0.0783817951959544
77332,35,0.048780487804878
55001,0,0.2138364779874213
77367,0,0.1408450704225352
77463,0,0.0123762376237623
92591,0,-0.1772151898734176
48389,0,0.1176470588235294
62463,0,0.0434782608695651
59600,0,-0.0042553191489361
76185,9,0.2222222222222223
77730,0,0.1029411764705883
19596,42,0.1156685808039377
17929,0,0.0574162679425838
22664,0,0.0810810810810811
79244,0,0.1180758017492711
77973,0,0.0454545454545454
78044,0,0.0667752442996743
78116,0,0.1158536585365854
14883,28,0.0400421496311906
15659,0,-0.0511571254567601
44433,0,0.0406504065040651
24985,0,0.0336134453781513
48725,0,-0.0356111645813281
63781,0,0.1395348837209302
14955,0,0.131578947368421
78749,0,-0.0136986301369863
92655,0,0.0282776349614395
41371,0,0.1532846715328466
28847,0,0.205128205128205
79250,28,-0.111954459203036
15077,0,0.0584415584415585
79303,0,0.1021897810218979
17830,0,0.0376301040832665
39087,0,0.0638297872340425
79330,0,0.0706033376123234
67360,0,0.0397727272727272
59619,0,0.0370370370370369
16555,0,-0.0034364261168384
79573,0,0.0555555555555555
79629,0,-0.0924369747899159
79637,0,-0.0128388017118402
14891,0,0.1071999999999999
79776,0,-0.0629370629370629
79784,0,0.0
26606,0,0.0126050420168066
43553,0,0.0480905233380482
79848,0,0.0511363636363635
79864,0,0.0
80128,0,0.0148809523809523
63044,0,0.2201257861635219
27043,0,0.0887185104052574
80515,0,-0.0303030303030302
77006,0,0.1916666666666666
37815,9,0.337539432176656
61700,0,0.2293577981651375
80785,35,-0.1052631578947368
57808,0,-0.0116822429906542
81219,0,-0.0158730158730159
15202,0,-0.0099573257467994
45137,0,0.1194968553459119
56063,0,0.445945945945946
81510,47,-0.0444444444444444
24678,0,0.0619773733398918
93009,0,0.0340909090909091
21231,0,0.0073710073710073
53225,0,0.0650623885918002
57381,0,0.091796875
46420,0,-0.0254545454545455
46068,0,0.0848214285714286
81737,0,0.0051020408163264
81753,0,-0.1267605633802817
23034,7,1.0
61233,0,0.1573948439620081
39562,0,0.2214285714285715
42059,0,0.033210332103321
46076,0,-0.072463768115942
63829,0,0.3249999999999999
79066,0,-0.0823529411764706
62498,28,0.0602409638554217
65445,42,-0.2815533980582524
66384,0,-0.1688311688311687
82326,10,0.2535211267605635
15368,0,0.0535279805352797
38033,0,0.0773809523809523
39917,0,0.0303030303030302
82801,0,0.1625000000000001
82959,0,-0.5203761755485894
64135,0,0.2253164556962026
38172,0,0.1458333333333332
83142,0,0.2532894736842106
24803,0,0.0519480519480519
66747,0,-0.0252100840336134
23536,0,0.0171149144254278
58819,0,0.0338600451467268
25099,0,0.0357941834451902
83345,0,0.091633466135458
38375,0,-0.0292553191489362
83396,0,0.092783505154639
42286,0,0.1160220994475138
83433,0,0.1216216216216217
44337,7,0.03125
15472,0,0.0387931034482758
51254,0,0.1515151515151516
27983,0,0.1150662251655629
41072,0,0.211436170212766
63079,0,0.2584541062801933
83863,0,-0.0846153846153846
59483,0,0.0378486055776892
38295,0,0.2210526315789474
43537,0,0.0510440835266821
84102,0,0.1024096385542168
45970,0,0.1663157894736842
84153,0,-0.1428571428571429
84241,0,0.2173913043478261
88832,0,0.1226993865030674
90756,0,0.0991735537190081
90676,0,0.15625
93316,0,-0.036144578313253
72996,0,0.2138728323699421
78760,0,0.1111111111111111
60090,0,0.1717791411042943
87426,9,0.0377358490566037
91492,0,-0.0681818181818182
86642,0,0.0465116279069768
88664,0,0.0549999999999999
86167,0,-0.0114285714285714
68304,0,0.1121642969984202
77055,0,-0.1111111111111111
89763,0,-0.0807453416149068
85586,0,0.1428571428571428
90916,0,0.1641791044776119
10019,0,0.2878048780487805
87223,0,-0.1343283582089552
70332,0,-0.0212947189097103
90537,0,0.1428571428571428
55985,0,-0.0389610389610389
90289,0,-0.1832061068702289
10080,0,-0.25
10039,9,0.1388888888888888
10035,42,-0.0634920634920634
85869,0,0.2637362637362637
85017,10,0.1239316239316239
88939,0,-0.0512820512820513
87127,0,-0.0495049504950495
75193,0,0.0080428954423592
75216,0,0.0121951219512195
89499,0,-0.0229007633587786
10147,0,0.1418092909535453
10100,42,0.0333333333333334
38149,0,0.606060606060606
88592,0,0.0348837209302326
86626,0,0.0508474576271187
87637,7,0.0
10028,0,0.032258064516129
77576,0,-0.1417322834645669
77712,9,-0.0036563071297989
10140,0,0.1170212765957445
10078,0,-0.0297927461139896
10138,0,0.2227272727272726
10042,0,0.2222222222222223
10107,0,0.0009456264775413
10108,0,-0.5347721822541966
10192,0,0.1329787234042554
10200,0,0.0277777777777776
10235,42,-0.0984455958549223
10163,0,0.0779220779220779
68451,0,0.0403146509341199
10281,7,-0.2096774193548387
10272,0,-0.0619621342512908
10307,0,0.0416666666666667
10302,0,-0.1267605633802817
10299,0,0.0486177311725453
12217,0,0.125
75072,0,0.0550918196994991
10303,47,0.0425531914893617
10363,0,-0.0058139534883721
10333,0,0.2277227722772277
11040,0,0.2931034482758621
10353,0,-0.0260416666666666
10382,0,0.0975609756097561
69526,0,0.1538461538461537
10397,0,0.1085714285714285
10406,0,0.0104712041884815
10404,0,0.1551724137931034
10257,0,0.1724137931034481
10043,0,0.2173913043478261
12282,0,0.1267605633802817
10407,0,0.0
10412,0,-0.0974358974358974
69219,0,-0.0105263157894737
10398,0,-0.1132075471698113
76565,0,0.069767441860465
69585,0,0.0664739884393064
10446,0,-0.0833333333333333
10418,0,0.4615384615384614
69809,7,-0.3636363636363636
10410,0,0.0588235294117647
70033,0,-0.4595842956120092
10371,0,0.3333333333333332
10421,0,0.0326797385620916
10422,0,0.48
10513,0,-0.097560975609756
10527,0,-0.040983606557377
10439,0,0.0017857142857142
10530,0,0.1585365853658535
10531,0,0.2890173410404624
10606,0,0.1384615384615384
10550,0,0.0882352941176469
10142,0,0.0303030303030302
75070,0,0.0756756756756755
10597,0,0.1020408163265305
10624,0,0.0
75099,0,-0.0650887573964497
10547,0,-0.02
10564,9,0.2597402597402598
10178,0,0.1194968553459119
85965,0,-0.0766666666666666
10586,0,0.1416666666666666
10571,0,0.1666666666666667
76123,0,0.1562043795620438
10572,0,0.0789473684210526
10456,0,0.1200000000000001
10611,0,0.147982062780269
75469,0,0.0116009280742459
70252,0,0.06993006993007
10661,47,0.1428571428571428
45225,0,0.0285714285714284
10685,7,0.3538461538461539
10693,0,0.0701754385964912
10713,0,0.0803571428571428
10244,7,-0.1428571428571429
10649,0,0.0526315789473683
10628,0,0.0
86319,0,0.0
10749,0,0.1374999999999999
75517,0,0.0384615384615385
10716,0,0.1756756756756756
75071,0,0.2352941176470588
10696,0,-0.025
10837,0,-0.3076923076923077
10680,0,-0.0666666666666666
10745,0,0.2100840336134453
10772,0,0.2892561983471073
10750,0,-0.0476190476190476
10785,0,0.0689655172413792
10791,0,-0.0432801822323462
10775,0,-0.2380952380952381
54245,0,0.0178571428571427
10644,0,0.314569536423841
10806,0,0.0
19749,0,0.1578947368421053
93236,0,-0.032258064516129
86917,0,0.0232558139534884
10818,0,0.1327800829875518
10194,0,0.0603448275862068
70500,0,-0.0181818181818181
10828,0,0.0147058823529411
11159,0,0.150214592274678
70965,0,0.2659574468085106
75224,0,0.1187150837988826
48806,0,0.0909090909090908
10881,0,-0.0418848167539267
10484,0,0.375
10876,0,-0.0238095238095238
10026,0,0.0483870967741935
10929,0,0.0749108204518429
10994,0,0.2121212121212121
10812,0,0.1161616161616161
10908,0,0.0
10909,0,-0.1885593220338983
62296,0,0.0205479452054795
88779,35,0.8888888888888888
10924,0,-0.0042016806722688
10942,0,0.1482993197278912
75222,0,0.0652173913043479
10935,0,0.1790393013100437
10933,0,0.0947002606429192
10860,0,0.2941176470588236
92866,0,-0.0445544554455445
10443,0,0.3333333333333332
10032,0,0.2138228941684665
85570,0,-0.1162790697674418
11701,28,-0.0186915887850467
71538,0,0.0240963855421687
10001,0,0.0289855072463767
10455,0,0.1999744005461217
11038,0,-0.0730897009966777
11072,0,0.0727272727272727
10657,9,-0.0101694915254236
70674,0,0.0112359550561798
71001,0,0.0756302521008402
75215,0,0.0465116279069768
11127,0,0.0886075949367088
11036,0,-0.0185185185185184
11048,0,0.0625
75035,0,0.1944444444444444
10999,0,0.1805555555555555
77453,0,-0.0414012738853503
71984,0,0.0514018691588784
11141,0,0.0486111111111111
71909,0,0.3633093525179856
77081,0,-0.0027855153203342
11119,0,0.1911764705882352
11137,7,-0.0147058823529411
11923,0,0.1965317919075144
10838,42,0.3
10362,0,0.170940170940171
10545,0,0.0547730829420969
11138,0,0.009090909090909
77150,0,-0.0469543147208121
11194,0,0.0779220779220779
11214,0,0.2391304347826086
11292,0,0.0512820512820513
11162,0,0.2560975609756097
10963,0,1.763157894736842
11277,0,0.1551724137931034
11246,0,0.1682242990654205
11192,0,0.09375
29621,0,0.1111111111111111
11283,0,-0.1197339246119734
11357,7,2.333333333333333
11291,0,0.1849710982658958
10506,0,0.3913043478260869
11347,0,0.0881458966565349
75545,0,-0.0217391304347825
11358,0,0.04
64390,0,0.0820707070707069
65294,0,0.188118811881188
79062,0,-0.0498338870431893
11415,0,-0.0063694267515923
11365,0,0.1601423487544484
11385,0,-0.1216216216216216
11000,0,0.1507692307692307
12173,0,-0.0597014925373133
85527,0,-0.0079365079365079
11346,0,0.2777777777777777
11371,0,0.1457399103139014
11378,0,-0.05
11384,0,0.0192307692307691
11416,0,-0.4609375
11401,0,0.0
75103,0,0.0961538461538462
11403,0,0.1248357424441524
10889,0,0.0
11170,0,0.0037735849056603
11478,0,0.0816326530612245
11055,42,-0.03125
10863,0,0.0961538461538462
11465,0,0.209090909090909
11411,42,-0.0496453900709219
11481,0,0.375
10857,0,0.2241379310344826
11483,0,0.2558139534883721
11459,35,0.1499999999999999
11531,0,-0.1358885017421602
11496,0,0.2692307692307691
75101,0,0.207190160832545
75111,0,0.0
11571,35,0.75
75470,0,0.144927536231884
11545,0,0.1780821917808219
11215,0,-0.0045592705167173
11552,0,0.1265822784810126
11522,0,0.1132075471698113
91003,0,-0.17
11373,0,0.0416666666666667
75107,0,0.0222222222222221
11547,0,0.0939597315436242
87514,0,0.2903225806451612
75554,0,0.186046511627907
11441,0,-0.0232558139534884
75375,0,0.1111111111111111
11600,0,-0.0044444444444444
75558,0,-0.019543973941368
75104,0,0.0656779661016948
11043,10,-0.0714285714285714
11315,0,0.03125
11473,7,-0.0909090909090909
11654,0,-0.0597014925373133
11651,0,-0.0714285714285714
11638,0,0.0740740740740741
11636,0,0.0333333333333334
11641,0,0.2241379310344826
11394,0,0.1666666666666667
11622,0,0.0270270270270269
75526,0,0.064516129032258
11662,0,0.0778985507246377
11533,0,0.0488888888888889
11656,0,-0.0416666666666666
11689,0,0.320754716981132
11707,0,-0.042362002567394
11630,0,0.1294117647058823
11681,0,0.4137931034482758
75196,0,0.411764705882353
11723,0,-0.0352941176470588
11775,0,0.1636363636363635
11561,0,0.0357142857142858
11727,0,-0.1688311688311687
11761,0,0.168026101141925
75233,0,0.2207792207792207
11678,0,0.2867132867132866
75186,0,-0.1637426900584795
77080,0,-0.0211946050096338
11534,0,0.0839694656488549
11671,0,0.625
11590,0,-0.1111216459656774
75244,7,1.6
11809,0,-0.2249999999999999
51190,0,0.0317460317460318
19289,0,0.013157894736842
11731,0,-0.0715935334872979
11825,0,0.5083798882681565
11803,0,-0.1999999999999999
75106,0,0.0429799426934096
11910,0,0.2758620689655173
75560,0,0.1200000000000001
11338,0,0.0348837209302326
75261,28,0.1410788381742738
37217,0,-0.0024937655860348
75272,0,0.0
11599,28,0.2205882352941177
10822,0,0.0839160839160839
75262,0,0.2333333333333334
11618,0,-0.0759219088937093
11958,0,0.0769230769230768
11896,0,0.0334538878842676
11197,0,0.0315789473684211
75902,0,0.1408450704225352
11490,0,0.1058201058201058
11861,0,0.3658536585365854
10574,0,0.1162790697674418
75266,0,0.0337078651685394
11884,0,0.2156862745098038
75182,0,0.0239130434782608
75577,0,-0.0375586854460093
10360,0,0.1530054644808742
11853,0,-0.119047619047619
75241,0,0.0516431924882629
62084,0,0.0454545454545454
75320,0,0.2190082644628099
75285,0,-0.0746705710102488
11057,0,0.0588235294117647
75308,0,0.0069605568445476
10901,0,0.1428571428571428
75316,28,0.0726072607260726
11891,0,0.079192546583851
11868,0,0.95
75228,0,0.2649006622516556
79634,28,-0.0252427184466019
75286,0,0.1794871794871795
11994,0,0.4600262123197902
75288,0,-0.0303030303030302
11964,42,0.3846153846153846
11849,0,0.2058823529411764
11509,28,0.084870848708487
11955,0,-0.0505952380952381
11899,0,0.0128205128205127
75328,0,-0.025
11819,0,-0.0526315789473684
11752,0,0.0392156862745098
11970,0,0.0714285714285714
11468,0,-0.36
75294,0,0.0327102803738317
75295,0,-0.0993377483443708
12149,0,0.125
12248,0,0.0761904761904761
11971,0,0.096774193548387
75579,0,-0.127659574468085
12067,0,0.0992366412213741
75573,0,0.0949152542372882
11917,0,-0.0245901639344262
11887,9,0.1053864168618265
11306,0,-0.15
12252,0,0.0612244897959184
11976,0,0.0339321357285429
29496,0,0.0769230769230768
11541,0,-0.2142857142857143
75326,0,0.0316027088036117
11998,9,0.3571428571428572
12195,35,0.4499999999999999
17743,0,-0.2214689265536723
75880,0,0.0726817042606515
12022,0,0.0625
12126,0,0.0384615384615385
75585,0,0.0934579439252336
12113,0,-0.1111111111111111
12226,0,-0.0175438596491228
12260,0,0.3157894736842106
12265,0,0.3645484949832775
12074,0,0.0625
12236,0,-0.2167832167832167
12199,0,0.0833333333333332
12155,0,0.0461538461538462
75390,0,0.0307467057101025
12214,42,-0.037037037037037
10187,0,-0.2153846153846154
12062,35,0.0
12230,0,-0.1395348837209302
12190,0,-0.0384615384615384
75333,0,0.0123304562268804
12209,0,0.0813953488372092
75462,0,0.032258064516129
75432,0,-0.016042780748663
75383,0,-0.0956175298804781
75444,0,0.0798969072164947
75445,0,0.1022443890274313
77579,0,0.0751173708920187
75675,35,0.5238095238095237
12174,0,0.1956521739130434
75684,0,-0.1578947368421053
75672,0,0.4358974358974359
10278,0,0.0199203187250995
64071,0,0.0873563218390804
12169,9,0.3819444444444444
75591,0,0.0617760617760618
75734,0,0.1725490196078432
77142,0,-0.0158730158730159
75483,0,0.1875
12215,0,0.3571428571428572
75482,0,-0.0657596371882086
75477,0,-0.0945945945945946
75480,0,-0.12
75447,0,0.0909090909090908
76573,0,0.0370898716119829
75730,0,-0.0062499999999999
75721,10,-0.1785714285714286
75694,0,0.1497975708502024
63467,0,0.1073825503355705
75647,0,0.0639097744360901
75704,0,-0.05
75488,0,0.0476190476190476
75649,0,0.0208900999091734
75758,0,-0.0999999999999999
75878,0,0.0
75740,0,-0.081081081081081
76133,0,0.0818363273453093
75646,0,0.1177606177606178
75597,0,0.0634920634920634
75875,0,-0.1428571428571429
75781,0,0.0
75490,0,0.3214285714285714
75609,0,-0.0233644859813083
78988,0,0.7108433734939759
75739,0,0.2558139534883721
75607,0,-0.0545454545454545
75654,0,-0.1405228758169934
75795,0,0.0444444444444445
75815,9,-0.0857142857142857
75603,0,-0.1563636363636363
75818,0,0.2647058823529411
75808,0,0.0909090909090908
75801,10,0.3999999999999999
75998,0,-0.1041666666666666
75608,0,-0.0492753623188405
75825,0,-0.077720207253886
75853,0,0.0277777777777776
76011,0,-0.25
75945,0,0.054989816700611
75854,0,0.0225711481844945
76025,0,0.1570247933884296
13152,0,0.2244897959183673
78717,0,-0.0196078431372549
75831,42,-0.05
11748,0,0.0
75828,0,0.2535496957403651
75834,0,-0.0638297872340425
22198,0,0.1
23799,0,0.0
75835,0,0.0
75503,0,0.32
10290,0,-0.0088495575221239
11713,0,0.027237354085603
52936,0,0.0
76027,0,-0.1428571428571429
75551,0,0.0238095238095237
69906,0,0.0634920634920634
75833,0,0.5588235294117647
75861,0,0.0
75822,0,0.0576923076923077
75819,0,0.0280373831775699
75706,0,0.2340425531914893
75873,0,0.1269841269841269
75849,9,0.1374999999999999
75866,10,0.0957446808510638
75714,9,0.1166720000000001
75710,0,-0.0285714285714285
75912,0,-0.0497981157469716
75913,0,0.0857142857142856
75888,0,0.1414473684210526
76969,0,-0.1111111111111111
92161,0,-0.0588235294117647
75881,0,0.0677966101694915
77236,0,0.0625
75899,0,0.1351351351351351
91265,42,0.0
77247,0,0.1395348837209302
75755,0,0.125
76403,0,-0.0869565217391304
76013,0,0.0270270270270269
76041,0,-0.5350877192982456
78948,0,0.0095238095238094
75900,0,0.0535714285714286
76023,0,-0.0769230769230768
33647,0,0.1944444444444444
77446,0,0.0721649484536082
76063,0,0.263157894736842
77300,0,-0.0625
75929,0,-0.0279329608938547
75930,0,0.6190476190476191
76309,42,0.4750000000000001
76371,0,0.1304347826086955
76090,0,0.0
76082,0,-0.0053908355795148
76085,0,0.014799154334038
76236,0,0.6129032258064515
76079,0,-0.125
76080,0,-0.1052631578947368
76095,0,0.1572164948453609
76098,0,0.2065217391304348
76374,0,-0.3513513513513513
76998,0,-0.0526315789473684
76101,0,0.1255605381165918
76104,0,0.0295857988165679
79148,0,-0.0294117647058823
76116,0,-0.09375
76391,0,0.1540880503144654
76111,0,0.2702702702702702
76363,0,-0.0789473684210526
76963,35,-0.2444444444444444
76131,0,-0.0134048257372654
76127,0,0.1011904761904762
76128,0,0.1542288557213931
76110,0,0.411764705882353
76298,0,0.018181818181818
76336,0,0.345679012345679
76135,0,0.1011904761904762
78981,28,-0.0228310502283105
76146,0,0.1111111111111111
76139,0,0.1296829971181556
76415,0,0.3461538461538462
77688,0,0.0555555555555555
76302,0,0.0
76290,0,-0.175438596491228
76165,0,0.0625
76868,0,0.1475409836065573
76931,0,-0.0602409638554216
76169,0,1.0714285714285716
76306,0,0.6082474226804124
62843,0,0.1999999999999999
76425,0,0.1428571428571428
76448,0,-0.104325699745547
76383,0,0.0821917808219179
76458,0,0.3170731707317074
76372,0,-0.0357142857142857
78103,35,1.125
76887,0,0.2697095435684646
76544,0,0.2580645161290322
76199,0,0.1399999999999999
76195,9,0.0461538461538462
76424,0,0.4499999999999999
76194,0,0.3214285714285714
76150,7,-0.0666666666666666
76171,0,-0.089108910891089
76200,0,-0.1052631578947368
76367,0,0.0
76201,0,0.0657894736842106
76510,0,-0.097560975609756
79259,35,0.3333333333333332
76207,0,0.0574712643678161
84911,0,0.1384615384615384
76267,0,-0.1596638655462184
76214,0,0.0811965811965811
76222,0,0.0833333333333332
79101,0,0.1764705882352941
76238,0,-0.057810578105781
77486,0,0.2123893805309735
76240,0,0.0276816608996539
76228,0,0.1973684210526316
76230,0,0.1629629629629629
76461,0,0.0566037735849056
76231,0,-0.1518987341772152
76223,0,0.1129032258064515
76542,0,0.1775362318840578
76366,0,0.1875
76405,0,0.1923076923076923
76272,0,0.1470160116448327
76408,0,0.0454545454545454
76342,7,-0.0526315789473684
11644,0,-0.0561224489795918
76259,0,0.1063829787234043
76257,0,-0.1684782608695652
76354,10,0.379746835443038
76263,0,0.0949720670391061
78106,42,-0.0638297872340425
76281,7,0.3999999999999999
76264,28,0.1980198019801979
76224,0,0.1360201511335013
76265,0,0.0285714285714284
76385,0,-0.0847457627118644
76308,9,0.0303030303030302
76407,0,0.0462962962962962
76430,0,0.2083333333333332
77625,0,0.0448979591836735
76232,0,0.1602564102564103
76477,0,-0.0019361084220715
76475,0,0.3043478260869565
79037,0,-0.5782312925170068
76520,0,0.1442307692307691
78071,0,0.0333333333333334
76515,0,0.0909090909090908
76548,0,0.3225806451612902
76549,42,0.2352941176470588
76543,0,0.1262626262626263
76505,0,-0.0202020202020202
76507,0,-0.0677083333333333
76553,0,0.0
76906,35,0.0
76910,0,0.0533333333333332
76879,0,-0.0625
77363,42,0.2749999999999999
76556,0,0.0
76582,0,0.109375
76584,0,0.0300353356890459
76586,0,0.2195121951219512
76598,0,0.264367816091954
76587,0,0.3185840707964602
76632,35,0.0
76614,42,0.2094594594594594
76979,0,0.1498127340823969
76619,0,-0.0075187969924812
76620,0,-0.0947368421052631
76978,7,2.0
76622,35,-0.1443298969072165
76624,0,-0.1111111111111111
76900,0,0.1851851851851851
76916,0,0.125
76627,0,-0.0333333333333333
76964,0,-0.1212121212121212
76951,9,-0.0967741935483871
76644,0,-0.0106761565836298
76653,0,-0.2285714285714285
76938,7,0.0
76888,0,0.0357142857142858
76656,0,0.3867924528301887
76837,0,0.0342465753424656
77010,0,-0.0666666666666666
76638,0,0.0759651307596513
76660,0,0.1916558018252934
76666,0,0.1061946902654866
76664,0,0.0262096774193547
76683,35,0.2222222222222223
76686,0,0.1451612903225807
76947,0,-0.1063829787234043
76691,0,-0.0547945205479452
76855,7,-0.0434782608695651
76693,0,0.3116883116883118
76695,0,0.0434782608695651
76698,0,0.1829268292682926
76801,0,-0.0769230769230768
76699,42,0.4166666666666667
19968,0,0.0695187165775401
76701,0,0.2692307692307691
76702,0,0.1450777202072539
76703,0,0.1164874551971326
76859,0,0.1739130434782609
76704,0,0.0724637681159421
76706,0,0.3733333333333333
76705,0,0.0384615384615385
76707,0,-0.0606060606060605
76709,0,-0.1096345514950166
76710,0,0.0952380952380953
76934,0,-0.1063829787234043
76676,0,0.0436681222707424
76712,10,0.1824324324324324
76713,0,0.1388888888888888
76714,0,0.1612903225806452
76716,0,0.0075757575757575
76717,0,0.0769230769230768
76721,0,0.0889679715302491
76718,0,0.0412371134020619
76732,0,-0.0255536626916524
76758,0,0.0088888888888889
76759,35,0.2333333333333334
76980,0,0.098360655737705
76737,0,-0.1219512195121951
76740,42,-0.1386138613861386
88031,9,0.2727272727272727
76762,9,0.0381679389312976
76768,0,0.0294840294840295
76746,0,0.1641791044776119
76750,0,-0.0895522388059701
76755,0,0.0461538461538462
76764,0,0.0105820105820106
76754,0,0.08994708994709
76799,0,0.192090395480226
76945,0,0.2685185185185186
76779,0,0.0239316239316238
76780,0,0.0071942446043165
76776,0,0.0485074626865671
76785,0,-0.06
76977,0,0.2264150943396226
76790,7,0.0227272727272727
76793,0,-0.25
76795,0,0.2170212765957446
76796,0,0.0048076923076922
76798,0,-0.0568181818181817
79500,7,0.0303030303030302
76999,0,0.1646341463414633
76943,0,0.0540540540540539
76840,0,0.2435897435897436
76841,0,0.3786008230452675
76829,0,0.0
76845,0,0.4943181818181819
76848,0,0.6304347826086956
77204,0,0.2043010752688172
76842,7,0.5238095238095237
76843,0,0.0476190476190476
76844,0,0.018181818181818
77018,0,0.1031390134529148
77035,0,0.2857142857142858
77038,0,0.2530864197530864
77248,0,0.0833333333333332
77032,35,-0.2191780821917808
77020,0,0.3164556962025315
77074,35,-0.2631578947368421
77063,0,0.020583190394511
77039,0,-0.1459694989106753
77235,0,-0.2146596858638743
77030,0,0.0824295010845987
77021,0,0.1063829787234043
77064,0,0.2142857142857142
77029,0,0.1071428571428572
77202,7,0.0454545454545454
77098,0,0.3731343283582089
77087,0,0.0921052631578946
77095,0,0.1282051282051282
77088,0,0.1891891891891892
77112,0,0.0540540540540539
77218,0,0.0434782608695651
77214,0,0.2857142857142858
77219,0,-0.0588235294117647
77106,0,0.1494252873563217
77323,0,0.2378048780487804
77230,0,-0.0124999999999999
77101,0,0.0124999999999999
77117,9,-0.0148936170212765
77114,0,-0.0363636363636363
77162,0,-0.097560975609756
77210,0,0.53125
77217,0,0.0545454545454544
77223,0,-0.0714285714285714
77237,0,0.1891891891891892
77169,9,0.0196078431372548
77170,0,-0.0153846153846153
77179,0,0.1313131313131312
77180,7,0.24
77182,0,0.1004366812227073
77191,0,0.053763440860215
77183,0,0.1829268292682926
77184,0,0.1234567901234569
77175,35,0.5507246376811594
77238,42,-0.0793650793650794
77178,0,0.377027027027027
77173,0,0.0517241379310344
77159,0,0.1968085106382979
77189,0,0.069767441860465
77257,0,0.1104651162790697
77259,0,0.1071428571428572
77261,0,0.0919540229885058
77262,0,0.2512315270935961
77263,0,0.26
77264,0,0.062992125984252
77265,7,0.3899999999999999
77266,9,0.1914893617021276
77267,0,0.3999999999999999
77271,0,0.3454545454545454
77275,0,0.1282051282051282
77276,0,-0.0127388535031847
77278,0,0.375886524822695
77284,0,0.1521197007481296
77293,42,0.3823529411764705
77294,0,0.0512820512820513
77297,47,0.1446540880503144
77279,42,-0.0895522388059701
77282,0,0.2664092664092663
77281,0,0.1360294117647058
77321,42,0.2564102564102564
77327,0,0.0204081632653061
77340,0,-0.1904761904761904
77336,0,0.0526315789473683
77312,0,0.0618892508143322
77347,0,-0.0091324200913242
77352,0,0.104
77334,0,0.1964285714285714
77368,0,0.0197628458498024
77356,0,0.1625000000000001
77372,0,0.0381231671554251
77357,0,0.227436823104693
77366,0,0.0352504638218924
77361,0,0.11864406779661
77362,0,0.1666666666666667
77387,9,0.25
77384,0,0.1111111111111111
77388,0,0.0047619047619047
77390,0,0.0
77392,0,0.1134020618556701
77398,0,0.25
77456,0,0.2903225806451612
77401,0,0.1240875912408758
77461,0,0.0493827160493827
77405,0,0.2145454545454546
77409,0,0.1818181818181818
77475,0,0.0952380952380953
77411,0,-0.1029411764705882
77413,0,0.6071428571428572
77417,0,0.0727272727272727
77483,0,0.3424657534246575
77418,0,0.1695736434108528
77421,0,0.0576671035386631
77425,0,0.0909090909090908
77434,0,0.1058823529411765
78147,0,0.0454545454545454
77426,0,-0.0481481481481481
77427,0,0.2820512820512821
77441,0,-0.1458333333333333
77443,0,0.0821917808219179
77442,0,0.2378854625550661
77438,0,-0.1477272727272727
77440,0,0.2673267326732673
77472,0,0.1201079622132252
77447,0,0.25
77448,0,-0.2299999999999999
77450,0,0.1160220994475138
77451,0,-0.1238938053097344
77494,7,-0.0909090909090909
77495,7,0.0555555555555555
77768,0,-0.0421052631578947
77502,0,0.2954545454545454
78029,0,-0.09375
77511,0,-0.05
78753,0,0.320754716981132
77513,0,1.0
77508,0,0.183673469387755
77509,10,-0.1666666666666666
77515,0,0.1597633136094673
77517,0,-0.0294117647058823
77525,0,-0.125
77520,0,-0.025
77523,0,0.0511363636363635
77530,0,0.1696428571428572
79147,0,0.0714285714285714
77541,0,0.0596491228070175
77542,0,0.3129370629370629
77572,0,0.8064516129032258
77575,0,-0.2969924812030075
77580,0,-0.0512820512820513
77581,0,0.0
77587,35,0.148936170212766
77588,0,0.0909090909090908
77599,0,-0.125
77603,0,0.1081081081081081
77617,9,0.4228187919463086
77619,0,0.2352941176470588
77608,0,0.1396303901437372
77624,0,0.2573099415204678
77649,0,0.0966666666666666
77629,0,0.0704225352112675
77630,42,0.2333333333333334
77652,0,-0.1292517006802721
77653,0,0.2250000000000001
77660,0,-0.0176991150442478
77662,0,-0.0460829493087557
77663,0,-0.063157894736842
77668,0,0.0802005012531328
77671,0,0.2258064516129032
77678,0,-0.1111111111111111
77713,0,-0.0112994350282485
77681,0,-0.1999999999999999
77683,0,0.2380952380952381
77685,0,0.1583333333333334
77687,47,0.2164179104477612
77705,0,-0.0597609561752987
77701,0,0.5779816513761469
77702,0,0.0198170731707316
77710,0,-0.1150793650793651
77757,0,0.1666666666666667
78949,0,0.0188679245283018
79407,47,0.2790697674418605
77763,0,0.1127819548872179
77767,0,-0.0918367346938775
77773,0,0.5294117647058822
77774,42,-0.189873417721519
77780,0,0.0423728813559323
77975,0,-0.1538461538461538
79028,0,-0.0416666666666666
77785,0,-0.0688405797101449
77787,0,-0.0967741935483871
77831,42,0.0
79118,0,0.0
77837,7,0.0833333333333332
77844,42,0.2380952380952381
77843,7,0.0
77845,0,-0.0857142857142857
77851,0,0.1174242424242424
77867,0,0.0384615384615385
77868,0,0.138095238095238
77865,47,-0.0273972602739726
77915,0,-0.0217321739130433
77872,0,-0.0769230769230768
77883,0,0.2015503875968991
77892,0,-0.2142857142857143
77902,0,-0.002262443438914
77918,0,0.1160000000000001
77919,35,-0.0625
77917,0,0.0083102493074791
77929,0,0.1645569620253164
77932,0,0.0384615384615385
77964,0,0.1044776119402985
77969,0,-0.4375
77971,0,-0.0467289719626168
77967,0,-0.0469565217391304
77968,0,-0.0666666666666666
77976,0,-0.0640176600441501
77979,0,0.094488188976378
77982,9,-0.0135135135135134
77984,0,0.1041666666666667
77992,0,0.1578947368421053
77985,0,0.0
77993,0,0.4111111111111112
78001,0,0.0429184549356223
78018,0,-0.0496453900709219
78008,0,0.0689655172413792
78023,0,0.763157894736842
78022,0,-0.1666666666666666
78015,28,0.121069182389937
78033,0,0.0047281323877068
78032,0,0.1393034825870647
78043,0,0.1265822784810126
78042,0,0.0
78054,42,0.1842105263157893
78074,0,0.1235294117647058
78077,0,-0.0309278350515463
78068,0,-0.0614035087719297
78066,0,0.1256281407035175
78073,0,0.3600000000000001
78081,0,0.1379310344827586
78083,0,0.0622222222222221
78082,42,0.1630434782608696
78102,0,0.1311475409836064
78112,0,0.1679389312977099
78786,0,0.0155763239875388
78145,0,0.0769230769230768
78179,0,0.2425531914893617
78189,0,-0.0303030303030302
78198,35,0.3103448275862068
78155,0,0.1442307692307691
78197,0,0.2111801242236024
78113,0,0.2173913043478261
78139,0,-0.020242914979757
78172,0,0.2027491408934707
78208,0,-0.0139860139860139
78146,0,-0.0555555555555555
78137,0,0.1454965357967668
78791,0,0.0970873786407766
78161,9,-0.1785714285714286
78134,0,0.2740740740740741
78193,0,0.3913043478260869
78213,9,-0.065359477124183
78157,0,0.1318681318681318
78840,0,0.2310606060606059
78924,0,-0.1923076923076923
79427,0,0.1864406779661016
78826,0,0.0
78822,0,-0.12
78860,0,0.1647058823529412
78836,0,0.053763440860215
78908,0,-0.0236486486486486
78891,0,-0.015625
78905,0,0.3846153846153846
78895,0,0.2067039106145252
79033,28,0.1651651651651651
78872,0,0.074468085106383
78879,0,0.072289156626506
78875,0,0.1102941176470588
78881,0,0.2524271844660195
78889,0,0.0943396226415094
78876,0,0.0963302752293577
78868,9,0.7777777777777777
78915,0,0.1785714285714286
78867,0,-0.0476190476190476
78916,0,0.1367419738406659
78869,0,0.0735294117647058
79000,0,0.1720430107526882
79002,0,-0.0113636363636363
79003,0,-0.1555555555555555
79009,0,-0.2684824902723736
79065,0,-0.1078431372549019
78974,0,-0.1041666666666666
79006,0,-0.1714285714285713
48653,0,0.0106100795755967
79010,0,0.012158054711246
78955,0,-0.0151515151515151
79008,0,0.0833333333333332
78954,0,-0.0179211469534049
78990,0,0.4133333333333333
79024,0,0.1
79053,0,0.1968503937007875
78950,0,0.0539772727272727
78987,0,0.1166924265842348
79016,7,0.0
78977,0,0.0544554455445545
79017,0,0.15625
79025,0,0.1383399209486167
78980,0,0.1564885496183206
78998,0,0.2647058823529411
78959,0,0.0
78978,0,0.0
79023,0,0.3384615384615383
79084,0,0.0909090909090908
79078,7,0.5517241379310345
79089,0,0.1214285714285714
79097,0,0.0784313725490195
79130,0,-0.0563380281690141
79075,0,0.1104651162790697
79107,35,-0.2129629629629629
79108,0,0.0922712933753944
79085,0,0.168421052631579
79077,0,0.0256410256410255
79096,0,0.0483870967741935
79133,0,-0.0055555555555555
79091,0,0.0
79103,0,-0.4844192634560906
79069,0,-0.1140684410646387
79093,0,0.032258064516129
79144,8,0.0314465408805031
79086,47,0.1875
78910,0,-0.037593984962406
79150,0,-0.0074626865671642
79209,0,0.1102362204724409
79197,7,0.05
79207,0,0.053191489361702
79149,0,0.1999999999999999
79163,0,0.0992167101827676
79152,0,0.125
79205,0,-0.0902777777777777
79176,0,0.403225806451613
79183,42,0.0438596491228069
79160,0,0.0
79162,0,-0.0434782608695651
79167,0,0.125
79198,0,0.095890410958904
79159,0,0.1206896551724137
79161,0,-0.401255707762557
79164,0,0.3424657534246575
79192,0,0.0743801652892561
79201,0,0.0129032258064516
79157,0,-0.111492281303602
79190,0,-0.0729166666666666
79171,35,0.0454545454545454
79172,0,-0.0365853658536585
79193,0,0.1914893617021276
79237,0,-0.4957264957264957
79323,0,0.1000855431993157
79247,0,0.0823529411764705
79301,0,-0.0134228187919462
79290,9,0.0862068965517242
79263,0,0.1588235294117648
79299,0,0.0018315018315018
79289,0,0.2032967032967032
79248,0,0.1914893617021276
79249,0,0.072
79328,0,0.0594965675057208
79260,0,0.5249999999999999
79251,0,0.2191780821917808
79257,35,0.1694915254237288
79271,0,-0.1574803149606299
79336,0,-0.0700325732899023
79268,0,-0.0999999999999999
79265,0,0.0743243243243243
79297,0,-0.0526315789473684
79256,0,0.2346938775510203
79252,0,0.0666666666666666
79262,0,0.0625
79245,0,0.1739130434782609
79308,0,0.036697247706422
79367,0,0.0571428571428571
79371,7,-0.1282051282051282
79416,0,-0.0528634361233479
79435,0,0.0512820512820513
79438,0,-0.0436046511627906
79373,0,0.0080645161290322
79376,0,0.0124999999999999
79390,0,0.2867132867132866
79444,0,0.1024590163934426
79423,0,-0.0666666666666666
79374,0,0.2525252525252526
79385,0,0.1212121212121211
79392,42,-0.2022900763358778
79396,0,0.3173076923076923
79400,0,0.1132075471698113
79417,0,0.1090909090909091
79378,0,-0.1821192052980133
79366,0,0.1096774193548386
79420,0,-0.0571428571428571
79391,0,0.064516129032258
79404,0,0.0519480519480519
79399,0,0.2307692307692308
79405,7,0.3333333333333332
79455,0,-0.062200956937799
79532,0,0.03125
79478,0,-0.0851063829787234
79511,47,0.7142857142857142
79518,0,0.1666666666666667
79523,0,-0.0214285714285714
28353,0,-0.0166666666666667
79507,0,0.3095238095238095
79472,0,0.0310880829015545
79494,0,0.2528735632183907
79486,0,0.0952380952380953
79533,35,0.1486486486486486
79545,0,0.091127098321343
79515,0,0.098360655737705
79528,0,0.0269058295964126
79502,10,0.2239583333333332
79503,0,0.1298245614035087
79526,0,0.0295857988165679
79491,0,-0.0245901639344262
79517,0,0.2142857142857142
79429,0,-0.0033898305084745
76697,0,0.0058939096267189
75318,0,0.1791044776119403
65525,0,0.2745098039215685
66122,0,0.0750436300174519
54594,0,-0.0055865921787709
11624,0,-0.0270270270270269
11790,0,0.03125
12117,42,0.0
12320,0,0.0103092783505154
13056,28,0.0611510791366907
50091,0,0.1165775401069519
14286,0,0.3461538461538462
14526,0,0.1200000000000001
11581,0,-0.0088582677165354
15203,0,0.5483870967741935
15748,0,0.0615384615384615
15828,0,-0.1339285714285714
17137,0,0.0363636363636363
85885,0,-0.1454545454545455
85914,0,0.4468864468864468
38471,47,-0.0769230769230768
55044,0,-0.0028653295128939
18092,0,0.1566265060240963
18244,0,0.1818181818181818
20336,42,0.0
20670,42,-0.0440251572327043
64899,0,0.1949685534591194
22905,0,-0.0277777777777777
23115,0,0.1999999999999999
47175,0,0.131578947368421
23660,0,0.0573476702508961
23975,0,0.0930787589498807
24548,47,0.1023622047244094
30680,0,0.0386178861788617
25583,0,-0.0486486486486485
56274,0,0.0271580989330746
48637,9,0.0608695652173914
64565,0,0.0816326530612245
27642,9,0.1071428571428572
28215,0,0.0652173913043479
87207,35,0.131578947368421
63554,0,0.0420168067226891
55589,0,0.0
31318,0,0.0158730158730158
31536,0,-0.0539629005059022
31668,9,0.0714285714285714
54391,0,0.2924528301886793
32046,0,0.1990740740740741
32054,0,0.2577319587628865
47511,0,0.0402298850574711
33188,0,0.3382352941176469
48143,0,0.0306748466257669
34041,0,0.2058823529411764
23552,0,-0.04
60628,0,0.2041392285983065
57330,0,0.0234741784037557
37875,0,-0.0181200453001132
20765,0,0.0630841121495326
66923,0,0.6491228070175439
17144,0,0.0729571984435797
32205,0,0.0019230769230769
39328,0,0.0535714285714286
26657,0,0.2618453865336658
40540,42,0.162162162162162
22250,0,0.1129032258064515
64979,0,0.0249999999999999
41452,0,-0.3969465648854962
52716,0,0.0256045519203413
62287,0,0.0860534124629079
44821,0,0.0240963855421687
53129,0,0.1046511627906976
89181,0,0.0588235294117647
46843,0,0.0300751879699248
47141,0,0.0157068062827225
89392,0,0.0880503144654087
48697,0,-0.0625
61145,0,-0.0646387832699619
50462,0,0.2514285714285713
49585,0,-0.0508474576271186
64020,0,0.0571428571428571
11198,0,0.2714285714285713
51423,0,0.1738035264483626
45022,0,-0.0236220472440944
67002,0,-0.109375
52090,0,0.0185185185185186
53613,9,-0.2205056179775281
54114,0,0.0338164251207728
55160,0,0.24
55213,0,-0.0555555555555555
65373,7,-0.0526315789473684
56363,0,0.0951585976627713
52337,0,0.0688073394495412
51377,0,0.197080291970803
22066,0,-0.0070621468926553
57665,0,-0.0070257611241217
67010,0,0.0555555555555555
25232,0,0.0077220077220077
34948,0,0.0093109869646181
35107,0,-0.021097046413502
58675,0,0.1516587677725118
61621,42,0.0182481751824816
45823,0,-0.0588235294117647
63096,0,0.061998541210795
65307,0,0.0092307692307691
66852,0,0.5373134328358209
67193,0,0.1800766283524904
67679,0,0.0120481927710842
67732,0,-0.0887096774193548
68233,0,0.0977443609022556
77354,0,0.1532846715328466
69199,0,-0.0228571428571429
69682,0,-0.1125
70288,0,-0.0851063829787234
38850,0,0.0323974082073434
71002,7,0.0357142857142858
72128,0,0.0337837837837837
72486,0,0.5625
72603,0,0.0
72710,0,0.1811023622047243
27764,0,0.1421052631578947
73198,0,0.0909090909090908
44951,0,0.0
76022,0,0.0370370370370369
74500,0,-0.0904761904761904
60353,0,-0.063157894736842
74561,0,-0.0799999999999999
74740,0,-0.1081081081081081
65752,0,0.24
74975,0,0.2657004830917875
40061,0,0.2137232845894263
75417,0,0.3333333333333332
75433,0,-0.1333333333333333
40694,0,0.273921200750469
37640,0,0.0757575757575756
76129,9,0.0262828535669588
48709,0,0.1629955947136563
65306,0,0.0104166666666667
37612,0,0.0476190476190476
65103,0,-0.044642857142857
80013,0,0.0331125827814569
61698,0,0.0056818181818181
92874,0,0.0925925925925925
81294,0,0.0855855855855856
19502,0,-0.0487238979118329
81614,0,0.0326086956521738
81702,0,0.1200000000000001
82449,0,0.4137931034482758
51086,0,-0.0223880597014924
53671,0,0.0625
83601,0,0.0909090909090908
83687,0,-0.0389016018306636
83919,0,0.2142857142857142
88381,0,0.0703125
62042,0,0.1085271317829457
88445,0,0.3217391304347825
10012,0,0.4399999999999999
88867,0,0.2615384615384615
21785,0,0.1235955056179776
65067,0,0.4642857142857142
10044,0,0.3205128205128205
10048,0,0.1730769230769231
69032,42,0.1233766233766233
10104,0,-0.0442622950819672
10216,0,0.0576923076923077
39416,0,-0.0204081632653061
75510,9,0.2793650793650792
10800,0,-0.03125
89659,0,-0.1617647058823529
10972,0,0.1224489795918366
11124,0,0.2717391304347827
11020,0,-0.0294117647058823
10087,0,-0.0208333333333333
10847,0,0.2727272727272727
11136,0,0.1346153846153845
11152,0,0.4130434782608696
11353,0,-0.0925925925925925
75033,0,0.304
11450,0,-0.0505050505050505
75094,0,-0.0084033613445377
11596,0,-0.0285714285714285
75174,0,0.0304182509505703
75557,0,0.1470588235294117
11694,9,0.125
11614,0,0.0948905109489051
11757,0,-0.0454545454545454
75110,0,0.3103448275862068
11956,0,-0.0428571428571428
10011,0,-0.0342857142857142
10114,7,0.265625
12099,0,0.0882352941176469
11106,0,-0.0277777777777777
11794,9,0.0091713492217271
12138,0,-0.12
12006,0,0.1305732484076434
12122,0,0.4262295081967213
12211,28,0.0961538461538462
12171,47,0.7857142857142858
75434,0,0.1283783783783783
75625,42,0.0578512396694215
75976,0,0.3411764705882352
75857,0,0.0626865671641792
75993,0,0.0727969348659003
77488,0,-0.0625
76526,0,-0.4461538461538461
77820,0,0.04
76400,0,0.0476190476190476
76096,0,0.6322314049586777
76138,0,0.0140845070422535
76410,0,0.0129870129870128
76420,0,-0.5428571428571429
76568,0,0.2655367231638419
76990,0,0.1599999999999999
77802,0,-0.1666666666666666
76605,0,0.0575221238938052
76613,42,0.4107142857142858
76988,0,0.1052631578947369
76738,0,0.1898734177215189
76739,0,-0.0701754385964912
76752,0,0.2605633802816902
76772,42,-0.032258064516129
76774,0,-0.0392156862745097
76797,0,0.28
76846,0,0.3870967741935485
77077,0,-0.0545454545454545
77094,0,0.1525423728813559
77163,0,0.078740157480315
77382,0,0.0694006309148265
77478,0,0.1287128712871286
77613,35,-0.125
77637,0,0.1231155778894472
77667,0,0.1181434599156117
77669,0,0.3526785714285714
77676,0,0.0692307692307692
77989,42,0.1346153846153845
78194,0,0.4782608695652173
79094,0,0.1054852320675105
79291,0,0.1666666666666667
79305,0,0.3129496402877698
79255,0,-0.1241496598639455
79428,0,0.1461988304093566
79505,0,-0.1563421828908554
87055,0,0.0433275563258233
50906,9,-0.1245791245791245
10568,9,-0.0833333333333333
11157,0,-0.0117647058823529
50032,0,0.0182481751824816
69171,0,-0.0999999999999999
47730,0,0.0737913486005088
12627,47,-0.0769230769230768
13232,0,0.0
13777,0,0.3448275862068966
44652,0,0.0209424083769633
38746,0,0.4230769230769231
60871,0,0.0226415094339622
14198,0,-0.0331125827814569
45583,0,0.1080139372822299
14702,0,0.0092715231788078
15537,0,0.0757575757575756
68830,0,0.139240506329114
85631,0,0.0371428571428571
16185,0,0.009090909090909
49373,0,-0.0159235668789808
18570,0,0.0704225352112675
18973,0,0.0288065843621398
19271,0,0.0459770114942528
29938,0,0.0292553191489362
10866,0,0.0898876404494382
20240,0,0.1698113207547169
20248,0,0.0736842105263158
25320,0,0.0566037735849056
21726,0,0.0934256055363322
21742,0,0.0824175824175823
11267,0,0.0428571428571429
22753,0,0.0207253886010363
22825,0,0.0192307692307691
26841,0,0.1351351351351351
65533,0,0.0522193211488251
24572,0,0.0833333333333332
24951,0,0.0823170731707316
25217,0,0.0895522388059701
69307,0,-0.0555555555555555
65541,0,0.1136363636363635
27562,0,0.0528455284552844
27677,0,0.4838709677419355
31026,0,0.161764705882353
27800,0,0.2923076923076924
27909,0,-0.0177514792899408
28207,0,0.1999999999999999
28311,0,0.0
28522,0,-0.0344036697247706
10731,0,0.0
59707,47,0.3333333333333332
63546,0,0.0857142857142856
49154,0,0.0570175438596491
19350,0,-0.0401785714285714
76769,0,0.2427007299270072
49429,0,0.0953124999999999
61313,0,0.0756302521008402
19254,0,0.0299401197604789
12008,0,0.0990712074303405
31500,0,0.2489082969432314
87581,0,0.1776315789473683
33209,0,0.1076923076923077
50788,0,0.0505050505050506
33690,42,0.240506329113924
34121,0,0.0225225225225225
34287,0,-0.0632183908045976
44708,0,-0.12
77462,0,0.0267857142857141
46295,0,0.0783132530120482
37058,0,0.0740740740740741
46164,0,0.0909090909090908
26382,0,-0.0445434298440979
31974,0,0.0685249709639954
62228,0,0.0256410256410255
40838,0,0.0420499342969775
19174,0,0.0178571428571427
21055,0,0.1758793969849246
38608,0,0.1646341463414633
59547,0,0.0571428571428571
47888,0,0.1098265895953756
62367,0,0.0035714285714285
40628,0,0.146341463414634
39765,0,0.0947368421052632
23077,0,0.1096096096096095
41663,0,-0.2214285714285714
27828,0,0.1310975609756097
32803,0,-0.0071599045346062
66181,0,0.104635761589404
32870,0,0.0777310924369747
66587,0,0.1780487804878048
43474,0,0.0794223826714801
12503,0,0.1133501259445843
45744,0,0.1515151515151516
46149,0,0.0962566844919785
46237,0,0.4153846153846154
33267,10,0.1176470588235294
47133,0,0.3023255813953489
57437,0,-0.019031141868512
47571,0,0.408450704225352
53495,0,0.1666666666666667
50374,0,-0.0472972972972972
48291,0,-0.075098814229249
48347,28,0.0459363957597174
64282,28,0.0741758241758241
26294,28,0.0902255639097744
53612,0,0.0543209876543209
61399,0,0.1247739602169981
50519,0,0.1
66253,0,0.0206185567010308
51960,0,0.0081967213114753
13100,0,0.0127758420441346
51984,0,0.0865384615384614
27617,0,-0.0422535211267606
64637,0,-0.0144927536231883
60097,0,-0.4785615491009681
22891,0,0.008008008008008
60548,0,0.1264367816091953
55191,0,0.1381909547738693
68582,0,-0.2249388753056235
47773,28,0.0441176470588235
56339,0,0.0801526717557252
56777,0,0.2857142857142858
34665,0,0.0735294117647058
57745,0,0.127659574468085
57809,0,0.0151515151515151
57817,0,0.0897435897435896
57884,0,0.1025641025641026
58473,0,0.2014925373134328
53639,0,-0.0756302521008402
59185,0,-0.0457746478873239
45313,0,0.1141732283464567
59767,0,0.0561224489795917
60055,0,-0.032352
60346,0,0.0217391304347827
35051,0,-0.0897097625329815
90924,0,0.203125
79105,0,0.556338028169014
75310,0,0.0888888888888888
18403,0,-0.0291666666666666
35238,0,0.0283018867924529
62368,0,0.7142857142857142
13936,0,0.1
64338,0,0.4210526315789473
49971,28,0.1016548463356974
63686,9,-0.042016806722689
64697,0,0.0724637681159421
42307,0,-0.036144578313253
65270,0,0.1944444444444444
62033,0,-0.0174999999999999
67177,0,0.0229885057471264
91556,0,0.1617021276595744
68065,0,0.0727272727272727
39773,0,0.1707317073170731
50948,0,0.1691331923890062
70376,0,-0.1413043478260869
70923,0,-0.45578231292517
42585,0,0.0520094562647754
72005,0,-0.0551181102362204
72961,0,-0.0128205128205127
74230,0,0.0263157894736842
58800,9,0.0603448275862068
75345,0,1.4
53751,0,-0.0238095238095238
75951,0,0.1388888888888888
76081,0,0.1290322580645162
60580,0,0.0673400673400672
63036,0,0.0769230769230768
61065,0,0.0253164556962024
76743,0,-0.1304347826086956
50278,0,0.0661478599221789
78079,0,0.1499999999999999
79338,0,0.5357142857142858
46260,0,-0.0496794871794872
66368,0,-0.1124260355029586
79840,0,-0.0285714285714285
37807,0,0.004
80347,0,0.2130518234165066
80654,0,0.032258064516129
80857,0,0.0
59627,0,0.1158301158301158
81190,0,0.1354983202687569
55976,0,0.0316901408450704
51932,0,0.189516129032258
44783,0,-0.0458715596330274
82924,0,0.1811175337186898
83011,0,-0.0446927374301675
15456,0,-0.0111731843575418
40539,10,0.1113636363636363
89245,0,-0.0294117647058823
87143,0,0.3492063492063493
34228,0,-0.0595238095238095
91994,7,0.5833333333333333
10025,0,0.3703703703703704
86511,0,0.0857142857142856
90609,0,-0.0433333333333333
87864,0,-0.0303030303030302
69411,10,-0.1493506493506493
67467,0,0.1185308848080133
10089,0,0.3793103448275863
10182,0,0.1813804173354736
10247,42,0.2763157894736843
10259,47,0.0725806451612902
10501,0,0.1599999999999999
10185,0,0.1358024691358024
77420,0,0.0440251572327043
10514,0,0.1595744680851063
10622,0,0.2258064516129032
10637,0,0.1
10667,0,0.1428571428571428
10658,42,0.0
10645,0,0.4418604651162789
75232,0,0.1710213776722089
10761,0,0.0833333333333332
10706,0,0.1333333333333333
11747,0,0.1041666666666667
76563,0,0.0240384615384614
10199,0,-0.0261780104712041
10870,0,-0.0168067226890756
10905,0,0.0490196078431373
75527,0,0.071559633027523
75528,0,-0.0424710424710425
10984,0,-0.12
32563,0,0.0654205607476634
11132,0,0.0
11103,0,-0.0288065843621398
71837,0,0.0416666666666667
11154,0,0.0264830508474576
10325,0,-0.0133333333333333
11343,0,0.0249999999999999
71685,0,0.1486697965571204
11342,0,-0.0892857142857143
11381,0,0.1101694915254236
11382,0,0.1036088474970895
11379,0,0.1343283582089551
11426,0,-0.0189873417721518
11278,0,0.1428571428571428
75055,0,-0.1525423728813559
11475,0,0.2424242424242424
11484,0,0.0666666666666666
75066,0,0.0749999999999999
10790,0,0.1040462427745665
75100,0,-0.0607734806629833
11665,0,0.0
75172,0,0.0749999999999999
86677,0,0.0249999999999999
75563,0,0.0
75179,0,0.0364372469635627
11539,0,0.0413793103448276
11477,42,-0.1152073732718893
11805,0,-0.1071428571428571
11928,0,0.1527777777777776
10878,47,0.8181818181818181
11081,0,0.1805026656511805
75697,0,-0.0344827586206896
75700,0,0.1507430997876857
75728,0,0.4166666666666667
75621,0,0.1428571428571428
75659,0,0.0123456790123457
79410,0,-0.0072639225181597
75614,0,0.09375
75489,0,0.1755319148936169
75655,0,0.3275862068965518
75905,0,0.0909090909090908
76052,0,0.0933333333333332
76362,0,0.0196078431372548
76215,0,0.3111111111111111
76075,0,0.2344213649851632
76076,0,-0.0306799336650083
76106,0,0.2153846153846152
76462,42,0.75
76322,0,-0.0734463276836158
76937,0,-0.0909090909090909
76671,0,-0.1313868613138685
79115,0,-0.0999999999999999
77990,0,-0.0481283422459892
76217,0,0.0747126436781608
76450,0,-0.0921052631578946
76286,0,0.0105263157894737
76498,35,0.162162162162162
56354,42,0.0
76860,0,0.2066115702479338
76609,0,-0.0079365079365079
77222,0,0.0307692307692306
76651,0,0.0075757575757575
76856,0,0.1454545454545455
76673,0,0.0390625
77007,0,-0.0256410256410256
76747,0,-0.0106382978723403
76781,0,0.2362637362637363
76839,0,0.0062893081761006
76847,0,0.2549019607843137
77045,0,0.1075949367088606
77025,0,0.2347826086956521
77061,0,0.3428571428571427
77108,0,0.1980676328502415
77096,0,0.0078740157480314
77082,7,0.28
77208,0,0.1388888888888888
77268,0,-0.0178571428571429
77335,0,0.1046511627906976
77338,0,0.1946902654867257
77403,0,0.0212765957446807
77501,0,0.0
77505,42,0.0512820512820513
77584,0,0.0483870967741935
77897,0,0.2613636363636364
77657,0,0.1153846153846154
77677,0,0.7333333333333334
77699,0,0.3372781065088757
77784,0,-0.1025641025641025
77830,0,0.069767441860465
77862,0,0.0434782608695651
77899,35,0.0
78216,0,-0.1463414634146341
77978,35,0.1599999999999999
77987,9,-0.1911764705882352
78034,0,0.1448763250883391
78050,0,0.0204081632653061
78051,0,-0.0428571428571428
78210,0,0.2966101694915255
78200,0,0.0909090909090908
78156,0,-0.0428571428571428
78209,0,0.3333333333333332
78816,0,-0.0263157894736841
78937,0,0.0462962962962962
79042,0,0.0667655786350147
78975,42,0.2248803827751195
78999,0,0.0718954248366012
79007,0,-0.1724137931034483
78963,9,-0.0454545454545454
78956,0,0.1728395061728396
78953,0,0.0333333333333334
78993,0,0.1851851851851851
78972,0,0.0612244897959184
79121,0,-0.0379008746355684
79156,0,0.024390243902439
79168,0,-0.1111111111111111
79181,0,0.0
79195,0,0.0865384615384614
79300,0,0.0689655172413792
79307,0,0.0270270270270269
79272,0,0.0315315315315314
79276,0,0.0
79411,7,0.2116788321167884
79375,7,0.0
