firms,clusters,mom1
54594,0,0.0405851816894762
13056,0,0.0438413361169103
14526,0,-0.0349090909090908
11581,0,0.1112426035502958
15203,0,-0.1316685584562996
16126,0,0.0226115298431452
16249,36,-0.0266666666666667
17137,0,0.0235148514851484
85914,36,0.0313152400835072
20670,0,-0.057017543859649
64899,0,0.0494479116658665
23660,59,0.0396333243461848
23975,59,-0.0182843804707254
82542,0,0.0902255639097744
30680,0,-0.0732217573221757
56274,0,-0.015748031496063
31668,15,0.0122448979591835
32046,59,0.0561732007021651
47511,0,0.0133010882708586
60628,0,-0.0163952344518526
57330,0,0.1028571428571427
37875,0,0.0527603074772884
20765,0,0.0928961748633878
17144,36,-0.0381621893045441
39328,0,-0.064705882352941
41452,0,0.0102580043518805
89888,60,-0.0800865800865801
84226,0,-0.0244280728964714
86804,0,0.0992767915844836
64020,15,-0.0498084291187739
51423,0,-0.0049545829892649
67002,15,0.0934343434343434
52090,0,-0.0017807677087454
53613,0,0.1257406188281766
54114,0,-0.004739336492891
55213,15,0.0359520639147803
57665,0,0.037792095393788
91205,60,0.186206896551724
35107,0,-0.0615739216331906
61621,0,-0.0066645509362107
51692,0,0.1041800643086816
64742,0,-0.3156146179401993
65307,0,-0.0463443867359169
66852,0,0.0123864574731626
46922,0,0.1079136690647482
67193,0,0.0051482701812191
77354,0,0.0359200271094544
69199,0,0.0546938775510204
38850,60,0.2962962962962965
72486,0,-0.0065993788819876
44951,60,-0.0549927641099855
74500,0,0.0588942307692308
74740,0,0.1524324324324324
65752,0,0.0483042137718396
40694,0,0.0822136916186819
65306,0,-0.0049685326266976
92874,0,-0.0409165302782323
81294,0,-0.0150891632373114
19502,0,-0.0059952038369305
81614,0,0.0878661087866108
51086,0,-0.0240700218818381
83601,0,-0.0836501901140683
62042,36,0.0194690265486725
21785,15,-0.0100199999999999
10044,0,0.0842956120092379
10104,0,0.0370436015597306
75510,0,0.0626817447495962
70092,36,0.2660753880266076
75033,0,0.0055031446540878
12211,0,0.0729592671356127
75434,21,-0.0635294117647058
80297,36,-0.0519480519480519
75976,0,0.0653976051581211
77488,0,0.0936170212765956
76858,36,0.2391304347826088
76568,36,0.2058394160583943
76605,0,0.0764631769575716
76752,0,-0.004714959279897
79580,61,-0.0319148936170211
77637,0,0.0
77669,0,0.086997635933806
79094,0,0.139894086496028
87055,59,0.0460678254527775
79866,0,0.0350676140270453
80032,36,0.0663227708179807
80719,0,0.1361797752808988
81138,0,-0.1864148063346689
91364,0,0.0515021459227469
81655,0,0.1116197950730326
82777,0,0.0445935280189424
83148,0,0.0447761194029849
83597,0,-0.0104166666666665
20598,0,0.014760147601476
89508,0,0.0085441998028261
84746,0,-0.0029325513196482
84785,0,0.0459231490159326
85040,0,0.2730158730158729
85982,0,-0.0434619707755713
85272,60,0.0666666666666666
85394,0,-0.0303075768942236
85796,0,0.0080367393800226
87092,0,0.1112389719984656
87184,0,0.0666379124433902
87214,0,0.0282258064516127
88668,0,-0.0569165143205362
88841,36,0.0523349436392914
88873,0,0.0319872051179526
89216,0,0.0680061823802165
89900,0,0.1395798783858484
90386,0,0.031802751474004
90992,59,0.0568842199374159
92121,0,0.1041206769683591
92378,0,-0.0738705738705738
90179,0,0.0046296296296295
11157,0,-0.0710059171597632
47730,0,0.0460829493087557
13777,0,-0.0735785953177258
38746,60,0.4266666666666667
60871,0,0.0020444671607462
14198,0,0.0038780186849991
14702,0,-0.0020366598778004
15537,0,0.004670807453416
68830,0,0.1933852140077823
49373,0,-0.0036674816625915
18570,0,0.0421976777116963
18973,0,-0.0129749768303985
19271,0,-0.2105734767025089
29938,0,0.0001258494840172
10866,0,0.1407407407407408
25320,0,0.0511041009463721
21726,0,-0.063005983808518
21742,0,0.0056929721240674
11267,59,0.0111898545318911
86474,0,-0.0523821989528795
22825,0,-0.3604687994931896
26201,15,0.0456902138690862
65541,0,0.101746603825894
27562,0,0.0613918017159198
27677,0,0.1200000000000001
27909,0,0.1470911086717892
63546,60,-0.036232768085885
49154,0,0.1157252509348552
19350,0,-0.0373766686012768
49429,21,0.3816949152542372
61313,0,0.0156293222683265
80971,4,0.0180288461538462
12008,0,-0.0042115114646701
31500,15,0.1214480342545736
33209,4,0.0117647058823531
50788,59,0.0621422730989371
77462,0,0.1270406648857227
37058,0,0.0610079575596818
62228,0,-0.0560093348891482
59010,0,0.2307692307692306
83233,0,0.0569659442724457
32678,59,-0.016546762589928
23077,0,0.016586306653809
27828,36,-0.0954253037884204
66181,0,0.0716377562514078
32870,36,-0.0107713690062544
42922,0,0.0110309715740346
12503,0,-0.0348810348810348
89757,4,0.6530612244897958
47571,0,-0.1122994652406416
16678,0,0.001262626262626
48291,0,0.0104790419161677
48347,0,0.0842185128983308
64282,0,0.1115623506927854
60097,0,-0.0116670987814364
52813,0,0.0930064888248018
60548,0,-0.1544327931363204
53197,0,-0.078549848942598
56777,0,-0.0187741057248733
57809,0,0.2123952359947065
57817,0,0.0858647225597406
79611,0,0.162411732753938
59185,0,-0.0095283468318246
34948,0,-0.0104064402120558
60709,0,0.0005372011818425
35051,0,0.0631702412868633
18403,0,-0.0469314079422381
35238,0,0.0026666666666665
13936,0,0.1013084596450317
49971,0,-0.0157958687727826
64785,0,0.0337931034482759
62033,27,-0.0283556788411157
91556,0,0.0493900039354584
50948,0,0.0080758426966291
70923,0,0.0492610837438425
42585,59,-0.043919776593044
72005,36,0.0800744878957169
76081,0,0.0622961513372473
60580,59,0.0686228111689539
37807,59,0.0719241443108233
80179,60,0.0222816399286986
80857,0,-0.0486879544736009
59627,60,0.1516853932584267
55976,0,-0.0371577574967405
82924,0,0.0002203128442388
83011,0,0.0764082543223647
15456,27,0.1116615853658538
79672,4,0.1263157894736841
40539,0,-0.462723803933079
10025,0,0.0559927360774819
10182,59,0.030046224961479
10259,60,-0.0464344941956882
10501,36,-0.00070323488045
77420,0,-0.0610169491525424
10514,0,-0.0526315789473685
10659,0,0.0408268733850127
10645,0,0.0562632696390656
75527,0,0.0493273542600896
89105,0,-0.0411291211820488
71837,0,-0.0136421487264005
11154,0,0.0218658892128278
11343,0,-0.034157832744405
11379,0,-0.0031645569620254
11174,0,0.1758039008961518
75100,0,0.0189655172413794
11081,0,0.004062681369704
89609,0,0.0407407407407407
12266,0,-0.0421385572900724
75489,36,0.0020505809979494
75905,0,0.0901137357830272
76052,0,0.0816000000000001
76076,0,0.0119623313820309
84184,60,-0.0304687499999999
76671,0,-0.0152514427040396
76217,0,0.0
90751,0,0.1286772063237942
77007,4,0.10126582278481
76839,59,-0.0430364614465031
76847,0,0.1822660098522168
77045,0,0.0121951219512193
77501,0,0.0333048676345002
77530,15,-0.0110344827586207
77584,0,0.0295668118267247
77699,60,0.5204081632653061
77830,0,0.0241149307337096
77862,0,0.0408777969018934
78216,0,0.0788547858789274
78034,0,-0.0083876980428703
78050,60,0.0781893004115226
78200,0,0.1415168100078185
78881,0,0.1455384615384614
78975,59,0.0248051027639972
79007,0,0.0356012658227846
78963,0,0.3120629370629371
79195,0,0.1216216216216217
79307,0,0.0948905109489051
79411,0,0.0473506200676439
79667,36,0.1027340513670256
79881,0,0.0713207547169811
79922,60,-0.0864197530864198
79797,0,0.0046728971962615
80114,0,-0.027972027972028
80274,0,0.0455764075067024
80233,0,-0.1773308957952467
80432,0,0.0319375443577003
80544,0,0.0783246073298429
81165,0,0.0637232589895313
81212,0,0.0637813211845104
82598,0,0.1393746687864334
83399,0,-0.0056498771151727
83391,36,0.0756363636363637
83333,15,0.0816326530612243
83704,4,-0.0455050505050504
83808,36,0.03714859437751
83822,15,0.155
83896,61,-0.1546162402669633
83976,0,-0.0032651284283847
84084,27,0.0212810348424787
84275,0,0.0333711691259932
84255,0,-0.0431754874651809
84416,60,0.0681818181818181
84588,0,-0.0346250859894519
84519,0,0.0230240549828177
85019,59,-0.057577403585008
85390,0,0.0172379234315493
85464,0,-0.0451895043731779
86189,61,-0.0062111801242236
89606,0,0.019455252918288
86580,0,0.0257278266756939
86594,0,-0.027997565429093
91014,4,-0.0092532012337601
86881,0,0.0303030303030302
86959,60,0.0881418092909536
89416,0,-0.0033195020746888
90539,21,-0.0158102766798416
87255,0,0.0843373493975903
87390,0,0.0014807502467915
87432,0,0.0270779373675535
90640,60,-0.088757396449704
88172,0,0.1159618008185539
88458,0,0.2314049586776858
89301,15,-0.0248287671232876
89397,0,-0.027934936350778
89447,0,0.0110294117647058
89540,0,0.0861441397719
89908,0,0.1431034482758622
90215,59,0.2256849315068492
90387,36,-0.0645161290322581
90679,70,-0.0561529271206688
90657,0,0.1215456674473067
90715,38,0.100140056022409
90706,60,0.2044444444444444
90807,0,-0.3417721518987342
91547,36,-0.0497667185069983
76020,3,-0.032258064516129
91733,0,0.0218873340509508
91888,21,-0.0261496844003605
92203,0,0.0616188816727387
92322,51,0.0931057124097174
92471,0,0.0586095392077608
48020,60,0.0410287813839558
77186,45,0.0391752577319588
91964,60,0.1672473867595818
11499,59,0.1242138364779874
81912,0,0.006079027355623
10517,0,0.0499812100714018
20482,0,0.0454293628808863
10656,0,0.1263586956521738
60038,0,0.0003999999999999
10779,36,-0.0229007633587786
61487,38,0.0875950694990819
61241,0,0.0953800298062592
88845,0,0.0700228832951943
28222,0,0.0251050778143813
11368,0,0.0276548672566372
28804,0,-0.0993038224090372
11587,0,-0.1570849871107655
11691,0,-0.0188160676532769
11790,0,0.0051858254105445
71271,0,0.1219630163482627
10145,0,0.0263611302549966
45911,0,0.2497683039851714
24643,36,0.0009842519685039
28484,0,0.1531083481349913
90893,0,-0.122037914691943
81073,0,0.07671629445823
10225,0,0.0529535461670807
12758,0,0.0080128205128207
24109,0,-0.0492922143579374
59176,0,0.0548464299960111
66800,0,0.1636798088410991
13507,36,-0.0102951269732326
58560,0,0.0167832167832169
13769,0,0.0505270810614322
11144,0,0.0991350632069194
85257,0,0.0127659574468086
14008,0,0.0011776829088767
64864,61,-0.2287917737789203
18075,0,-0.011188811188811
14219,70,-0.1671641791044776
14227,0,0.0068886337543052
83112,0,0.0634254689042448
39490,0,0.0915250809061489
14593,0,0.1883105242658929
14761,0,-0.0075093867334168
10516,15,0.0897659797415297
14868,0,-0.0050005556172907
77595,36,-0.0176600441501103
29209,0,-0.0276095906999274
24272,0,0.0079289565493181
15457,0,0.0
15553,0,-0.0395085521561069
15721,0,0.0343627664201828
44644,0,-0.0083972252646951
16030,60,0.0705521472392638
44601,0,0.1233885819521178
27684,0,0.0249498135933468
40416,36,0.051772650534609
53110,0,0.0009334163036713
52484,0,-0.0146998775010207
75034,0,0.0234072867901484
10318,59,-0.2798625792811839
57568,0,0.0208863983698421
46877,0,0.0118893212278428
39693,59,0.0952945828390667
47423,0,0.1421568627450979
27887,0,0.0477649603460708
29612,0,0.0412130637636081
39642,0,-0.0279301109552352
17444,0,-0.0729411764705882
65875,0,0.0119490175252257
65509,0,-0.0349932705248989
43772,0,0.0028772378516623
17778,0,7.631969472132738e-05
61508,0,0.0084921496988248
18033,0,-0.2055335968379447
61946,0,-0.027251184834123
65154,0,0.0444579780755174
19561,0,0.0103801563763816
42024,4,0.0126582278481011
18650,0,0.1509591326105088
52230,0,0.0267244492596605
60898,0,-0.0038461538461539
19393,0,-0.0021712158808933
10874,0,0.1204311152764761
55597,0,-0.0020401224073444
19880,0,0.0798035604665439
10890,0,-0.1092036242250834
20117,0,0.0233236151603497
45655,0,0.0026720106880426
64186,0,-0.0160606736560339
67838,0,-0.0849673202614379
20336,0,0.0
62148,4,-0.0682926829268292
28564,0,-0.010934393638171
86290,3,-0.1967899511514306
46690,0,0.1190607734806628
20504,0,-0.0430107526881718
20750,4,0.0411924119241193
21371,0,-0.0343946084127353
27334,0,0.0224177666038132
23114,0,-0.0230075464752438
20618,0,-0.0224847560975609
30402,36,0.1041465766634521
18542,0,0.0466458944281524
89792,0,-0.0096639578300021
22437,0,0.1721167369901546
64557,59,-0.0321931589537223
63503,0,0.0019903326698891
60599,0,0.0869565217391303
22374,59,-0.0658809307948021
90011,0,-0.0317557877484122
22921,36,0.0551330798479088
64194,0,0.1011756323477022
23182,0,-0.0453277545327754
14541,0,0.0581846392552365
30509,0,0.0329729729729728
23297,0,0.067311411992263
23393,36,0.0522371611196827
79026,0,-0.0670241286863271
68320,36,0.1904761904761904
47677,0,0.0869565217391303
86685,0,0.0653696498054474
27422,0,-0.1213840830449827
46578,0,-0.015292746868628
24193,36,-0.0208333333333332
11995,0,0.0563934426229508
11308,0,0.0345031837701761
24441,0,0.0281995661605205
24476,0,-0.006980490424199
30648,0,-0.1454683929931455
61735,0,-0.0334503406979144
89525,0,0.1062829194883372
25452,0,-0.0221625251846877
25487,0,-0.1010452961672473
25778,0,0.0484871993793638
40125,36,0.2295780100658151
26084,27,0.0186980609418283
79618,0,-0.1389396709323582
26463,0,-0.0513495720868992
11404,0,-0.0145861601085481
41929,0,-0.0689981096408316
26607,0,0.0367985300803153
26650,36,0.044055944055944
23229,0,-0.0192395785616124
30840,36,0.1076794657762938
91983,0,0.1239464551313831
21979,0,0.0355209742895805
27430,0,0.102257636122178
59248,0,0.0244812310561901
22293,36,0.0132090132090132
27474,0,-0.1285367825383994
20204,0,0.011875
27618,0,-0.2253521126760562
38420,0,0.1046263345195728
53575,0,0.0020140986908359
17726,0,0.0249514832270585
59256,0,0.0839052016633077
31077,0,0.0337370242214531
41080,38,0.1593269230769229
18091,0,-0.0056209850107066
19828,0,0.0810234541577825
28629,15,-0.0679611650485437
29050,0,0.0646248946333238
29058,36,-0.0093042926622965
29103,60,0.0185185185185186
91926,0,-0.0701421800947867
29285,0,0.1167155425219941
61743,0,-0.0351974970668751
11674,0,0.0146588987032512
76708,36,-0.0590572033898304
29867,36,0.268041237113402
40440,0,0.2347743767750079
79322,0,0.0329113924050632
44943,0,-0.0364623739332816
26403,0,0.0794344473007713
10886,15,0.2228571428571428
64936,0,0.0085931254996003
38682,36,0.216549295774648
30593,15,0.0210526315789472
25953,0,0.0096199337643905
20626,0,0.0
30681,0,0.0839728129796097
11703,0,-0.0007860090391039
63132,36,0.0567474048442906
27959,0,-0.0183012670107929
88590,0,-0.0019321338002655
30940,0,0.0762458019424525
31051,0,0.0124999999999999
31070,0,-0.1886120996441281
31078,0,-0.0598290598290597
42200,0,0.1259382819015846
63159,0,0.0
31480,0,-0.0471464019851116
11762,0,0.0644503365286559
70578,0,-0.0072799470549305
82855,0,-0.0594827586206896
32054,0,-0.0882740447957839
32062,0,-0.0075566750629723
22103,0,-0.020825223822499
81124,0,0.1468926553672316
23042,0,-0.042246759481517
32540,0,0.0019157088122607
32548,36,0.1038062283737024
26470,0,0.1050446335893708
32791,0,-0.0454002389486258
32986,0,-0.0518358531317493
52476,0,0.0787785476007185
24328,0,0.0494853523357086
33532,0,0.0299785867237687
31691,0,0.0167714884696015
42550,0,-0.1561589805263887
87696,15,0.0479041916167666
87717,0,-0.0218365061590145
33823,0,0.0095022624434388
87725,0,-0.01875
11850,0,0.0329591593026032
19166,0,0.0678679326715578
24205,0,-0.0056808688387636
34367,4,0.1092184368737474
47706,36,0.1111111111111109
21135,36,-0.1789940828402366
34666,60,-0.0952380952380953
34818,0,-0.1763392857142857
35044,36,0.1034482758620689
54244,0,0.0828571428571429
36768,59,0.2042253521126762
88924,36,-0.0108527131782946
88853,0,0.0753911806543383
37154,0,0.1834319526627219
25785,0,-0.0032206119162639
45241,0,0.0232850849590937
37234,60,-0.0053846153846154
37402,0,-0.0137307434695244
37568,0,-0.0009988014382741
37584,0,0.1111215834118757
58421,0,0.0
37955,0,0.0143031040779062
12036,59,0.0128085700978108
38093,0,0.0233953209358126
47941,0,0.0472829922371207
12052,0,0.058849045691151
12060,0,0.0181721004810262
55212,0,0.0504093063334769
38659,0,-0.1198362486043915
46674,0,-0.0172467858262778
39029,0,-0.0378787878787879
57154,0,0.0561569688768606
32299,0,0.6421428571428569
12140,0,0.0097795591182363
16432,0,-0.0107692307692308
53604,0,-0.0799872530274059
85908,0,0.0638774747852073
39571,0,0.1130926489778165
60468,0,0.0692025664527955
52695,0,0.0890740752294181
39731,0,0.0172413793103447
84808,59,0.0988626421697289
23819,0,-0.0051658510059814
54084,60,-0.2215189873417721
40970,36,-0.1111111111111111
25582,0,0.0641463414634146
25304,36,0.0
52978,0,0.0117444858206818
41188,0,0.1721475409836066
10294,0,-0.1091492776886036
41241,0,-0.0222053999495333
41292,0,0.0422685928303905
76927,36,-0.1365528726061615
32651,0,-0.0342205323193915
32707,0,-0.006643979906012
16600,59,-0.0062213490504255
91575,59,0.0514705882352941
61567,0,0.0079776625448744
52716,0,0.029082096334444
32803,0,0.1121336059986368
42140,0,0.1350515463917525
42439,0,-0.0681901953556947
42455,0,-0.0424890350877192
91207,59,-0.0062684365781711
21792,0,0.055224688684353
32934,0,0.0912757693456827
42877,0,0.0027413354219698
88795,60,0.1729729729729729
12570,60,0.1476540938362465
80210,0,-0.0264596544937676
21928,0,-0.0396204033214709
56573,0,0.0501602866302093
43634,0,0.0363636363636361
43757,0,0.0113636363636364
51633,0,0.0220356768100733
12431,0,0.1413852318259876
44274,0,0.031634446397188
46463,0,0.0722166499498493
44506,0,0.0916271721958925
59328,59,0.0174110522331565
77855,60,-0.0532544378698224
12490,59,0.0214433529884032
40272,0,0.0218598817416233
45277,0,-0.0571249215317012
45306,0,0.0144733315465022
21573,59,0.1287732819524727
27705,0,-0.0153508771929825
45373,0,0.1409601634320736
45437,0,-0.0549450549450549
45560,0,-0.0291262135922331
53065,0,0.1345595353339788
45728,36,-0.0333723653395782
46042,0,0.0324999999999999
46077,0,0.0615173255991452
46181,0,0.0478790424191517
52329,0,0.0326184092940124
82694,0,-0.0357266736038847
22111,0,-0.0125929297526929
42534,0,0.0270695624803274
46886,0,-0.0532185482293092
46923,36,0.0022222222222223
46950,60,-0.294392523364486
47002,0,0.10651267244145
42067,59,-0.053177691309987
47088,0,-0.0105067985166871
24432,0,-0.040737148399612
12650,0,0.0136946386946386
24053,0,-0.0323488045007033
47205,15,0.1025791324736224
26825,0,0.0571486268174474
47379,0,-0.0717821782178217
44134,0,0.0686615634423568
47619,0,0.7379036136851893
47715,0,0.013157894736842
17750,0,0.018446059250978
59045,0,0.0277070540661974
48072,4,0.0143112701252237
48144,0,0.0416281221091581
89456,0,-0.0281293952180028
49488,0,0.1475035663338089
48267,0,0.1360634081902245
12781,0,-0.0136821891502638
48486,0,-0.020896924160601
48523,0,-0.0621672183047919
48531,0,-0.0226382237701349
48961,0,-0.0285884455032757
50286,60,-0.1503759398496241
60943,0,0.0545200372786578
65330,0,0.0753828032979977
20415,0,0.0262968299711814
50876,0,-0.0125817815802717
81678,0,0.0754365541327124
49905,0,0.0516129032258063
21178,0,0.0739795918367347
56223,0,-0.0410798122065727
76489,0,0.0587609678277054
62906,60,2.603174603174604
59774,0,-0.0329087048832272
33849,0,0.0484472049689439
66245,0,0.2401614530776992
23835,0,0.0149672591206735
50623,0,0.0711014176663031
50789,0,-0.0222915737851092
89790,4,0.3597430406852249
51263,15,0.1711309523809525
81311,59,-0.0652741514360313
15069,0,0.0796431984708505
45751,0,-0.0123456790123457
34032,0,-0.0157415078707539
51829,0,0.0079787234042554
39538,0,0.0464516129032257
51925,60,-0.0668001000750563
51960,0,-0.1109481915933529
43449,59,0.0023220595658759
89915,59,-0.002826633165829
17478,0,0.0117391304347826
81061,0,0.0219040626529614
52250,36,-0.0474755927475593
10507,60,0.0226415094339622
17005,0,0.0802395209580839
22752,0,-0.0026130128037628
42796,0,0.0447761194029849
53074,0,0.2033745781777278
87437,0,0.0229007633587785
89857,36,0.3663380281690143
53373,36,0.0193548387096773
53480,0,0.0446590223295111
53640,0,0.0576339737108191
24010,0,-0.0396367829345633
53859,0,-0.0248808893594494
54253,0,0.0796719390743994
91109,60,-0.0928753180661577
22592,0,0.0102640987198707
24248,0,0.00313630880579
54675,0,0.0810810810810809
54704,0,-0.1700182815356489
54827,0,0.0249621785173979
76591,0,-0.0083916083916084
42614,0,0.0306863434059498
22779,47,0.0730446024563671
28345,0,0.0728187919463085
65365,0,0.0007513148009015
69550,0,0.1296385542168674
59408,4,0.1178120617110798
84372,0,0.159636946075814
13303,0,0.0709117221418234
90377,0,-0.1333333333333333
55993,0,-0.0724137931034483
56040,0,-0.0821636425881547
78900,0,0.0023877745940781
25590,0,0.000994431185362
52337,0,0.0680529300567107
58501,0,0.0653061224489797
34497,0,-0.1138968481375357
56945,0,-0.0100671140939597
38658,0,-0.0320987654320987
64450,0,-0.0215842414082145
47466,0,-0.1154362416107382
60986,0,-0.0092041147807253
21207,0,-0.0334255042290175
34673,0,-0.0331695331695331
57534,0,-0.0942578548212351
61815,0,-0.0299990066554086
64311,0,-0.0457063711911357
28118,0,-0.0430528375733856
44206,0,0.033093525179856
38762,0,0.0558732952045755
23931,0,-0.0041353383458647
24766,0,0.0303186907838071
58318,0,0.2823232323232323
58334,0,-0.037434279705573
90458,0,-0.0116676152532727
34817,0,-0.0215778826702629
58836,0,0.0833333333333334
34833,0,0.0461060439009723
72611,0,0.2000000000000001
58975,0,0.1168964807573573
67029,0,-0.0259740259740259
59089,0,-0.037708927843457
23026,0,0.0490288962576976
13610,0,-0.0527027027027026
63714,0,0.0715808711544319
59871,0,0.0658047493403692
60098,0,-0.0384789497510186
51457,60,-0.3036978756884344
60186,0,-0.0147977638934561
91531,0,-0.0622222222222222
77157,0,-0.0062370062370062
44230,0,0.0496192893401017
90531,36,0.175150992234685
22509,59,0.0186425541415495
60506,0,0.0409502262443437
13688,15,0.0250860796851943
86136,0,0.0411247803163445
61138,0,0.027693159789532
61146,0,0.0912951167728237
61269,0,-0.0575521487811007
58675,0,-0.0261538461538461
41355,0,0.1131631135349529
61496,3,0.0786713286713287
57509,36,-0.0770567786790267
61787,0,-0.2551066727190195
61955,61,0.0561555075593951
22517,0,0.0273479668945664
62034,0,0.0456273764258554
13856,0,-0.0415714938328004
50550,36,0.0388413429888083
62341,0,0.0452939286861548
62368,0,-0.1028738025822575
21936,0,-0.0128504672897196
21776,36,-0.0178481649069884
52898,0,0.0067996373526746
13901,0,0.0598591549295774
13928,0,0.1222694619557249
62958,0,-0.0934449093444909
63125,0,-0.011056511056511
89968,4,0.1047191011235955
24459,36,-0.044280442804428
80185,59,0.0016111707841028
23501,0,-0.0111902339776194
63715,0,-0.0542255552350736
63830,0,0.0229105585844671
18163,0,0.0726522842639594
64486,0,0.1103558576569372
55511,0,0.0095451993262212
23712,0,0.0145023071852341
64929,0,-0.0697516930022572
64961,0,0.0579388560157789
65008,0,-0.1403336604514229
87043,0,0.0436507936507934
27756,0,-0.0031120331950208
65270,0,0.0068933823529411
69649,0,0.0105714285714284
66683,0,0.0498360655737706
65700,0,-0.0221579961464355
24942,0,0.0527193165242758
58771,0,0.1890082790206093
76711,0,0.0099183197199532
76282,0,-0.0469798657718121
66617,0,0.0663082437275985
80294,4,-0.0054189944134076
84381,0,0.0270964427892641
35991,0,-0.0348685922456413
36003,0,-0.0528284244974286
89142,0,0.5476519337016574
45495,0,0.0840929138488679
67847,0,-0.087624802942722
54818,0,0.0153693604362914
66050,4,-0.1282798833819242
27633,0,-0.0541933191186922
68196,0,0.0751224823081109
54199,0,0.0084423807513718
41320,0,-0.0385690329793181
76149,15,-0.0241128298453139
68591,0,0.0098297770318867
22840,0,0.0574412532637076
23085,0,0.0037921035021191
36281,0,-0.014627724518648
85926,0,-0.0150526843953838
41574,0,-0.1453216500482007
51625,0,0.0216216216216216
50243,15,0.1823535948438714
88742,36,0.0121580547112463
36468,0,0.0576232953962883
49138,0,-0.1186363636363636
70536,0,0.0551146384479717
70616,0,-0.0592948717948718
65402,0,0.0630885122410547
60206,59,0.0817554415147763
71176,0,0.0492012779552717
26614,0,-0.0524781341107871
63335,0,0.1165919282511211
15720,0,0.0202241715399609
71475,0,0.0190765828034282
18411,0,-0.0300702370500439
58683,0,-0.0626304801670145
66093,0,0.0401224073444406
63765,0,0.0616570327552987
71942,0,0.0918032786885245
71985,0,-0.0593080724876442
17523,0,0.1004672897196261
72232,0,0.1538461538461537
72304,0,-0.0422405876951332
39220,0,0.0981150314161429
72494,60,-0.2189054726368158
43481,0,-0.0468944874033425
43350,59,0.0943288686235392
18438,0,-0.1269565217391304
36898,0,0.0173376774493834
72980,15,-0.0373626373626373
73139,0,-0.0322929821396356
73219,0,0.0537200504413619
14656,0,0.0070385818561002
52396,0,-0.0049532195927354
47861,59,0.0145278450363195
73681,0,-0.001082251082251
73817,36,0.1734693877551019
66739,0,-0.0941176470588234
43334,0,0.1579925650557621
52038,0,-0.0229159747592161
37161,0,-0.0055401662049862
62420,0,-0.0238095238095238
74406,0,-0.1674718196457326
15560,4,-0.0125348189415042
74836,47,0.4051841746248295
44513,60,0.0731707317073171
74908,4,-0.2406015037593984
74932,60,-0.0434782608695651
57007,0,0.0252631578947368
43123,0,-0.0334875523243005
44329,0,-0.0313776760908643
63773,0,-0.0391634980988593
75257,36,0.0421052631578948
75460,59,0.0665280665280665
84375,0,0.1993769470404984
51369,0,0.0042813455657493
37284,0,0.0599280862964441
15579,0,0.0299567634342186
23579,0,0.0796703296703296
62092,0,0.0703213610586011
76100,0,0.1722731906218144
50606,0,0.1049210770659239
14795,0,0.0731107925455663
14816,0,-0.0408415841584157
62308,0,0.0606525071162689
76639,0,0.0205223880597014
76946,0,-0.0008403361344537
61209,0,-0.0678362573099415
55001,0,0.1048951048951047
92583,36,-0.1054852320675105
48389,0,-0.0126140633387009
59600,0,0.033301002263175
45356,0,0.0170755642787046
76185,0,0.0751494449188727
77730,0,0.0144849785407725
91103,0,-0.1060606060606061
17929,0,0.0497956150130063
50278,0,0.0607533414337788
79244,0,0.1098130841121496
77973,0,-0.0752248569092395
78044,0,-0.1479958890030833
24985,0,0.0135903919089759
48725,0,-0.0355174525413349
63781,0,0.0512707182320442
89329,36,0.0910125142207054
78749,0,0.0149999999999999
92655,0,0.0764626375748214
53663,0,0.0193753614806246
87447,0,0.0177131526768008
79039,0,-0.0323529411764705
79303,36,-0.1017630683575626
17830,0,0.0704530950861519
39087,4,0.1650943396226416
79338,36,-0.0607685433422698
67360,0,-0.0372783206659427
59619,0,-0.0663806158505804
16555,0,0.0236185383244205
79573,15,-0.036144578313253
79637,0,0.0804068781787357
79776,0,0.0392491467576792
43553,0,0.1107307695847008
79864,0,-0.0679130103014117
80128,0,0.0587169955199695
27043,0,-0.0094124791255504
81116,0,0.1077427283900041
61700,36,0.0381231671554251
57808,59,-0.001628664495114
15202,0,0.0159598723210214
81510,36,0.0872483221476509
86008,0,0.067251461988304
21231,0,-0.0426729191090269
53225,0,0.0401098476435755
24969,0,-0.0252565114443568
46068,59,0.032671272308578
81702,0,0.0810185185185183
42059,0,0.0139578897563281
79066,60,0.3421052631578949
62498,0,0.0276679841897233
66384,0,0.0797799174690507
59467,0,-0.1314049586776859
38033,0,-0.0760095011876484
39917,4,0.0434565434565434
25419,36,0.3912002945508099
38156,0,0.0367800138792504
64135,36,0.0063956144358154
66747,0,0.0423600605143721
58819,0,0.0058976173625855
25099,0,0.0023116933153535
42286,0,-0.0243028907649015
84403,0,0.0426393520724155
27983,0,0.0619354838709678
63079,0,0.1781767955801103
59483,18,-0.2646822204344328
88857,0,-0.0258572231590782
84129,0,0.1289364230540701
84161,38,0.0842283776144714
90756,0,-0.0399505766062604
72996,36,0.040765391014975
87426,59,0.0550635348479013
86191,36,0.3021978021978022
88664,0,-0.0134502923976608
87856,4,-0.089820359281437
15318,0,0.0626003210272871
85586,0,0.1103448275862069
90916,0,0.2076923076923076
35917,0,0.0625
70332,0,0.0421209117938554
10116,36,-0.0211480362537763
10147,0,0.0749223602484472
10100,0,-0.0895522388059701
38149,0,0.0170535291331122
87637,0,-0.088235294117647
69032,0,-0.0058981233243967
10138,0,0.0648340248962655
10107,0,0.0748391466305451
10200,0,0.0997506234413965
89954,59,0.029104643412575
10302,0,0.0031986042454201
10299,0,0.0045004500450045
12217,0,0.0006153846153846
10363,60,-0.0371498172959805
10333,0,0.0863309352517986
10382,0,0.1221170904790065
10397,0,-0.0730960581706851
10257,45,-4.90172050388038e-05
76565,0,0.1513260530421216
10463,36,-0.0885416666666666
70033,0,0.0540846345326997
10421,0,-0.1078125
91204,0,-0.0120288692862871
79698,0,0.0619889211289896
10606,0,0.0256809338521402
10550,0,-0.1450763358778626
79785,0,-0.0018031013342949
75070,0,-0.0819744380784487
89849,0,-0.0758754863813229
10547,0,0.0161290322580645
68857,36,-0.0219931271477663
76123,4,0.0087664370695053
79903,0,-0.094300518134715
10667,0,0.2428023032629558
10355,0,0.0618055555555556
10661,0,0.2381679389312976
45225,21,0.0640074211502783
10693,0,0.055469155002592
10649,15,0.0794392523364486
79909,0,0.0669603524229074
75517,0,-0.0439761795693998
10696,0,0.0542216568611861
10772,0,0.4654545454545455
89386,15,0.0575842696629214
10644,0,-0.0363636363636362
89891,36,-0.0429042904290428
70500,0,0.0787607316162746
75224,59,0.1642180094786729
89659,36,0.1323076923076924
35124,36,0.0830985915492958
71191,0,-0.0691803278688524
10853,0,0.2144944476914085
22323,36,-0.1269841269841268
10026,0,-0.0168528316676465
10812,0,-0.0236167341430498
10909,0,0.2125143701757266
88779,60,-0.0467289719626168
90441,59,0.0552310143388212
75222,21,-0.0796005706134094
10860,0,-0.0980215827338129
10443,60,0.0948905109489051
10032,0,-0.0419657647708446
70308,59,0.0430761434182185
85570,0,0.0684104627766599
11701,0,0.0246559633027523
10001,0,0.0009686098654708
11038,60,-0.43671875
75215,0,0.0574555403556771
76672,0,0.199203187250996
77453,0,0.125
10838,60,0.1470490163387794
11292,0,0.0191489361702126
87816,0,0.2417218543046357
64390,0,0.0562130177514792
65294,0,-0.0176668536174984
12173,0,0.0172910662824208
11378,0,-0.0752753977968176
11403,59,0.1145833333333332
11478,0,0.198844701177516
85991,0,0.3105121293800537
11481,36,-0.059725585149314
75470,0,0.016325257356764
11552,0,0.0087357270601184
75107,0,0.1286486486486486
11547,0,0.0149659863945579
87514,0,0.0833333333333334
90196,4,-0.0999999999999998
89048,61,0.192982456140351
11600,0,0.0257021727609962
75104,0,0.0517300445357997
11043,0,0.0473251028806582
11654,0,-0.3030634573304158
11638,0,-0.0437254044599912
11641,0,0.070344009489917
11394,0,-0.0019762845849802
75526,36,0.2144373673036093
11533,0,0.1169977924944811
11707,0,-0.1526717557251908
11775,0,-0.0335097001763669
11781,36,-0.017391304347826
75233,0,0.0425043078690405
75186,36,0.1914163090128755
89686,59,0.0078969957081544
11809,0,0.0584712371946414
11731,0,-0.0041631973355535
11825,0,0.0837155963302751
75261,0,0.0808510638297872
75272,0,0.0016666666666667
11599,0,0.0269607843137253
89502,0,0.0207803857078785
11618,0,0.1285347043701799
11896,59,0.0391207153502235
84769,59,0.0281094984383611
10180,0,0.0933682373472948
11884,0,0.010179640718563
75182,0,0.0257763975155278
75577,0,-0.0331741643629052
75241,0,0.1041289023162135
75320,0,-0.0595160235448004
75285,0,0.0737970580902518
10901,0,0.139272271016311
75316,0,0.1732776617954072
11903,0,-0.0604703247480402
11891,0,0.0551724137931033
11955,0,0.0063291139240506
89715,61,0.6862170087976538
84176,0,0.1239669421487601
11752,0,0.0165145588874402
81774,36,-0.0789872322008222
12149,60,-0.215219976218787
12248,0,0.2482888432580423
12067,0,-0.0142099681866384
75573,36,0.2087912087912087
11976,0,0.0325427468284611
75326,4,-0.0595980595980595
84387,0,0.127208480565371
17743,0,0.0431864604610445
12226,0,0.0134228187919462
87137,0,0.1488794859739852
12062,0,-0.0164131743079111
12190,0,-0.0165710643722115
80926,0,0.1766666666666665
12209,0,-0.0225563909774436
75432,0,0.0850156383281204
85269,0,0.0208420175072947
92029,0,0.1181356714351637
12169,60,0.0769230769230768
75591,59,0.0315893385982228
82540,15,-0.0622016490669752
75734,36,-0.0377906976744185
75447,60,-0.0634920634920633
76573,0,0.0404885772449672
75730,60,-0.0491036632891659
75694,0,0.048937728937729
63467,0,0.0373134328358208
75649,0,-0.0575831305758314
75646,0,0.0191104538732795
75607,0,0.0378126817917392
75654,27,0.0262334536702768
75603,0,0.1541850220264315
10051,0,0.0561510974987238
75825,0,0.0727341247409081
75853,0,-0.0298013245033111
75854,0,-0.0308823529411764
76148,0,-0.1044894715931665
11628,0,0.0154071900220102
75831,0,-0.0044286979627988
11748,0,-0.1189095127610208
75828,0,-0.1205921938088828
23799,0,0.0358874878758486
11018,36,0.0459459459459459
11513,60,0.24
52936,0,-0.0187643020594965
56710,0,-0.0890890890890891
75860,21,-0.0247875354107648
75509,4,-0.0049342105263158
12106,0,0.4749642857142859
11750,60,0.0610687022900762
11593,36,-0.119496855345912
69586,36,0.1212121212121213
89207,36,-0.1613691931540343
83469,0,0.0100475938656796
87759,0,0.0879432624113476
12166,60,0.1542857142857143
77889,60,0.5258620689655171
88976,0,-0.0471917580591557
75714,0,-0.0821643286573146
76359,0,0.0
81620,0,-0.0752587017873942
75912,0,0.0607866507747316
10002,60,0.015625
89738,4,0.6960000000000002
90561,4,0.1979949874686715
47723,0,0.0079840319361277
79851,60,-0.0163934426229508
89141,0,0.0169308911805448
85726,0,-0.0326340326340325
77236,0,0.0142658315935977
11056,18,0.0599128540305011
75755,0,0.55005500550055
76013,0,-0.0177777777777776
89903,0,-0.0379746835443037
84516,4,-0.1005714285714285
77300,0,-0.0109797297297296
76215,0,-0.0135795763172189
76082,0,0.0934169278996865
76095,0,0.0166748406081411
76391,0,0.0559081293442125
76963,4,-0.1775000000000001
76127,0,-0.0267665952890792
76128,0,-0.0907054871220605
76435,4,0.0360721442885771
76135,0,0.0739767179872326
78981,0,0.056891495601173
76138,0,0.0862559241706162
76139,0,-0.0303657694962042
76415,60,0.4803725881570193
76868,0,-0.0825914935707219
88965,36,0.1548672566371682
79584,0,0.0230375426621161
89655,0,-0.0194281524926687
76392,0,-0.1098511693834159
89885,61,-0.2290249433106576
88871,0,0.0208734746306999
76544,36,0.0793201133144476
76195,60,-0.0147928994082839
83671,0,0.0030284675953966
76201,0,0.0301255230125523
87053,0,-0.0206896551724138
76207,0,0.232573726541555
76355,36,-0.1401869158878504
76360,36,0.04
89369,15,-0.187007874015748
90069,0,-0.0825688073394496
81651,0,0.0895522388059699
90053,0,0.130016051364366
77486,4,-0.0419161676646705
76330,36,-0.1103680981595092
76230,0,0.0738842622250695
76461,0,-0.0483558994197291
89948,0,0.0473214285714287
11644,60,0.3313953488372094
76261,0,-0.0128966223132037
76224,0,-0.0453488372093021
76279,0,0.1374570446735394
76477,36,0.00993098804915
76478,0,0.1902228134353176
90608,0,-0.150943396226415
79037,59,0.069915254237288
78071,0,-0.1225806451612903
76515,0,0.1427571728481456
76553,60,0.6537499999999998
76879,36,0.0935251798561151
88284,36,0.3497326203208555
76582,0,0.0441480800183948
76584,0,0.0406587750900668
76613,0,-0.0363391655450874
76614,33,0.1533127889060093
77004,0,0.2219578518014955
76619,0,0.0871300299301629
76978,0,0.0113636363636364
76624,0,0.0569230769230768
76644,36,-0.0983769460086122
76888,0,0.0748663101604276
76837,0,0.031865763546798
76638,36,0.0788608981380063
76661,36,0.1164215686274507
76686,0,-0.0160067396798652
76695,0,0.0426981450252952
76856,0,0.0499378881987577
76709,0,0.0137132048705519
76934,4,0.0189999999999999
76712,0,0.0626959247648903
76721,59,-0.0686113393590795
76732,0,0.1233164983164982
91403,0,-0.02106115836371
76736,0,-0.06113769271664
76980,36,0.2590604026845637
88031,0,-0.4528753229356043
76744,0,0.0533152909336942
76750,0,0.0937052932761086
76945,0,0.1616395978344933
76788,60,0.0515873015873016
76795,0,0.0158562367864691
76869,0,-0.0355555555555555
76798,0,0.1744966442953019
76999,0,-0.1939095387371249
76841,0,-0.012547689699025
76843,36,0.1158392434988178
89213,0,-0.017426273458445
77235,0,-0.064
77037,0,0.0208822149225715
85426,0,0.0609625668449198
77202,0,0.0
77090,0,0.0617899695206427
77117,0,0.1905298759864713
77114,0,-0.0031387319522911
77165,0,0.0699999999999998
77182,0,0.0780334728033473
77191,0,0.0622837370242213
77175,61,-0.1128712871287127
77178,59,0.0571234274056442
77173,0,0.3049180327868852
77259,36,-0.0401146131805157
77264,0,0.2001404494382022
90464,0,-0.0303886925795052
77271,0,-0.0684273709483793
77274,0,-0.0680515759312321
77292,0,-0.0015649452269169
77279,0,-0.0192023633677991
77282,36,0.0794594594594595
77281,0,0.0906389301634471
77289,70,0.0062630480167014
77327,39,0.271186440677966
77340,15,-0.0537124802527645
77338,0,-0.0200235571260306
77366,0,-0.0223880597014926
77393,0,-0.1366782006920415
77461,0,0.0980219780219779
77413,0,-0.0208768267223381
77418,0,0.0040474905558554
77421,0,0.045543012845465
77425,36,-0.1117078410311493
78147,0,0.471311475409836
77437,36,0.0891089108910891
77447,59,-0.0126963632451042
77496,0,0.038423806409418
77768,0,0.0263653483992467
77505,0,0.0839363241678725
77515,0,-0.0721649484536082
77520,0,0.0137443549970548
77521,36,0.0314960629921259
83738,0,-0.0255696202531645
77582,0,-0.0312499999999998
77585,61,0.1310344827586207
77599,36,-0.084507042253521
77610,0,-0.0189978627404416
77605,36,0.0436241610738254
77649,0,0.043218085106383
77629,0,-0.0681372549019606
77630,51,0.5493895671476139
77660,0,0.1402511253257521
77661,0,0.0301724137931034
77668,0,0.0424159499609069
89810,0,0.0538922155688623
77683,0,0.0780952380952382
84776,0,0.0035644847699287
77702,0,0.0133555926544239
90352,4,-0.3010752688172043
77763,0,0.0291125920729566
77780,0,0.0318906605922553
77785,0,0.067032967032967
92502,0,0.0067014147431123
77868,0,0.1798839458413925
77892,4,0.0515463917525773
77900,0,0.0467625899280574
77902,59,0.0020283975659229
77918,0,0.0437783474659829
77917,0,0.2381801962533452
77971,0,-0.0699300699300699
77982,0,0.2260579064587973
78001,0,-0.0195865070729053
78018,36,0.2199999999999999
78015,0,0.0176516942474387
78051,70,0.0979395992097091
78062,36,0.3912543153049483
78077,0,-0.099752679307502
78068,4,-0.0451977401129943
78066,60,0.1111111111111109
78073,61,-0.0414110429447851
78091,0,0.0072992700729925
78081,3,0.180064308681672
78082,0,-0.1672645739910313
91402,0,0.226506456241033
78189,0,0.0437499999999999
78139,0,0.149234693877551
78172,0,-0.1290844386929796
78170,0,0.0845963075227336
78211,0,0.0049875311720699
78137,0,0.0803015404785316
78156,36,-0.0239321417752196
78193,0,0.2225913621262458
78213,36,0.1822541966426858
78840,0,0.0587415834687718
78195,4,0.127224785761371
91128,0,0.0231284236153377
78841,0,0.2684887459807075
86889,0,0.1535269709543567
78908,0,0.0585680952080649
79033,16,-0.0904242424242423
78875,36,0.1911128588281556
78876,0,0.0205992509363297
78915,15,0.0572972972972971
78916,0,-0.0052873955312979
79065,60,0.072
79006,60,-0.3125
48653,0,-0.0215681869242867
78955,36,0.0990712074303405
78990,0,0.0772917914919113
78950,0,-0.0766323024054983
78987,0,-0.0224932249322492
78977,0,0.0468981893737014
79089,0,0.2833245660178853
79108,0,0.0564663023679417
79133,0,0.0068676077832887
79103,0,0.0612194822721137
88597,0,-0.0686546463245492
78910,0,-0.073170731707317
79150,0,0.2347826086956521
79198,0,0.0207125103562551
79159,0,0.0855141909325469
79237,4,0.1276955602537
90783,16,-0.0468483816013629
79323,0,0.0894280762564991
79299,59,-0.0402892561983471
79248,0,-0.0410423452768728
79249,59,-0.1158441558441558
83659,0,0.1467391304347827
79336,0,-0.1666666666666666
79265,15,0.0163106796116505
79444,0,0.1390374331550801
18649,0,-0.1042923022348351
79399,0,0.1104
79666,0,0.0467479674796749
79507,0,-0.0168855534709192
79472,60,-0.0851063829787234
79499,0,0.4009779951100245
79545,0,0.1100093796060566
79490,0,0.1510791366906476
88568,0,-0.0480256136606189
82763,60,-0.0294836654567005
79491,70,-0.1572739187418087
81103,0,0.3268817204301073
79564,0,-0.0256629597946962
79588,0,0.2180352455943006
85913,0,0.0240928882438316
79628,0,-0.0697435897435897
79668,0,0.0066309614894159
79712,0,-0.0527777777777778
79724,0,0.0129008477699963
79758,15,-0.0866590649942987
79686,0,-0.0753246753246752
79689,15,0.0572916666666665
79702,0,0.1439999999999999
79857,0,0.031001589825119
79906,0,-0.0418079096045196
79790,15,0.42578125
79862,59,-0.1180599872367581
79839,36,0.1461716937354988
79795,0,0.0143149284253578
79791,0,0.0852713178294573
79878,0,0.0116462071136291
79802,36,-0.1048387096774192
79915,0,-0.0478709336154457
79841,0,-0.0379999999999999
80223,0,0.1579586877278249
79879,0,0.0267927501970055
79884,0,-0.1254125412541253
79799,0,-0.0577416595380666
79977,60,-0.1983723296032553
80019,60,0.0349999999999999
80034,0,0.0495867768595041
80049,0,0.0751252086811351
80080,0,0.0757154213036566
80012,0,-0.1313559322033898
80007,36,0.0251497005988023
80050,0,0.1342801807617817
84723,47,0.1759186864738076
79965,4,0.0161818181818182
80079,0,0.1925391095066184
80054,0,-0.0151699029126213
80167,0,0.0585795749092794
80113,59,-0.0127090301003344
80112,0,0.0922787193973635
80159,36,-0.0455384615384615
80165,0,-0.1004784688995215
76697,0,0.0
80236,36,0.117132867132867
80204,15,0.0407223366864621
80254,0,0.0384615384615385
80191,0,0.0343647955216916
80193,0,0.0229508196721313
80237,36,0.0629251700680273
80266,0,-0.0075057736720554
80361,0,0.1395085677335918
80306,36,0.335243553008596
80375,15,-0.0928792569659442
80343,0,0.1446862996158771
80316,0,0.0068965517241379
80362,0,-0.0149094781682641
80368,61,0.2888888888888887
80357,0,0.0762052877138415
80303,60,-0.1610169491525424
80439,0,-0.2491467576791808
80434,0,0.0270270270270269
82541,0,0.1366822429906542
80415,0,0.0669840190411423
80446,0,-0.0793565683646111
80539,36,0.1472
46392,4,0.0141093474426807
80568,0,0.0
80587,15,0.0816510579257716
80524,0,0.1143583227445996
80534,0,-0.0963566634707573
80498,0,0.0766355140186916
80557,0,0.1935208866155158
80560,0,-0.1119791666666666
80563,0,0.0393258426966292
80575,0,-0.0790611488573194
80679,0,0.2766476810414973
80621,0,-0.0807245520771805
80625,18,0.0934989043097151
89099,4,0.144578313253012
80633,60,-0.1777777777777777
80759,0,-0.0588592233009709
80774,0,0.0017064846416383
80828,0,-0.0288166768853463
80791,0,0.01790355183367
80795,60,0.2238095238095236
80804,36,0.0298013245033113
80808,36,-0.0274223034734917
80837,4,-0.0486486486486487
80858,0,-0.1222707423580786
80928,0,0.0464659685863875
80924,0,0.0865384615384614
80955,0,0.0
80864,59,0.0097744360902254
80943,0,0.2114537444933921
80951,0,0.0280583613916947
81010,0,0.0024489795918367
80960,0,-0.3492569002123142
80957,0,0.1415880066629649
80969,4,-0.0151515151515151
81084,0,0.1811023622047243
81055,0,0.1060109289617485
91517,0,0.0235969387755101
81182,0,-0.0669529314616018
81162,0,-0.0769896193771626
81184,0,-0.1581594166457129
81173,0,0.1024844720496893
81128,36,0.0420525277060876
88379,36,-0.0529411764705882
90359,36,0.0253164556962024
81148,60,0.6170212765957446
88865,0,0.0521844660194175
86993,0,0.0332502078137988
85205,4,-0.1583333333333333
81220,0,0.1321776814734561
81241,59,0.1184701492537312
81256,0,0.082906857727738
81254,0,-0.1173031956352299
81292,0,-0.0318153462258267
81282,0,0.2435813034891376
81278,0,0.0876190476190477
81501,0,-0.0115198810850983
82162,4,0.1457800511508953
87532,0,0.0657276995305164
81540,0,-0.0410572235052605
81566,15,-0.0335463258785942
81588,0,0.0792079207920792
81539,36,-0.0654545454545455
81562,36,0.2936363636363637
81575,0,0.2912280701754386
81584,0,0.0366826156299842
81624,4,-0.0110410094637224
81621,0,0.0017006802721089
81705,0,0.0104403086699955
81736,36,0.0093007233895969
81741,0,0.0526339285714283
81756,0,-0.0104895104895104
81857,59,0.0471804511278195
81696,0,0.0447707736389684
81666,0,-0.2370689655172414
81665,0,0.0959681998864283
81691,0,-0.022421524663677
81677,0,0.086349760139555
81776,60,-0.1400437636761488
89611,3,-0.0403304178814382
81893,0,0.0723296888141293
81850,0,-0.0340425531914894
81869,60,0.0742857142857142
82171,0,-0.0857013982859721
81925,0,-0.2259439707673569
91262,0,-0.1052797312900178
82212,0,0.1327433628318584
82179,0,0.0704607046070462
82176,0,-0.0031897926634768
82234,0,0.1580188679245282
82281,60,0.3956043956043955
82272,0,0.0445099691098005
82266,4,0.1641791044776119
82287,0,0.0697986577181206
82261,0,-0.0051948051948051
82504,0,-0.1192307692307692
82508,0,0.0228233305156382
82298,0,0.0990369181380417
82518,0,-0.0891472868217053
82515,0,0.0702734489855925
82521,0,0.24212271973466
82513,33,0.3705114254624593
82307,0,0.0579391272460578
82575,39,0.0493890020366598
82567,21,-0.0608365019011405
82581,0,0.0441529129637465
82618,0,0.07846556233653
82649,0,0.007478786135481
82552,0,0.0520694259012015
82643,0,0.0567335243553008
82546,36,-0.0198095238095238
82547,0,0.1278195488721805
82642,0,0.0105299499395823
82651,59,0.0350005775672865
86042,4,0.1471698113207546
82634,0,-0.0552723638180909
82638,0,0.0572737686139748
82587,36,-0.0516206482593036
82635,0,0.0187891440501042
82607,0,0.0157676348547717
82599,36,0.0732135028496274
82762,45,0.0409090909090907
82779,4,-0.1589403973509934
82734,0,0.0600801068090788
82720,4,-0.0580645161290322
82686,59,0.1463190184049079
82759,0,-0.0911640953716689
82717,0,-0.027143472641103
82768,15,-0.0215827338129495
82664,36,0.5990196078431373
82702,0,0.2367584745762714
82699,0,0.0328051153739226
82747,4,0.0714285714285714
82800,0,-0.0729316805995964
82812,60,0.0638297872340425
82824,61,0.2075471698113207
82825,0,0.6968503937007873
82839,36,0.1166666666666664
83875,4,-0.0764006791171475
86122,4,0.0952380952380951
91231,0,0.1041666666666667
83113,0,-0.1556130702038175
83131,4,-0.2805755395683453
86098,0,0.1285714285714287
87832,36,0.0554676258992807
85838,4,0.1181818181818181
83529,0,0.3585657370517927
88177,18,-0.3280943025540275
83145,0,0.0461538461538462
87471,0,0.2237139123203042
91910,4,-0.0892857142857143
83149,36,0.303030303030303
83120,0,0.0451977401129943
83123,0,0.0880452342487883
37381,36,0.4820512820512821
83111,0,0.0908025013027618
83124,0,-0.0159803318992008
82859,0,-0.0380710659898476
83303,0,-0.1119402985074627
83307,0,-0.0170454545454545
83152,0,-0.0609103078982596
83143,0,0.007462686567164
83272,0,0.0408997955010226
83317,0,-0.3173431734317342
83291,15,0.0374479889042995
83283,0,-0.1496437054631829
83304,0,-0.0807248764415157
83244,36,-0.0214356929212362
83390,0,-0.0203644158628081
86080,0,-0.0598591549295774
83413,0,-0.0317829457364341
83411,0,0.0357142857142855
91024,0,0.0330626450116009
84215,60,0.1111666666666668
83421,36,0.1394052044609666
83366,0,-0.0575835475578405
83405,0,0.0361264425489211
83422,0,-0.2139189960068455
83520,0,0.015032679738562
83504,0,0.2885662431941924
83509,0,-0.0642223260158804
83541,0,-0.0639960918417195
83462,59,-0.0023870146403565
83565,0,-0.010840108401084
83534,0,-0.1537634408602151
83503,0,-0.0392986698911728
83575,0,0.1978221415607985
83558,0,0.0886075949367088
88811,0,0.0232365145228214
83616,36,-0.1330561330561329
83690,0,0.0421875
83651,64,-0.0590909090909091
89202,4,0.1904761904761904
83621,0,0.0444701603570838
83633,3,0.0192604006163328
83630,18,0.6332497911445281
83661,0,-0.0431561996779388
83602,4,0.0539629005059021
83779,0,-0.0098730606488012
83800,0,-0.0374999999999999
91050,0,-0.087719298245614
83799,4,-0.0542738970588235
83756,60,0.0101010101010101
83916,0,-0.0996462264150944
83879,0,0.1441567529741079
83832,0,0.0004008016032064
83844,0,0.4253246753246751
83908,36,-0.033236994219653
83862,0,0.1764346764346764
83910,0,-0.1679012345679011
83906,0,0.032730302308974
83885,0,7.422425032594523
83903,4,-0.0171232876712328
83969,0,0.0678966789667896
83928,0,-0.0765213898373168
88436,0,-0.0026903416733925
83950,70,0.0085287846481876
83961,0,-0.1730701445188579
83965,0,0.0840579710144928
88905,0,-0.015625
84026,60,0.1282051282051284
84103,0,0.0546448087431692
84062,0,-0.0075954427343594
90101,0,-0.0406386066763424
85996,0,0.0738522954091815
84042,0,0.0759606791778373
84010,0,0.0667050028752156
84060,0,0.0499755022048016
84041,0,0.0196579830589738
84032,0,0.1155717761557177
84168,0,0.0079030558482613
84203,0,0.0540540540540541
84234,0,0.1227208976157083
84281,0,0.0762000671366232
84172,0,0.1563563563563561
84262,0,-0.0714733542319748
84210,0,-0.0775615340583858
89801,60,0.3627450980392155
84348,59,-0.0294550810014727
84325,0,0.0226130653266332
84330,36,-0.1695906432748538
84365,0,-0.0427187316500294
84342,4,-0.036111111111111
84364,0,0.0894772882903445
84320,0,-0.0433589462129527
84373,0,-0.0005165289256198
84319,70,0.0630346690679872
86440,4,0.2428571428571426
85176,0,0.0969463385710052
88984,60,-0.1434262948207171
84438,0,0.1698113207547169
84385,0,0.0753033547466095
84413,0,0.3192982456140349
84511,29,-0.0913705583756344
84559,0,0.151624548736462
84531,0,-0.0574241181296143
84563,0,0.023099133782483
84546,0,0.0423940149625934
84555,39,0.0411363636363637
92446,59,0.069835111542192
84624,0,0.1056403864132127
84604,0,0.168181818181818
84606,0,0.0506535947712418
84597,15,0.1589075108628181
84737,0,-0.0421746293245469
84749,60,0.1368715083798883
85211,4,0.2156862745098038
84761,0,-0.0096153846153846
84607,36,2.6779661016949152
84656,0,0.0556348074179742
84734,60,0.0447826086956522
92531,29,-0.1736842105263156
84780,0,-0.0338345864661654
84827,60,-0.0288065843621398
84788,0,-0.0758588767743262
85079,0,-0.0201923076923077
85204,0,-0.1127142857142857
85035,0,-0.0440881763527055
85002,36,0.1556839648849872
85072,0,0.1429605263157893
85067,0,-0.0737286253608705
85013,21,0.1229773462783172
85047,0,0.0309278350515465
85077,4,-0.3493589743589744
85059,0,-0.0434782608695653
85168,0,0.1696048632218845
92245,60,0.5517241379310347
85187,0,0.2330875564380476
85177,51,-0.0337837837837838
85173,0,0.1709229841142168
87364,0,-0.0940766550522648
85246,0,0.0336465210766885
85680,4,-0.0717299578059071
90942,0,-0.1906158357771261
85280,0,0.1597365170852203
85291,0,0.01541695865452
85320,21,0.3488999488348294
85319,0,0.0912190963341859
89898,0,-0.1107871720116618
85401,60,-0.1389728096676736
85349,36,0.1799363057324841
90012,0,-0.0240384615384615
85333,0,-0.0761589403973509
85348,0,0.0459497868308858
85372,0,0.0217391304347827
85395,0,0.0434027777777776
90875,36,-0.0688679245283019
85502,0,-0.026315789473684
85516,45,0.0
85482,0,-0.018796037592075
85440,0,0.0320170757737461
85488,0,0.0980830076307464
88635,0,0.0402640264026401
85517,0,0.0338470005503577
85432,0,0.0
87139,59,0.0436337625178826
85424,0,0.0609367894497498
85445,36,-0.1137440758293837
89615,36,0.3733333333333333
87837,0,-0.0937500000000002
85427,0,-0.0331833520809898
85419,59,0.0580246913580246
85496,0,-0.0399500624219724
85540,0,0.0021739130434783
85590,0,-0.0098199672667758
85621,59,0.0272364672364673
85572,0,-0.0606060606060605
85627,0,0.0987812700449004
85539,3,0.3811074918566777
85571,0,0.0114107883817426
85593,0,0.0585016416276986
85567,0,0.2504260879445517
85576,0,-0.0058765915768854
85522,0,-0.1340996168582375
85526,36,-0.1061363636363637
85686,0,0.0483333333333333
85675,0,0.0151515151515151
85559,36,0.1724137931034481
85645,0,0.0335195530726257
91419,0,0.1748726655348047
85710,0,0.0366870483602002
85647,21,0.0306856754921927
85663,0,0.0899581589958158
85728,60,0.0999629629629628
92320,0,0.066
85763,0,0.0918727915194346
85744,0,-0.123730378578024
85753,0,-0.0024298056155506
85768,60,0.045267489711934
85724,4,-0.1473788328387735
85738,0,0.0731889469753546
85792,0,-0.0324074074074075
86497,36,-0.0640394088669951
85839,0,0.0116550116550115
85886,0,-0.255
85889,36,-0.004172461752434
88384,60,0.009966777408638
85931,0,0.1497267759562841
85903,0,0.1231073074391047
85804,0,0.0283333333333333
85739,0,0.1906934306569343
88203,0,0.0723606168446024
85963,0,0.0815138282387188
86102,36,0.1996487119437939
86111,0,-0.0146433632498819
85863,0,0.0889858233369682
32687,0,0.0746450304259636
87501,0,0.0223048327137547
87508,4,-0.0145985401459853
89278,60,0.4508196721311475
89530,0,0.0873080032336297
90972,4,-0.2737835875090777
80638,0,0.0914634146341464
87538,36,0.2616201859229747
85939,0,0.0505464480874318
85951,0,-0.040650406504065
90603,45,0.1868390129259693
85953,0,-0.0080753701211304
86302,0,0.0584677419354839
85992,0,0.0569995440036479
85972,0,0.1018047200370197
86047,15,0.1151832460732982
89681,0,-0.0587124463519314
90331,60,-0.033112582781457
90544,0,0.1470588235294117
86073,36,-0.0714285714285715
86062,0,0.0247148288973384
86034,0,0.0742063492063491
86026,0,-0.0435588507877663
86021,0,-0.0069267741023465
86083,15,0.0795631825273011
86097,0,0.0064995357474466
86051,0,0.1169590643274856
86113,0,-0.0104109589041095
86048,0,0.2438709677419355
86196,0,0.0469335732493627
86128,0,-0.0170316301703163
88341,4,0.1549079754601228
86211,0,0.1778144544822792
87404,36,-0.0774277318389941
86150,0,0.0228310502283106
86157,0,-0.0250836120401338
86158,0,-0.011149825783972
86249,61,0.0634146341463417
88836,0,0.139240506329114
89527,60,0.0746268656716417
86155,45,-0.0227272727272727
86178,0,0.0282971197574533
86180,0,-0.0187393526405451
86288,0,0.058408328921828
86228,0,0.0187841530054644
87131,0,0.0200153964588145
86299,36,0.0887096774193549
86236,0,0.0503472222222223
88516,4,-0.0802469135802469
86233,60,-0.2984293193717277
86260,36,-0.0483558994197291
86728,0,-0.1352549889135255
89419,0,-0.0845771144278607
87160,0,-0.0760043431053204
86322,4,0.1024359775140535
87089,36,-0.2284644194756554
86305,0,-0.0323065364387678
86339,0,0.0686881188118813
88850,36,-0.0417910447761193
86362,0,-0.1317321688500727
90733,60,0.219626168224299
86356,0,0.1311916442475076
88940,0,-0.0510385756676559
86868,36,0.0329236565892168
87658,0,-0.3002207505518764
89109,0,0.241635687732342
91431,60,-0.1186440677966101
86253,36,0.2590090090090089
90914,36,-0.1137660485021396
86435,36,0.1121474358974359
90163,61,-0.127906976744186
86534,15,0.1769041769041768
86489,51,0.1798245614035087
86544,0,-0.0568643379366369
86525,59,0.1260744985673352
86531,0,0.1489361702127658
86526,60,0.4729950900163666
86578,0,-0.0439024390243901
87342,0,-0.2585034013605441
86547,0,-0.0555555555555555
86560,0,-0.0932642487046632
86583,0,-0.0616246498599438
92094,60,-0.0809716599190284
86709,60,-0.1045751633986927
86715,60,0.4818481848184819
86595,0,0.0181818181818183
86717,0,0.0277980980248719
86720,59,0.0536486142893466
86725,0,-0.0231261614701631
86759,60,0.1057884231536927
86763,0,0.0543478260869565
86778,0,-0.0066334991708125
86783,70,0.1841961733780841
86810,0,0.0850120870265913
86840,36,0.1178343949044584
86822,0,0.1388888888888888
86819,0,0.3275648949320149
86827,0,-0.0742596810933939
86799,36,0.0022383883603804
86830,0,0.162174940898345
87039,0,-0.0408163265306121
86899,0,-0.0303558099029609
86916,36,0.0276851851851851
86924,36,-0.0366492146596857
86926,0,0.0719602977667495
86876,38,0.0001590330788803
86890,60,0.4164043695611923
86946,36,0.0688248789191945
86964,0,0.0435944546517454
86988,36,0.1152416356877323
86949,36,0.0501644736842104
86990,0,0.2039800995024876
88368,0,0.1783783783783783
86996,0,0.0264654418197725
87006,0,-0.0294835298901993
87013,0,0.1527472527472526
86989,11,-0.0837209302325581
87000,70,-0.1663979361496291
86977,0,-0.1510611735330836
86979,0,0.0874343048256092
87016,0,0.1961165048543689
87077,0,-0.0519148936170211
87121,0,-0.0505415162454874
87066,0,-0.0335731414868105
87075,0,0.0982937685459939
87084,0,-0.070198105081826
87056,59,0.0030864197530864
87074,0,-0.0171990171990172
87034,0,0.0809392265193369
87086,59,0.0863309352517986
89481,0,0.292604501607717
87162,15,-0.0520833333333332
87167,0,-0.0334448160535117
87165,21,0.2166666666666665
87179,0,0.0275895450145209
87173,0,0.0071428571428571
87182,0,-0.0162162162162162
87172,0,-0.0581818181818182
89529,60,-0.0625
87264,59,0.0848508330104611
87242,0,0.0179119754350052
87261,0,-0.1091549295774648
87236,59,0.119225037257824
87267,0,0.0934065934065933
87345,0,0.0637860082304526
87268,0,-0.1266156686890002
87361,0,-0.0027137042062416
87277,0,0.0227272727272727
87356,36,-0.0368809272918861
87302,0,-0.1586901763224182
87299,0,0.1169717654359294
87321,60,0.0111731843575419
87337,0,0.1443298969072166
87379,0,-0.0097402597402597
89597,0,-0.0478260869565216
87439,4,0.0227272727272727
87430,11,-0.0646108663729808
90808,0,0.051899907321594
87394,15,0.152753108348135
87415,0,-0.0351906158357772
87414,4,-0.144578313253012
87424,45,0.2195121951219514
87373,60,0.1764705882352941
87510,0,0.0144927536231884
87445,0,0.0500352360817477
87496,0,0.0970873786407766
87494,36,0.3181818181818181
87498,0,-0.1622401847575058
87487,0,0.1230031948881789
87492,0,0.1325785244704165
87499,36,-0.0178890876565294
91837,60,0.1754385964912281
88926,0,0.0
87632,36,0.0023201856148493
87541,0,0.0533049040511726
87583,0,0.1474820143884891
87589,0,0.1432835820895521
87601,0,0.0601503759398494
87771,60,0.0812672176308539
87612,0,0.005328596802842
87797,36,0.3620809939869105
87752,36,0.0913748932536293
87825,36,0.0852713178294573
87814,0,0.1796246648793567
87785,36,-0.1053333333333333
87812,0,0.0218978102189779
87777,0,0.1720725673446947
87657,0,-0.1153985726382001
87659,0,-0.0086877593360995
87750,60,-0.0387096774193548
87827,0,-0.0470899470899469
87789,0,0.1406091370558375
88207,0,0.1926605504587155
88152,0,-0.003371677905593
88167,70,0.0995694294940796
88468,0,0.2790697674418603
88173,0,0.1724137931034481
88174,0,0.2566666666666666
88195,4,0.5275362318840577
88159,0,0.0676691729323306
90354,7,0.0434782608695654
88370,0,-0.026315789473684
88246,4,0.0756302521008405
88646,36,0.0243128964059196
88182,0,0.0425287356321839
88260,0,0.0365853658536585
23887,4,0.0689252336448598
89572,0,-0.0873750462791559
88534,36,0.0948717948717947
88264,0,0.1317829457364341
90071,36,0.0130331753554504
88343,0,0.0235072872590502
88319,45,0.1191666666666666
88352,0,0.1124350416385813
88331,0,-0.0832955061280072
88335,60,-0.170839469808542
91040,0,0.1027207107162686
88281,0,0.04027243115191
88313,36,0.1207115628970776
88332,0,-0.0588235294117646
88287,0,0.0712418300653594
88359,4,-0.1139240506329114
88439,0,-0.0563674321503132
88417,0,-0.0777777777777778
19675,0,-0.1722865291058546
88466,39,0.119298245614035
88485,36,-0.0726256983240224
88421,60,0.0
88446,0,-0.0117624373312764
88511,21,-0.088888888888889
88550,0,-0.1944130925507899
88542,0,0.0172413793103449
88504,0,0.1280788177339902
88497,36,-0.1871080139372822
88545,0,0.0651093439363816
88574,4,0.1452991452991454
88535,21,0.0272952853598014
88564,0,0.0724637681159421
89617,59,0.1685561020340114
89395,0,-0.0166270783847981
71862,0,-0.0249433106575964
90502,60,0.4180929095354524
48506,59,0.0370668815471395
88648,0,-0.0456397718011408
88739,0,-0.1238654564869193
88992,60,0.1549295774647887
88620,0,-0.1241830065359477
88615,0,0.0567890691716481
88746,61,-0.1757142857142857
88661,0,0.0683797287651677
91360,60,0.092217391304348
88740,0,0.0234741784037559
88750,0,0.1327868852459017
88868,0,0.0599176954732509
89685,36,-0.1117734724292101
88817,0,0.0663329161451813
89576,60,-0.0588235294117646
89925,0,-0.0769230769230769
88792,4,-0.0199501246882791
88807,60,0.1993006993006993
88786,0,0.1273257935060194
88860,0,0.0870118845500849
90478,36,0.1195335276967928
88949,0,-0.0248283148441625
88839,0,0.0221674876847293
90029,0,0.2068965517241379
88906,60,0.1363636363636364
88908,36,-0.0070921985815602
88892,0,-0.0267883211678833
88897,38,0.0191993976659556
88945,0,1.0
88991,0,0.0231739513053681
88895,0,0.0418760469011725
89004,0,-0.0133046370573273
89290,0,-0.0404699738903393
89006,0,-0.0060052219321148
89110,0,-0.0361757105943152
88970,60,0.13003663003663
90696,4,0.2303206997084546
89046,0,-0.0224321133412044
88994,0,-0.2727272727272727
89031,0,-0.153361344537815
89002,0,0.0953068592057762
89014,0,0.0241837968561062
90176,0,0.1670020120724344
89167,36,-0.0826580226904375
89036,0,-0.0742705570291777
89044,0,0.2566510172143974
89215,36,0.0491159135559922
89070,0,0.0
90216,60,-0.1999999999999999
89327,0,0.1318201658664337
90980,0,0.0498442367601246
90175,0,0.4615652780198709
89413,36,-0.0164141414141414
89203,0,0.0619260036735764
89179,0,0.0203669154228856
90223,15,-0.0398009950248755
89244,0,0.0243005385524761
89204,0,-0.0011762976032936
89269,0,0.0796460176991149
89217,0,0.1139091858037579
90643,36,0.061415220293725
90204,0,0.0935727788279774
89230,36,0.0530020703933749
89252,0,-0.0247933884297519
90081,0,0.2002567394094994
91379,0,-0.1222672064777328
89761,60,0.826086956521739
89297,59,0.2086614173228347
89353,0,-0.1385135135135136
89321,60,0.1685144124168514
92174,15,0.0972972972972971
89409,0,0.1100401606425702
90192,36,-0.0380434782608695
89332,36,-0.0082644628099173
90778,60,0.3846999340514399
89387,0,0.062707423580786
89394,60,-0.0605612998522894
91975,0,0.0200961118392311
90280,21,-0.1206123973114264
92213,60,0.0808155244411692
89445,60,0.0917874396135265
91665,0,0.109546165884194
89920,0,0.0620408163265306
91152,0,0.1364201664593896
91727,0,-0.0392523364485981
89753,60,-0.0077669902912621
89471,0,0.2141623488773747
89453,0,0.1204819277108433
89932,0,0.1831453218314531
89407,0,0.0223325062034738
91269,60,0.1174999999999999
89406,0,0.0708014726706316
89626,36,0.2086760556417708
89443,0,-0.0290726817042605
89916,16,-0.025974025974026
89636,0,0.1683457051961825
89533,0,0.0287251583788943
90601,0,0.0638126009693051
89482,0,-0.0330033003300328
89941,0,-0.0177880897138438
89484,60,0.0333333333333334
90067,0,0.2465585806056898
89876,0,0.1586354961832061
89574,0,0.0735950731331793
89546,0,0.0145032632342276
89509,15,0.3818088386433709
89549,36,0.0509708737864078
89620,60,-0.0306122448979592
90436,0,0.0899621212121211
90492,0,0.0955056179775279
16852,60,-0.0941176470588235
89781,0,0.1094413590329959
89699,0,0.0003121098626717
90874,0,-0.2721501518078939
89698,0,-0.1644859813084112
89644,0,0.0570469798657717
89796,0,0.411764705882353
89793,0,-0.0088245675961877
89741,60,0.1
89800,27,-0.0572145545796738
89850,0,-0.0090909090909091
89770,0,0.0156006240249608
90716,0,-0.0980066445182724
89901,0,0.1706927530445197
89866,0,-0.0226993865030675
89889,0,0.1153846153846154
89964,0,0.0718052738336716
89922,15,-0.1515151515151515
89913,0,0.0971348707197763
90400,70,0.0236902050113894
89905,0,0.099406528189911
91086,0,0.0246768507638073
89973,0,-0.0688172043010751
89971,51,0.1842302503372808
90503,0,0.2087007642563196
90038,0,0.0724747474747473
90020,0,0.0021367521367523
91354,0,0.1004681698326426
90078,0,-0.0059652928416487
89952,0,-0.0139592171889968
89904,0,0.2994290865384614
89960,0,0.0152041702867071
90052,0,0.2190831556503198
90088,36,-0.0508849557522123
90129,0,-0.0496742671009771
90333,0,-0.0756646216768917
90126,60,-0.019047619047619
90454,0,0.0662648856952452
91977,0,0.027360988526037
92282,3,0.156268568033274
90210,0,0.0067155067155066
91901,0,-0.0725806451612903
90232,0,0.0599115400080416
90425,0,0.3395638629283488
90110,0,0.0336622170632616
90275,36,-0.0055359838953195
90700,0,-0.0813287514318442
90319,0,0.0657461699633892
90285,60,-0.1333333333333334
90533,0,0.1684405367885237
90708,0,0.0016730801405386
90325,61,0.0866477272727272
90427,0,0.1035620052770449
90292,36,0.102409638554217
90447,36,0.0810810810810809
90614,36,0.3791208791208789
90288,0,-0.4306569343065693
90466,60,0.1666666666666665
90299,0,0.0182239893969515
90227,59,0.0937227550130774
90314,0,-0.0335731414868105
92453,36,-0.0397350993377483
90353,0,0.0310450371665935
90515,36,-0.0359520639147802
92132,0,0.0798319327731091
90423,0,0.0541149943630214
90312,0,0.0304533789563727
90536,36,-0.1706263498920086
19721,0,-0.0380622837370242
90901,60,-0.1470454545454544
90411,36,-0.0553359683794465
90098,60,0.3306228053964146
90538,60,-0.0890302066772654
90455,0,0.1342281879194631
90535,0,-0.0908629441624364
90249,59,0.1587301587301586
90444,4,0.2455384615384614
92332,61,-0.0272727272727273
90404,0,-0.0184147317854284
90833,0,0.1799999999999999
90371,0,-0.3329253365973071
90488,36,-0.051819184123484
90476,21,0.1418918918918918
90496,60,0.3072625698324021
90489,0,0.2556390977443608
90568,0,0.1171477079796265
90505,0,0.1323559356546528
90718,4,0.01985559566787
90540,0,-0.0750670241286863
90409,0,0.0186766275346852
90548,36,-0.1214642262895173
90803,0,-0.001053185887309
90964,61,0.1007957559681698
92521,61,0.0633333333333334
90520,0,-0.0234038185177581
90440,0,0.1733277240218764
90564,0,0.2850467289719627
90605,0,-0.1231721034870642
90550,0,0.0467418201814682
90569,0,0.1308479532163744
90558,0,0.073055773762765
90734,4,0.1499999999999999
90547,60,-0.0775347912524851
91500,0,0.1532725766362883
90494,36,0.058291093410572
90948,36,0.0671140939597316
92462,0,-0.0299295774647887
90672,15,0.2718491260349587
91832,0,0.0368763557483731
91018,0,-0.0130509726668308
90664,0,-0.0164083865086601
90742,59,-0.2895894428152493
84553,4,-0.0153374233128833
90849,0,0.0544554455445545
90720,0,0.2094861660079052
91114,0,-0.0094761779415635
86165,0,0.1826923076923077
90993,0,0.2051014150943397
90763,59,-0.0399890440975075
90735,4,-0.0298165137614678
90786,0,0.024013024013024
90885,15,0.0490566037735848
90752,45,-0.0676156583629893
90732,0,0.1569525395503745
90792,0,0.1218592964824121
91605,36,-0.0833923931018191
90789,0,0.05
90791,0,-0.0529100529100529
90856,0,-0.1145833333333333
90871,0,0.0097244732576986
90867,0,0.102662081263533
90984,0,0.034375
90776,0,0.0187734668335419
90814,0,0.0392584514721918
90779,0,-0.0269151138716355
90829,0,0.04859623407374
90831,0,0.0251805582666406
90863,61,0.1205882352941176
90775,0,0.0187477891758047
90966,4,-0.0958823529411765
90868,0,-0.0081761006289308
90795,0,0.358974358974359
91141,0,0.1822775672261325
90805,0,0.0879197761194028
90961,4,0.0085106382978723
90862,0,-0.1880341880341879
91033,0,-0.4099433057130397
92227,0,0.134469696969697
91286,15,0.09009009009009
90971,38,-0.2276029055690073
91032,0,0.0190267105744603
90956,60,-0.0163934426229508
91594,0,0.0536499560246264
90825,0,0.1111111111111111
90926,36,-0.08125
90870,0,0.0050795053003533
90963,0,-0.082553883692558
90940,0,0.0819573701591112
91349,21,0.1612175873731682
90951,0,0.1314031180400889
90900,59,0.0515315315315314
90896,0,-0.0224056603773586
90957,0,0.1148272017837235
90958,60,0.128125
90988,0,0.059090909090909
90989,0,0.0933884297520661
91282,61,-0.111111111111111
91020,0,0.277099784637473
92044,0,0.1512027491408936
91090,0,0.0325972660357518
90978,60,0.0992700729927007
90979,0,0.1208239135895501
90969,0,-0.0021052631578947
91967,60,0.0868397493285586
90925,0,-0.0511269928532159
91075,0,0.1307014181678805
91083,36,0.3611388888888889
91891,0,0.0596458527493009
91073,21,0.0980036297640651
91063,59,0.0131802721088434
91192,0,-0.0714285714285715
91507,0,0.0633610433863054
84185,0,-0.0236094674556213
91028,61,0.0701754385964912
91041,0,-0.0933852140077819
91515,61,0.186046511627907
91099,0,0.0183968462549277
91080,0,0.0176574455562095
91752,60,-0.0292553191489362
91068,51,0.0624302033153585
91096,36,-0.0904255319148935
91088,0,-0.0426540284360188
79519,0,-0.0384615384615385
89003,0,0.1109943977591036
91603,0,0.0416505977632086
91100,0,0.0635549072723482
91095,0,0.2532599246595191
91151,0,0.1094231164032026
91154,61,-0.1666666666666666
91143,0,0.1208584337349398
91428,0,0.0270270270270269
91234,36,0.083941605839416
91627,0,-0.0727650727650727
91201,61,0.5459363957597172
91348,60,0.0681818181818181
91237,0,-0.0553359683794465
91215,0,0.0492454328832407
91401,60,-0.0930914910642837
91267,61,0.0612244897959184
91359,0,-0.0056179775280899
91395,36,0.1687898089171973
91366,0,0.0011968880909634
91350,36,0.091816367265469
92088,61,0.4626343414146463
91363,4,0.1791044776119403
91463,0,0.0972340425531914
91371,0,-0.0007130124777183
91491,3,-0.0532010820559062
91283,0,2.010958904109589
91522,0,0.0384615384615383
91472,61,-0.1040723981900452
91579,59,0.1300560049782202
91485,0,0.18922305764411
91498,0,-0.0716491661519457
91503,0,-0.0344827586206897
92295,60,-0.2154065620542081
91446,4,-0.081081081081081
91391,0,0.0012432656444261
91432,0,0.0335448776065276
91614,27,0.0092147435897436
91468,0,-0.0850388143966125
92506,0,0.1097046413502111
91392,0,0.1063883299798793
91413,0,-0.0354735721887193
85208,0,0.0320579110651499
91618,0,-0.063768115942029
91659,0,-0.0907767873385483
91355,0,-0.0991596638655462
91493,0,0.0427642832706123
92093,60,0.1506849315068492
91461,15,-0.0853403141361257
92226,36,0.644144144144144
91416,0,0.1678861788617884
91486,39,0.1529709228824272
91611,60,-0.2360454115421003
91742,60,0.3725490196078429
91615,60,0.0415094339622641
92054,16,-0.0069930069930069
91612,60,0.3041347626339969
88434,0,0.3404605263157896
91625,39,-0.0053050397877983
90077,4,-0.1827956989247312
91516,0,0.0967880085653103
91683,0,0.154219204655674
91623,0,-0.0533333333333333
91578,36,-0.0461627236006922
91668,0,-0.0030308770600492
91613,36,0.0217809096732863
91610,0,-0.0333333333333333
92456,36,0.0802139037433153
91571,0,-0.1001767825574543
91616,0,0.0740740740740739
91598,0,0.0273327049952876
91619,60,-0.0624999999999998
91667,36,0.2130484672968691
91657,60,0.2778473091364206
91630,60,-0.0365448504983387
91658,0,0.0156331422615945
91678,0,0.0503978779840847
91754,60,0.0076923076923076
91666,0,0.4934554973821989
91675,0,0.1083984375
91650,0,-0.0034931724356938
91654,4,0.2130177514792899
92035,0,0.2560160427807485
91661,60,-0.1785714285714286
92449,0,0.0457516339869281
91883,0,0.0762344004340749
91822,0,0.1681350954478708
91899,0,0.4513217279174728
91825,60,-0.0818181818181819
91907,0,-0.0195613515115591
91836,60,0.1846846846846845
91688,15,-0.0373051224944321
91692,0,0.0212615166548548
91826,0,-0.0261044176706828
91824,0,-0.0138781804163454
92232,0,0.0477941176470588
91814,0,0.1999999999999999
91854,0,0.1098633943042373
92091,60,0.532258064516129
91900,16,0.125
91905,0,0.2346208869814021
91909,0,0.1175373134328356
92421,36,0.1143958868894601
92101,60,0.7982456140350878
92210,0,-0.1012171684817424
91915,59,0.0608519269776877
91979,0,0.1567164179104476
92046,60,-0.4352941176470588
92052,0,-0.0071942446043165
92207,0,-0.1761102603369067
38755,0,0.04671675922901
92034,59,0.1113530326594089
92050,59,0.014388489208633
92345,36,0.014388489208633
92038,60,-0.1398907103825136
92095,0,0.1148459383753501
92096,3,0.1283870967741935
92195,0,0.024858757062147
92097,0,0.1549079754601228
92021,0,0.0048147372828133
86812,0,0.0741745816372683
92150,36,0.0564516129032257
92087,0,0.0057471264367816
92105,0,0.0772251308900524
92143,0,0.0807644882860667
92130,0,0.0478468899521531
92102,0,-0.0072234762979683
92229,0,-0.022514071294559
92450,0,0.086021505376344
92220,0,0.0201216658867571
92177,36,0.1227897838899803
92239,0,0.0016876054753423
92184,0,-0.0231075697211156
92188,0,0.1473481195756991
92296,0,0.2146785837057407
92172,0,-0.0623020063357971
92198,0,0.0812826249067859
92183,36,-0.0191256830601094
92243,0,-0.0477200424178153
92221,0,0.1133867276887872
92257,0,0.0834885504546949
92223,0,-0.1306086956521738
92293,0,0.2425317401045554
92268,0,-0.1024135681669928
92302,0,0.2105684547638109
89756,0,-0.0123456790123457
92402,0,0.0859422958870474
92303,0,0.1251908396946566
92346,60,-0.0486842105263156
92319,4,0.0136054421768707
92326,0,0.0910184442662389
92354,36,0.1149674620390455
92445,60,0.1550802139037432
92454,36,-0.0919446704637916
92428,0,-0.0256282657377457
92429,3,-0.0162254483347565
92432,0,0.03512084592145
92400,0,0.0248127340823971
92312,60,0.3099415204678364
92395,0,-0.0019569471624267
92448,36,-0.1709796672828095
92266,4,-0.0446808510638296
92460,45,0.0556506849315068
92493,0,-0.0370701205895489
92464,36,0.353554502369668
92466,36,-0.2356687898089172
92478,0,-0.0144472361809045
92465,15,-0.0255591054313099
92497,0,0.1389684813753582
91136,60,0.014686248331108
92467,36,0.0082872928176795
92469,0,0.1421493902439023
92527,0,0.080029695619896
91365,0,-0.012008733624454
10258,36,-0.20042194092827
79678,0,-0.0316045380875202
82526,36,0.1496402877697842
87078,0,0.0104602510460249
91161,0,0.0008818342151675
90183,15,-0.057471264367816
91892,60,0.36094674556213
92185,0,0.2328767123287671
91021,36,-0.0524781341107871
90199,0,-0.050259067357513
90272,0,0.1355421686746989
90276,59,0.0368057837660205
90178,4,0.1539792387543253
90188,60,0.012911555842479
90187,0,-0.1153846153846153
90164,36,-0.0558419243986254
92457,0,0.0407045009784734
90233,39,-0.0656469088591459
90097,0,0.1115646258503402
90200,0,0.3604294478527607
90207,0,0.3972602739726028
90399,4,-0.1286307053941908
92155,4,-0.1702380952380953
91412,60,-0.0887290167865707
