firms,mom1,clusters
10074,-0.1379310344827586,200
50906,-0.043859649122807,39
18980,-0.1666666666666666,0
10568,-0.0571428571428571,294
10998,-0.0952380952380952,288
11181,0.1282051282051282,135
39116,-0.2746478873239436,0
50032,-0.0459770114942529,334
69171,-0.0769230769230768,0
68814,-0.2470588235294117,0
47730,-0.0699999999999999,26
13232,-0.0816326530612244,7
13777,0.0075757575757575,36
44652,0.0230769230769229,99
38746,0.1063829787234043,20
60871,0.0641025641025641,212
14198,0.0238095238095237,93
14331,-0.2151898734177215,381
45583,-0.12,273
14702,-0.5360501567398119,251
15537,0.1379310344827586,460
68830,-0.1451612903225806,96
85631,0.08203125,36
16185,0.0507246376811594,445
17057,-0.131578947368421,398
17903,-0.09375,157
49373,-0.0114503816793892,50
18570,-0.3,79
18834,-0.1764705882352941,164
47642,-0.1386861313868613,167
18973,-0.0074074074074074,281
19271,-0.1363636363636363,172
29938,0.069078947368421,338
10866,-0.038647342995169,246
19880,-0.25,69
20240,0.0612903225806451,374
20248,0.0879120879120878,135
49402,-0.0700636942675159,46
25320,-0.0381944444444444,195
40352,0.0,0
21726,-0.034090909090909,108
21742,-0.0298507462686566,189
11267,-0.125,0
22753,-0.0954356846473029,146
26841,0.0363636363636363,5
65533,0.056547619047619,29
24572,-0.1071428571428571,200
24951,-0.0652173913043477,446
25049,-0.0625,0
25217,-0.0342465753424657,190
25487,-0.044,0
69307,0.0,33
27124,0.0483870967741935,0
65541,-0.0666666666666666,462
27562,-0.072992700729927,0
31026,0.101123595505618,226
27800,0.0256410256410255,147
27909,-0.0377358490566037,70
28207,-0.0327868852459016,418
19828,0.0285714285714284,205
28311,0.0294117647058822,438
28522,0.0277777777777776,147
10731,0.3333333333333332,179
59707,-0.1111111111111111,372
63546,-0.724537037037037,0
29023,0.0,7
49154,-0.0160642570281124,47
19350,-0.0293398533007335,284
49429,-0.046,79
43211,-0.1428571428571429,0
61313,0.0845921450151057,281
19254,0.1,208
31500,-0.0980392156862745,84
87581,-0.125,45
33209,-0.1111111111111111,0
50788,-0.0689655172413793,267
44708,-0.1129032258064516,267
58405,0.0128205128205127,5
46295,-0.1577464788732394,381
37058,-0.1397849462365591,432
26382,0.0996784565916397,24
37103,-0.0754716981132075,145
31974,-0.1411042944785275,168
62228,-0.081081081081081,62
59010,-0.0541310541310541,337
60935,0.109375,53
40838,0.0224719101123596,0
21055,0.0888888888888888,451
38624,-0.2777777777777778,0
59547,-0.0235294117647059,26
47888,0.0217391304347827,212
62367,-0.019047619047619,168
39670,-0.119047619047619,301
49189,-0.0869565217391304,78
40628,0.0129870129870128,288
40644,0.1095890410958904,341
39765,-0.0689655172413793,313
32600,0.0,27
41420,-0.0625,347
32678,-0.0263157894736841,67
23077,-0.0364238410596026,195
41663,-0.2952380952380952,0
27828,-0.0062111801242236,195
32803,-0.0799999999999999,135
66181,-0.0366795366795367,183
42366,-0.1125,459
32926,-0.1578947368421053,54
66587,-0.0582524271844659,7
42922,0.0365853658536585,322
43474,-0.1333333333333333,0
44135,-0.05,74
44389,0.0,377
12503,-0.1034482758620689,52
45560,0.2333333333333334,102
45699,-0.0755813953488372,134
12040,0.1428571428571428,0
46149,0.0909090909090908,35
46237,-0.0615384615384615,5
48100,-0.12,48
47133,-0.0675675675675675,246
47141,-0.0909090909090909,82
57437,-0.0211864406779661,207
47571,-0.0999999999999999,20
53495,0.04,329
50374,-0.0317460317460317,91
48291,-0.03125,114
48347,-0.1105769230769231,79
64282,-0.1733333333333333,195
24731,-0.1428571428571429,0
53612,-0.0069444444444444,334
61399,0.0033112582781456,80
62316,-0.0517241379310344,58
50519,-0.1379310344827586,74
66253,0.0114942528735633,145
64039,-0.2777777777777778,0
51960,-0.0377358490566037,100
13100,-0.0628930817610062,47
64637,-0.0232558139534884,399
60097,-0.1208053691275168,130
22891,-0.1020408163265306,212
53050,0.0588235294117647,310
60548,-0.1130434782608695,212
53189,-0.081967213114754,39
55191,0.0317460317460318,273
48063,-0.0625,468
54843,0.0,33
68582,-0.2896551724137931,241
47773,0.0759493670886075,191
56339,-0.0344827586206896,108
56419,0.0,0
56777,-0.0588235294117647,265
57171,0.095890410958904,191
34665,-0.25,408
57534,-0.0175438596491228,347
57809,0.02,151
57817,-0.0743243243243243,292
57884,-0.1517857142857143,70
58473,0.1428571428571428,0
53639,-0.1091703056768559,327
59185,-0.1025641025641025,212
45313,-0.0307692307692307,26
59767,-0.0294117647058823,296
59775,-0.16,327
60055,-0.2156862745098039,226
60346,-0.3777777777777777,0
60679,0.053763440860215,0
35051,0.0390243902439024,50
18403,0.0350194552529183,47
61460,-0.180327868852459,269
35238,0.0057142857142857,189
27713,0.0193798449612403,18
61823,-0.175,5
49576,-0.0526315789473684,77
62384,-0.0672268907563025,18
13936,-0.0416666666666666,119
64338,-0.2941176470588235,443
49971,-0.00390625,75
62958,0.0,399
63715,-0.04,129
91193,0.4666666666666665,0
43748,-0.1076923076923076,266
64697,-0.0506329113924051,89
42307,-0.0950226244343891,76
62033,-0.0876288659793814,108
61620,-0.1379310344827586,84
35916,0.0909090909090908,0
67177,0.0,181
25312,-0.0161290322580645,49
67620,-0.159090909090909,226
62682,-0.0135135135135134,246
68065,-0.1052631578947368,189
68428,0.0128205128205127,88
39773,0.0238095238095237,282
50948,-0.0588235294117647,114
70106,0.1428571428571428,27
70376,-0.1020408163265306,76
70923,-0.0597014925373133,99
42585,0.0301724137931034,99
72005,0.1176470588235294,344
36740,0.0,0
72961,-0.2025316455696202,79
73083,-0.0576923076923077,5
73171,-0.4545454545454546,0
73796,-0.0523255813953488,143
74123,-0.1999999999999999,0
74230,0.0857142857142856,262
75345,0.0370370370370369,415
53751,0.1129032258064515,14
62447,-0.0999999999999999,12
76081,-0.0434782608695651,185
60580,-0.0962962962962963,212
63036,-0.0952380952380952,70
76743,-0.0749999999999999,288
50278,-0.0714285714285714,0
63386,-0.2631578947368421,464
25937,-0.0378787878787878,246
79338,0.1578947368421053,0
46260,-0.1639344262295081,145
66368,-0.0799999999999999,442
79840,0.0416666666666667,12
37807,0.0034965034965035,191
80179,-0.1184210526315789,341
80347,0.1111111111111111,404
80654,-0.0404040404040404,76
80857,-0.0344827586206896,383
59627,-0.09375,89
81190,-0.03125,71
55976,-0.0187793427230047,378
51932,-0.0837209302325581,167
81510,-0.1791044776119402,250
67803,0.0,0
82924,-0.063953488372093,128
82991,0.0,35
83011,-0.0655737704918032,310
15456,-0.0850202429149797,291
44476,-0.0719999999999999,290
40539,-0.1275167785234899,5
89245,0.0232558139534884,100
91572,-0.0175438596491228,0
72996,-0.0333333333333333,279
91636,-0.0789473684210526,311
34228,-0.1304347826086956,140
91994,-0.1379310344827586,48
10025,-0.0208333333333333,190
86511,-0.0749999999999999,100
90609,-0.0635964912280702,198
69411,-0.2913907284768212,88
67467,-0.1048387096774193,56
69032,-0.1108597285067873,343
10182,-0.5771812080536913,433
10222,-0.1470588235294118,28
10248,-0.0714285714285714,377
10247,-0.0699999999999999,14
10256,-0.1923076923076923,4
10259,-0.0357142857142857,244
10282,-0.0714285714285714,0
75500,-0.503448275862069,37
10501,0.0625,377
10185,-0.0444444444444444,292
70076,0.1999999999999999,32
10514,-0.1099999999999999,189
10515,-0.0170454545454545,82
10531,0.0769230769230768,244
10178,-0.05,15
10633,0.2272727272727273,388
10709,0.0689655172413792,70
10010,-0.1886792452830188,0
75232,-0.0416666666666666,373
10768,0.0491803278688525,227
10706,-0.5,0
67985,-0.1428571428571429,0
76563,-0.0909090909090909,189
70981,0.0,0
10870,-0.0789473684210526,421
75527,0.0545454545454544,449
75528,-0.0942028985507246,44
10984,0.0526315789473683,413
11103,-0.1304347826086956,104
71837,-0.1654676258992805,82
11154,-0.0816326530612244,155
11202,0.0810810810810811,124
10325,0.0990099009900991,122
11343,0.0,116
71685,-0.0161290322580645,108
10415,-0.0425531914893616,0
11382,-0.183673469387755,180
11379,0.125,56
11278,0.0,14
11475,-0.2033898305084746,0
11480,-0.1607142857142857,333
10790,-0.03125,17
11549,-0.0909090909090909,12
75100,-0.1699029126213592,34
75170,-0.1538461538461538,0
11670,-0.1212121212121212,242
75179,-0.0341880341880341,235
11663,-0.0857142857142857,404
11539,-0.1999999999999999,252
61858,-0.1428571428571429,0
56354,-0.0404040404040404,246
65832,0.0,287
66413,0.162162162162162,35
21020,-0.0999999999999999,47
10429,0.0084745762711864,455
85041,-0.0563380281690141,251
62500,-0.0625,254
27991,0.0070921985815601,304
10517,-0.0454545454545454,157
20482,0.0819672131147541,195
10656,0.1016949152542372,167
10664,-0.024390243902439,314
10057,-0.2073170731707316,89
63837,-0.0869565217391304,174
60038,-0.150943396226415,454
51510,0.0,439
10752,-0.1774193548387096,324
10779,-0.1041666666666666,440
85113,0.0438596491228069,128
10875,-0.0131578947368421,0
64514,-0.0357142857142857,279
61241,0.0070422535211267,94
11042,0.1101694915254236,0
11149,-0.1392405063291139,135
61081,-0.017391304347826,154
28222,0.1061946902654866,391
51721,-0.3266331658291457,201
28804,-0.0460526315789473,5
49584,-0.03125,172
42083,-0.0196078431372549,191
48514,0.0957095709570956,290
63845,-0.0308641975308642,97
11691,-0.0727272727272727,273
71271,-0.0199203187250995,218
10137,0.0179640718562874,428
44740,-0.005050505050505,149
11851,-0.0232558139534884,403
26331,-0.25,405
10145,0.1534653465346533,47
85033,-0.1999999999999999,0
41443,0.0196721311475409,273
45911,0.5263157894736843,127
12205,-0.0555555555555555,70
24643,0.0975177304964538,284
64856,0.0449101796407185,223
10161,0.1418439716312056,208
28484,0.1554054054054054,295
60046,0.0852713178294573,80
39482,-0.0493827160493827,54
10225,0.1082621082621082,187
56119,0.0134529147982063,212
23341,-0.0040322580645161,391
12758,-0.1770833333333333,467
24109,0.0406504065040651,224
12811,-0.0555555555555555,109
12918,-0.0092592592592593,67
66771,-0.053763440860215,134
66421,0.1081081081081081,0
41734,0.05,0
15667,0.0181219110378911,357
65859,0.1238938053097344,73
10488,0.0625,463
50112,-0.0634920634920634,268
13304,0.2124999999999999,100
64143,-0.0217391304347825,402
29049,0.0070422535211267,202
13603,-0.16,275
46527,-0.0476190476190476,348
58560,-0.1063829787234043,174
13769,-0.0909090909090909,204
15974,-0.0476190476190476,139
69200,-0.0555555555555555,87
10401,0.0613496932515338,73
23544,-0.0170454545454545,428
13988,0.0,0
10460,0.0298507462686568,130
14008,-0.1039999999999999,444
14059,-0.1904761904761904,40
19553,0.1311953352769679,73
18075,-0.03125,148
14219,-0.0416666666666666,213
14227,-0.1176470588235294,264
54375,-0.1999999999999999,0
87119,-0.1594202898550725,140
14323,-0.045045045045045,402
29102,0.0,63
59184,-0.0515695067264574,187
64397,-0.0112359550561798,22
29145,0.0,212
14593,0.0321888412017168,183
14622,-0.1034482758620689,1
52804,-0.0327868852459016,266
10516,-0.0805687203791469,73
14833,-0.0657894736842105,0
14868,-0.1851851851851852,265
29380,-0.1999999999999999,33
17566,0.0888888888888888,266
19692,0.1023622047244094,208
15035,-0.0687022900763358,90
60230,0.0847457627118644,454
29209,0.0075757575757575,386
15131,-0.34375,0
31472,-0.1636363636363637,321
21143,0.094240837696335,273
10364,-0.0228310502283105,273
24272,-0.0347490347490347,18
15262,-0.1785714285714286,427
15334,-0.0704225352112676,163
15457,-0.0434782608695651,70
15502,-0.131578947368421,411
47140,0.2403846153846154,237
85607,0.0,107
15553,0.0,159
10604,0.1305449936628644,73
15684,-0.072992700729927,234
20458,-0.0416666666666666,282
15721,0.0526315789473683,121
49701,0.0689655172413792,246
15820,-0.1538461538461538,230
69542,-0.0909090909090909,339
44644,-0.0027472527472527,50
15975,-0.0232558139534884,327
16030,-0.0096153846153845,403
44601,0.038647342995169,208
27684,0.0994764397905758,290
40416,0.10752688172043,150
58376,-0.1572327044025157,327
65496,-0.1411764705882353,78
53110,-0.0661764705882352,288
85754,-0.0309278350515463,116
62797,0.087719298245614,171
52484,-0.0239234449760765,9
75034,0.2313432835820894,77
10318,0.0933333333333332,96
58755,0.0923076923076922,167
57568,0.0035971223021582,402
16460,-0.1136363636363636,93
58480,-0.1481481481481481,152
16468,-0.0769230769230768,142
16564,-0.1052631578947368,432
55781,0.0805970149253731,281
16599,0.0,428
29532,-0.1136363636363636,411
16890,0.1755725190839694,281
46877,-0.1045454545454545,296
39693,0.0152671755725191,108
42358,-0.0839694656488549,399
16978,-0.078125,300
85842,1.0,0
47423,-0.0588235294117647,89
26518,0.0183727034120735,223
27887,0.0346020761245675,357
29612,-0.0718232044198895,7
39642,-0.00354609929078,130
17444,0.1111111111111111,94
10743,-0.0965250965250965,125
65875,0.0692771084337349,73
29639,-0.0337078651685393,71
65883,0.1055555555555556,73
65509,0.1428571428571428,262
43772,-0.4447513812154696,132
19377,-0.047808764940239,320
10786,-0.0169491525423728,266
17815,0.0224215246636771,191
47992,-0.0294117647058823,430
54164,-0.0456026058631922,108
17962,-0.1037037037037037,106
61508,0.0071428571428571,283
67168,-0.108695652173913,287
18156,0.0149253731343284,134
18287,-0.0967741935483871,350
18316,-0.3,0
20220,0.0402010050251255,52
61946,0.1111111111111111,167
38527,-0.0935672514619883,151
18455,-0.1090909090909091,191
62519,0.0,69
19561,0.0028490028490029,195
42024,-0.0055555555555555,5
51393,-0.0416666666666666,114
18754,0.013157894736842,138
18762,0.0,20
16571,0.0463320463320462,391
25144,0.0662983425414365,159
66130,-0.0102564102564102,135
39757,0.0588235294117647,407
19159,0.2391304347826086,116
17961,-0.0722610722610722,108
19393,-0.0245901639344262,357
42606,0.0,429
19546,0.3548387096774192,214
53786,0.0,57
19589,-0.0692307692307692,77
10874,0.1932773109243697,208
55597,-0.0620689655172413,52
19677,-0.1428571428571429,120
19693,0.1857142857142857,61
67176,-0.0277777777777777,189
50227,0.1070336391437309,208
19888,-0.0799999999999999,438
10890,0.0379746835443037,0
67432,0.0675675675675675,78
19992,-0.0517241379310344,266
59686,0.0256410256410255,18
20730,0.1542435424354242,304
24600,-0.1818181818181817,0
20117,-0.0317460317460317,69
20125,-0.0232558139534884,103
45655,-0.1333333333333333,35
48282,0.4285714285714286,172
10989,-0.5051244509516837,50
58181,-0.1264367816091953,148
62148,0.0726495726495726,47
28564,0.072289156626506,348
20459,-0.0625,340
46690,0.143730886850153,18
20504,0.2258064516129032,361
20512,-0.1123595505617978,153
20547,-0.0588235294117647,63
20571,0.0526315789473683,404
56602,0.125,2
20678,-0.1764705882352941,30
20723,-0.1619047619047618,63
20750,0.0260869565217392,210
51414,0.0,412
64880,-0.1538461538461538,364
30330,0.0301522248243559,273
21304,0.1538461538461537,345
21371,-0.1788617886178861,106
56303,-0.3181818181818182,0
53524,-0.152317880794702,181
23114,0.0118483412322274,428
20618,0.026525198938992,273
21638,0.4651162790697674,2
26374,-0.0750670241286863,96
86431,-0.0833333333333333,228
56952,0.0520231213872832,428
30402,-0.02,393
40707,-0.0038022813688213,24
18542,0.1225,208
47052,0.01840490797546,273
53831,-0.028423772609819,206
22016,-0.5665236051502146,0
22437,0.0140186915887849,428
64557,0.0106666666666666,58
63503,-0.0321285140562248,125
58173,-0.1294117647058823,51
60599,0.0217391304347827,273
22374,-0.1379310344827586,438
22382,-0.1666666666666666,346
22569,0.0277777777777776,338
21397,0.0727272727272727,5
22585,-0.1142857142857143,454
22681,0.0476190476190476,0
22913,-0.2272727272727273,269
22921,0.0259740259740259,15
64194,-0.0303030303030302,208
23035,-0.072463768115942,31
23051,-0.0434782608695651,190
21960,-0.0707070707070707,26
14541,0.08984375,73
23297,-0.0789473684210526,90
21282,0.0330188679245282,116
30525,-0.0780669144981413,355
11260,0.0769230769230768,52
23393,-0.0390243902439024,96
24117,0.0103092783505154,428
47677,0.0287769784172662,273
23481,-0.0416666666666666,220
22680,0.0,52
23537,-0.05,349
23545,0.1111111111111111,469
23588,-0.1379310344827586,384
18446,0.0717948717948717,35
66878,-0.0932642487046632,232
24046,-0.0285714285714285,441
27422,-0.0343642611683848,428
24097,0.1785714285714286,96
46578,0.053763440860215,391
56741,0.03125,52
24193,0.0,7
38893,0.1270718232044199,133
11995,0.0555555555555555,186
11308,0.0152905198776758,195
24441,-0.0258620689655172,115
64901,0.0865384615384614,161
24476,-0.0961538461538461,71
30648,-0.0109890109890109,283
18729,0.0126582278481013,223
24679,-0.018018018018018,286
11340,-0.1830985915492957,245
24935,-0.16,39
11997,0.0619469026548673,423
25073,0.2142857142857142,42
61524,-0.1176470588235294,0
25137,-0.0759493670886075,99
25452,-0.2295081967213115,134
25989,-0.131578947368421,51
68347,-0.0999999999999999,34
25604,-0.1623036649214659,209
25612,-0.2275641025641025,0
25823,0.0123456790123457,26
25938,-0.0357142857142857,311
26009,-0.2121212121212121,84
40125,0.0018214936247722,24
26084,-0.0259740259740259,24
26252,0.0116279069767442,288
26279,-0.1492537313432835,347
26295,-0.05,203
26578,0.0,87
41929,0.0431654676258992,35
21821,0.0439189189189188,75
26586,0.0,213
26607,-0.0303030303030302,0
71765,0.1039755351681956,79
26650,0.0508474576271187,0
23229,-0.2899408284023669,133
26711,-0.0461538461538461,428
30840,-0.0694444444444444,165
26965,-0.1213872832369942,341
38914,0.0103092783505154,206
87012,0.0666666666666666,227
27087,0.0178571428571427,163
21979,-0.0854503464203233,77
27430,-0.0451306413301663,79
59248,0.0208333333333332,401
27239,-0.0999999999999999,258
27255,-0.0754716981132075,196
27474,-0.217391304347826,164
20204,0.0048780487804878,267
27618,-0.1237623762376237,97
62164,-0.1420118343195265,34
38420,0.0869565217391303,191
27722,-0.0888888888888889,134
53575,0.0149999999999999,213
31042,-0.0673575129533678,148
17726,0.143646408839779,402
59256,0.0,90
31069,-0.0833333333333333,60
31077,-0.0193548387096774,212
41080,0.0099403578528827,422
59264,-0.1016949152542372,246
18091,0.0731707317073171,125
62527,-0.1764705882352941,0
28071,0.0,134
28143,-0.1379310344827586,24
28151,-0.1328125,341
28178,0.0444444444444445,362
28231,-0.2142857142857143,0
30067,-0.0930232558139535,1
28282,-0.1506849315068493,217
11607,0.0691823899371069,284
49285,0.0833333333333332,213
66472,0.0,453
57592,0.0,114
28629,-0.2916666666666666,296
28661,-0.0679611650485436,119
28696,-0.375,194
28717,-0.2051282051282051,21
28784,0.0,303
28840,-0.0485436893203883,196
28848,-0.0416666666666666,349
12005,0.2647058823529411,438
28952,-0.1481481481481481,71
29050,-0.0285714285714285,121
22859,-0.0155440414507772,428
29197,-0.0098039215686274,233
45110,-0.0282485875706214,126
29226,-0.0824175824175824,334
64215,0.2063492063492062,0
26112,-0.0556660039761431,47
29285,0.0,75
31173,-0.25,0
61743,0.0948012232415902,424
22867,-0.0392156862745097,0
29560,-0.0666666666666666,212
29576,0.2195121951219512,222
11674,0.097165991902834,159
45874,0.0491803278688525,191
29736,-0.1129032258064516,0
29752,-0.1052631578947368,191
65226,-0.1666666666666666,356
24715,-0.074074074074074,235
45516,-0.2222222222222222,354
29832,-0.1353383458646616,0
29859,-0.1525423728813559,261
29867,-0.1496062992125983,207
29875,-0.1999999999999999,152
40440,-0.1123348017621145,108
43916,-0.1285046728971962,34
30075,-0.1005917159763313,269
44943,-0.0833333333333333,33
30147,-0.1311475409836066,93
26403,-0.0387469084913437,195
10886,-0.0444444444444444,61
30307,0.0714285714285714,429
64936,0.03886925795053,224
38682,0.1029411764705883,208
31341,0.0872483221476509,122
41515,-0.1363636363636363,0
30577,-0.0263157894736841,14
30622,-0.2727272727272727,137
25953,-0.0302114803625377,273
20626,0.0441176470588235,195
58990,-0.0403225806451612,208
30681,0.0507246376811594,77
46471,0.013157894736842,208
30761,0.0652173913043479,358
30780,-0.1478260869565217,34
31376,0.0,32
63132,-0.1111111111111111,235
48506,-0.0556792873051225,195
30884,-0.1789137380191693,251
25072,0.0263157894736842,428
30892,-0.0851063829787234,103
30940,0.0092592592592593,281
30948,0.0054644808743169,106
31464,0.1354166666666667,348
31070,0.0,438
31078,-0.1351351351351351,266
31107,-0.0886075949367088,288
42200,-0.0987951807228916,130
31211,-0.25,0
43342,0.1003861003861004,130
32281,-0.059090909090909,190
31414,-0.1481481481481481,0
31480,-0.045045045045045,89
26075,0.0686274509803921,75
11754,-0.0246153846153845,53
11762,0.0351170568561873,208
70578,0.032846715328467,18
31552,-0.0961538461538461,267
68398,-0.0799999999999999,49
31764,-0.1290322580645161,255
31836,-0.127659574468085,71
44185,0.0597014925373133,174
32062,0.1499999999999999,10
32110,-0.1095890410958904,100
38543,-0.0344827586206896,138
87549,0.0,361
60927,-0.125,46
22103,-0.0047281323877068,195
32417,0.0,0
23042,0.0299401197604789,286
61540,-0.16,221
68910,-0.1999999999999999,434
26470,0.0826446280991735,75
32804,-0.1052631578947368,248
62834,0.0135593220338983,18
32986,-0.0124999999999999,75
62842,0.153225806451613,134
52476,0.0642857142857142,208
24328,0.0666666666666666,75
33420,0.0,295
33508,-0.0454545454545454,35
33532,-0.125,87
31691,0.0305343511450382,67
31712,0.0076045627376426,0
33567,-0.0999999999999999,274
42550,0.0407239819004525,391
62180,-0.1304347826086956,302
87696,-0.04,155
66149,0.03125,301
87717,-0.1518518518518519,134
87725,-0.0493827160493827,61
11850,0.095890410958904,195
19166,-0.0187667560321715,126
54439,-0.0666666666666666,0
24205,0.0411985018726592,286
24918,-0.0517241379310344,174
34367,0.0208333333333332,67
21338,0.2153846153846152,237
25371,0.0434782608695651,202
34463,0.0851063829787233,181
47706,-0.3508064516129032,112
21135,0.1548387096774193,80
34578,-0.0422535211267606,297
34623,-0.150943396226415,322
42745,-0.1210191082802547,429
10016,-0.0424242424242424,288
34818,0.1304347826086955,422
35706,0.0,15
58296,-0.2110091743119265,18
31915,0.1147540983606556,266
54244,-0.0625,0
47271,-0.0999999999999999,5
36768,-0.0806451612903226,89
49875,-0.0845070422535211,213
27748,-0.0251396648044692,148
37023,0.0980392156862746,75
56784,0.1397849462365592,208
54543,-0.074074074074074,206
49031,0.0234375,5
46164,0.0772532188841201,288
37189,-0.1521739130434782,378
41726,0.0196078431372548,24
66165,0.0,279
25785,0.1824104234527688,239
45241,-0.040590405904059,191
37234,-0.1136363636363636,0
37277,-0.1074380165289256,316
37402,-0.0769230769230768,7
18112,0.0585365853658537,24
37568,0.043956043956044,70
37584,-0.4937655860349127,111
62877,-0.0678466076696164,18
58421,0.0,172
37832,-0.03125,78
25961,-0.0458715596330274,35
37955,-0.072463768115942,117
40425,-0.0625,214
21004,0.0781893004115226,73
32061,-0.032258064516129,23
38085,-0.1111111111111111,100
38093,-0.0932642487046632,97
88269,-0.1219512195121951,123
61348,0.0294117647058822,327
38157,-0.1304347826086956,66
47941,0.1296829971181556,273
32096,0.1265822784810126,341
38317,0.0,95
38333,-0.1999999999999999,283
62607,-0.2195121951219512,451
12052,0.0096525096525097,0
12060,0.0115511551155116,195
46834,-0.2941176470588235,55
56629,-0.0967741935483871,88
38472,0.0833333333333332,410
12079,0.1331058020477815,239
12095,0.0282258064516129,273
38659,0.1125,161
40168,-0.4545454545454546,0
62260,-0.2333333333333332,452
46674,-0.3089005235602095,290
38827,-0.09375,142
23915,0.0132075471698114,47
25910,-0.0797101449275362,424
27449,0.0,35
38974,-0.0422535211267606,212
38982,-0.0414746543778802,292
39029,-0.1627906976744185,349
39045,-0.0592105263157894,348
16424,-0.0026455026455026,16
12024,-0.0434782608695651,93
57154,-0.0223214285714286,402
55466,0.0347222222222223,108
45428,0.1818181818181818,0
65920,-0.1481481481481481,118
32299,-0.1428571428571429,328
12140,0.1633165829145728,237
39432,0.2363636363636363,404
16432,0.1130268199233717,207
53604,0.0577617328519854,281
39483,0.0485436893203883,108
25005,-0.1319018404907975,18
39571,-0.0531400966183575,125
39590,-0.1304347826086956,353
60468,-0.1288343558282209,157
52695,-0.1373390557939914,290
32379,0.1212765957446808,391
63976,0.0084745762711864,159
67571,-0.0608974358974359,0
49197,0.1886792452830188,82
40097,0.0390625,60
19721,-0.06,80
32440,0.1122448979591836,126
21274,0.0340136054421769,167
32459,-0.0210526315789473,18
40345,-0.21875,287
54770,-0.0047846889952153,267
23405,0.0776699029126213,428
40476,0.1538461538461537,410
40484,0.3518518518518518,138
67942,-0.0869565217391304,283
57533,0.0,97
23819,0.0978260869565217,80
49349,-0.0465116279069767,144
44468,0.0337078651685394,174
43238,0.0,208
59301,-0.0904522613065326,334
40994,-0.1666666666666666,438
41014,-0.1235955056179775,116
25582,-0.05,130
25304,-0.0069930069930069,402
52978,0.0842105263157895,313
10294,0.0256410256410255,410
41187,0.0206896551724138,428
88605,-0.0625,180
50059,-0.0225563909774436,89
41356,-0.0666666666666666,297
32651,-0.0602409638554216,430
88656,-0.1888888888888888,69
60476,-0.0625,35
41444,-0.0117647058823529,151
41487,-0.1747572815533981,305
32707,0.0965909090909091,273
18016,0.033734939759036,18
16600,0.0280373831775699,402
61567,-0.0283018867924528,171
23309,0.1045576407506703,24
42084,-0.15,156
12319,-0.088235294117647,291
42439,0.00625,167
18374,0.0034188034188034,130
42455,-0.1120689655172413,134
42535,0.1866666666666667,2
32897,0.1538461538461537,0
42607,0.1304347826086955,242
44986,0.0571428571428571,212
20124,-0.1157894736842105,52
21792,0.035190615835777,224
58886,-0.0945945945945946,295
32934,0.0199004975124377,167
48135,-0.1374045801526717,60
44150,-0.1146496815286624,290
42877,0.125,212
88795,-0.0727272727272727,81
43028,0.2619047619047618,122
62295,0.0,85
38973,-0.0423728813559322,133
64258,0.5,379
43263,-0.1999999999999999,119
43327,-0.3834586466165414,0
75227,-0.0352112676056337,301
66595,-0.1666666666666666,0
12570,-0.0247148288973384,208
56573,-0.0134874759152215,77
43610,-0.4057142857142857,0
43618,-0.1475409836065574,132
43634,0.0,191
43749,-0.0799999999999999,0
43992,-0.0638297872340425,60
44039,-0.21875,0
12431,-0.0200803212851405,402
44194,-0.146788990825688,65
12458,0.0386740331491712,7
88990,0.0,438
44266,-0.1176470588235294,136
44274,0.0422535211267605,416
65293,-0.0444444444444444,448
46519,-0.1354166666666666,288
44506,-0.2340425531914893,145
59328,-0.0316742081447963,183
44565,-0.0333333333333333,0
44637,0.263157894736842,219
44645,-0.1428571428571429,323
44768,0.0476190476190476,61
44776,0.0666666666666666,311
44792,-0.0277777777777777,212
15747,0.0425531914893617,52
89093,-0.1089108910891089,108
58608,-0.0388888888888888,54
12490,0.0868263473053891,73
12511,-0.090566037735849,130
45277,-0.1456692913385826,29
45306,-0.2318840579710145,3
21573,0.0118845500848896,77
49736,-0.1379310344827586,141
27705,-0.0235294117647059,25
45381,0.0,274
45437,-0.1212121212121212,116
68494,-0.02,15
67619,-0.2068965517241379,0
45509,0.0270270270270269,461
23317,0.0138408304498269,99
53065,0.0698198198198198,402
67993,-0.1186440677966101,369
45728,-0.1022727272727272,119
45891,-0.0149253731343284,146
57066,-0.1101694915254237,111
46018,-0.1216216216216216,63
46077,0.0225563909774435,7
89261,0.0,0
46114,-0.0454545454545454,282
47984,-0.0434782608695651,105
52329,-0.1111111111111111,111
46288,-0.1904761904761904,365
46392,0.0647482014388489,279
22111,-0.0269230769230769,357
42534,0.0368098159509202,273
53268,-0.0625,237
46819,-0.008,167
42104,-0.1059322033898305,424
46870,-0.2130434782608695,79
46886,-0.2272727272727273,322
46894,-0.1428571428571429,0
46931,-0.0727272727272727,288
46950,-0.2142857142857143,287
47002,-0.0256410256410256,267
42067,-0.0270270270270269,0
24432,0.0240963855421687,202
12650,-0.0034482758620689,24
24053,0.0195121951219512,162
45890,-0.0208333333333333,105
47205,0.0555555555555555,6
47248,-0.0263157894736841,134
26825,-0.017353579175705,50
47379,-0.0371621621621621,213
44134,0.0486891385767789,167
52847,0.1739130434782609,165
58616,-0.1071428571428571,254
25769,0.04,5
47619,-0.0392156862745097,12
47715,0.009433962264151,108
17750,0.0447058823529411,195
33398,-0.0714285714285714,25
59045,0.1326530612244898,6
33451,0.2702702702702702,0
47969,0.0124999999999999,108
48960,0.0666666666666666,208
45866,0.0188679245283018,266
48072,-0.1111111111111111,377
16678,0.0072992700729928,112
59897,-0.0294117647058823,281
48144,-0.2352941176470588,114
41136,0.1857142857142857,181
48195,0.1555555555555554,137
89456,-0.1111111111111111,26
48267,-0.0833333333333333,114
25507,-0.0909090909090909,0
48312,0.0925925925925925,57
58624,0.0071942446043165,301
12781,0.0213523131672597,428
48363,0.1090909090909091,202
48371,-0.1111111111111111,61
65656,0.08130081300813,35
48486,-0.1456310679611651,250
33603,-0.0392156862745097,52
48523,-0.0947368421052631,79
48531,-0.0309278350515463,213
48769,-0.1780821917808219,215
48961,-0.0086956521739129,290
59053,0.0454545454545454,191
49083,-0.1333333333333333,43
50286,0.0930232558139534,208
57373,-0.0833333333333333,447
60943,0.1527777777777776,78
65330,-0.1055276381909547,84
10092,-0.1304347826086956,389
49227,0.0,96
18147,0.096774193548387,266
89587,0.0,67
89608,-0.4642857142857143,0
49534,-0.24,21
50876,-0.0316901408450703,357
49606,-0.0201342281879194,335
49737,-0.2222222222222222,67
49745,-0.05,181
49817,0.0119047619047618,281
49905,-0.1163522012578616,183
21178,0.0304709141274237,273
59352,0.0136612021857922,223
59360,0.0708661417322835,175
12888,-0.1176470588235294,231
89675,0.2142857142857142,326
24360,0.0444444444444445,428
33785,0.0387596899224806,130
50156,0.027237354085603,251
33814,0.1353711790393013,57
56223,0.1153846153846154,79
43721,0.0149532710280373,79
22373,0.053763440860215,402
62906,-0.08130081300813,256
59774,-0.0661478599221789,151
33849,-0.1136363636363636,147
34147,-0.0588235294117647,114
50404,0.0113636363636364,77
23835,-0.0728155339805824,24
34067,-0.1325301204819277,88
89755,-0.1071428571428571,294
50623,-0.074074074074074,288
50666,-0.1111111111111111,305
50877,-0.0112359550561798,402
33937,-0.0097560975609756,286
51079,0.05,465
51263,0.011111111111111,85
43668,-0.0427350427350426,402
15069,0.1499999999999999,352
47837,0.0774907749077491,357
51677,-0.2368421052631578,319
46703,-0.0232558139534884,64
45751,0.028099173553719,97
51693,-0.0714285714285714,334
89886,-0.0666666666666666,0
20562,-0.0046511627906976,208
34032,0.0136363636363636,77
51800,0.05,154
51845,0.1499999999999999,179
35705,-0.0212765957446808,268
39538,0.003717472118959,234
51933,0.0357142857142858,70
52039,0.0238095238095237,91
13119,0.08,273
52071,-0.04,164
65357,-0.010752688172043,241
43449,0.1128526645768024,195
26729,-0.0521920668058455,292
52135,0.0,118
89915,-0.0563380281690141,151
17478,0.0504032258064515,77
25646,0.0,5
19895,0.0443686006825938,267
52231,0.2380952380952381,32
52250,0.0833333333333332,95
52258,-0.0168067226890756,106
50577,0.1525423728813559,254
52282,0.0384615384615385,342
52346,-0.1213389121338912,146
10507,-0.1515151515151515,396
52434,0.0039215686274509,129
52557,-0.0776699029126213,37
62914,-0.081081081081081,221
52581,-0.3,110
52696,-0.1568627450980392,39
17005,0.0126903553299493,77
52792,0.048780487804878,196
52813,-0.1076923076923076,269
22752,-0.0144435004248087,357
42796,-0.0140845070422535,395
52919,-0.1090909090909091,241
53015,-0.0508474576271186,67
53082,-0.1643835616438356,234
55546,-0.0588235294117647,60
58632,0.25,422
53480,-0.0847457627118644,234
53509,-0.025,94
53640,-0.0625,152
53859,0.0083333333333333,268
48901,0.0085714285714286,10
54173,-0.0350877192982456,0
54181,0.0547945205479452,130
90211,-0.09375,87
54253,0.0,288
22592,0.056338028169014,195
24248,0.0204081632653061,428
15966,0.0861344537815125,73
54675,0.0625,175
54704,-0.0999999999999999,79
54771,-0.0943396226415094,72
54798,-0.4285714285714286,0
54827,0.0080645161290322,151
22023,-0.0093457943925233,89
42614,-0.0909090909090909,248
67678,0.0769230769230768,11
55125,0.0252525252525253,288
55079,0.0512129380053907,206
21290,-0.015625,167
55256,-0.0804597701149425,109
22779,0.069767441860465,77
40731,0.0,314
63247,0.0588235294117647,0
55467,-0.0204081632653061,147
12058,0.009090909090909,163
13290,-0.0129870129870129,0
28345,0.0845588235294116,295
65365,0.1987179487179486,281
69550,-0.0693069306930692,392
13303,0.0952380952380953,123
41179,0.0223880597014924,223
90377,-0.1176470588235294,339
55993,-0.1428571428571429,377
56040,0.0340136054421769,38
45487,0.1132075471698113,53
60978,-0.3333333333333333,0
13354,0.1382978723404255,321
47028,-0.1379310344827586,221
25590,0.0256410256410255,75
17278,0.0186915887850467,64
53137,0.1999999999999999,0
58501,0.0,113
56630,0.0,310
34497,-0.023961661341853,445
26753,0.0,368
56937,0.3157894736842106,0
56945,0.0638297872340425,169
57067,-0.0253164556962025,146
66659,-0.0404040404040404,260
57155,-0.2870370370370371,34
57163,-0.0799999999999999,0
38658,-0.0261437908496732,202
57286,-0.0615384615384615,213
64450,0.0394736842105263,75
34630,0.150943396226415,171
34649,-0.0168539325842697,424
24096,0.0091324200913243,428
47466,0.0370370370370369,273
60986,-0.0803324099722991,208
21207,-0.0032894736842105,50
34673,0.0,0
57577,-0.0816326530612244,180
67707,-0.1139240506329114,109
48274,-0.0337423312883435,75
61815,0.0925925925925925,57
57780,0.0,318
66288,-0.1538461538461538,5
64311,0.0670859538784067,80
49752,0.119047619047619,83
28118,0.0405727923627685,35
57999,0.0303030303030302,63
10062,0.3333333333333332,409
23931,0.035031847133758,428
24766,0.09375,130
58334,-0.0847457627118644,75
58369,0.0384615384615385,74
58406,-0.0593607305936073,428
58465,-0.0999999999999999,98
58641,-0.1481481481481481,414
34817,-0.0536193029490617,402
66018,0.0966608084358524,73
58772,-0.0204081632653061,116
58799,-0.0999999999999999,303
58836,-0.159090909090909,466
34825,-0.1111111111111111,144
58026,-0.1508379888268156,232
34833,0.0779220779220779,133
66667,-0.0545454545454545,19
59089,0.2413793103448276,134
59110,0.0294117647058822,412
56733,0.1573033707865168,400
23026,0.0064516129032257,224
59222,0.1034482758620689,32
24440,-0.0066006600660065,428
13610,0.0467980295566503,18
63714,-0.2085561497326202,146
59839,0.2105263157894736,62
27385,0.0,428
58077,0.05,0
59871,0.0327868852459016,419
59898,-0.0714285714285714,148
55036,-0.2135922330097087,158
90721,0.0,116
60063,0.0,151
34913,-0.0675675675675675,348
60098,-0.0148148148148148,428
20394,0.0274725274725273,52
51457,0.0148148148148148,273
60186,-0.0526315789473684,38
24811,0.032967032967033,387
44230,0.032258064516129,351
90799,-0.2131147540983606,234
22509,0.0732217573221758,391
42112,-0.2268041237113401,69
60506,0.0414746543778801,320
60310,0.0315789473684211,267
60792,-0.09375,273
66026,0.1180327868852459,73
20917,-0.0384615384615384,275
42833,0.0058139534883721,162
75083,0.0229007633587785,154
61031,-0.1111111111111111,164
61058,0.0083333333333333,282
22082,0.0598290598290598,133
61138,-0.06,366
61146,0.3018867924528301,86
61242,0.056910569105691,60
61269,-0.1388888888888888,7
41355,0.0371747211895909,77
61322,-0.1999999999999999,303
67037,0.018181818181818,22
61488,0.0249999999999999,3
61496,0.1538461538461537,2
57509,0.0434782608695651,35
68638,-0.021505376344086,254
63722,0.4583333333333332,127
61640,-0.135593220338983,269
61787,0.0208333333333332,54
44353,-0.0043290043290042,54
61955,0.1561461794019933,186
62010,0.0188679245283018,159
22517,0.0387596899224806,159
62034,0.0461538461538462,108
35203,0.1666666666666667,0
35211,0.0932203389830508,133
13821,0.024390243902439,75
13856,0.0656934306569343,187
62149,0.0,360
50550,0.1599999999999999,367
62341,0.0,248
70949,0.0952380952380953,0
62405,-0.2222222222222222,59
21936,0.0287769784172662,357
17806,0.0727272727272727,47
21776,0.0659898477157361,224
52898,-0.0338983050847457,85
13901,0.028052805280528,187
13928,0.0698924731182795,80
62747,-0.3571428571428571,0
62907,0.0,435
63088,-0.1372549019607842,105
63125,-0.0666666666666666,196
10120,-0.1844660194174757,24
24459,-0.032015065913371,77
43588,-0.0133333333333333,318
63240,-0.0814814814814814,0
53815,0.5625,127
63395,0.0238095238095237,115
35422,0.2183908045977012,78
60695,0.1428571428571428,57
26438,-0.1377777777777777,130
63483,-0.0355871886120996,111
56143,0.0263157894736842,35
17902,-0.1176470588235294,174
49744,0.0434782608695651,208
23501,0.064516129032258,75
35529,-0.0387596899224805,191
63811,-0.0999999999999999,417
63830,0.0,212
63749,-0.0571428571428571,233
64013,0.2340425531914893,231
64195,-0.0434782608695651,266
18163,0.0097799511002445,357
64291,-0.0416666666666666,129
55511,0.0549450549450549,428
64646,0.0675675675675675,75
23712,-0.0324074074074074,224
22787,-0.25,0
64654,-0.2857142857142857,0
25443,0.0252525252525253,428
65032,-0.0365853658536585,34
64902,0.0103092783505154,0
64929,-0.0112359550561798,125
24539,-0.0769230769230768,50
64988,-0.16,0
64996,-0.1607142857142857,2
65024,-0.0085470085470085,251
65083,-0.0196078431372549,298
27756,0.0440251572327043,99
69649,-0.1355140186915887,111
62375,-0.4,0
66683,0.0169491525423728,116
46893,0.1,439
65438,-0.1194029850746268,63
52097,0.0052083333333332,157
65700,-0.0357142857142857,0
64346,-0.0184501845018449,167
65817,0.3571428571428572,35
24942,-0.4825174825174825,210
46228,0.0,0
14154,-0.0238095238095238,8
65964,-0.0714285714285714,23
91380,-0.0080971659919028,39
58771,-0.0583941605839416,281
64354,-0.35712,253
66369,-0.2142857142857143,194
66393,-0.196969696969697,39
66422,-0.025,285
57146,0.1304347826086955,429
66545,0.0,59
66553,-0.1791044776119402,392
66617,-0.1111111111111111,164
66705,-0.3,252
66799,0.1125827814569535,320
18921,0.0503282275711158,208
66801,-0.0229885057471264,432
66836,-0.1126760563380281,0
59432,0.0742049469964665,79
46762,-0.2631578947368421,0
67300,-0.0526315789473684,43
26737,-0.0161943319838057,5
18948,0.0634920634920634,195
67425,0.125,0
35991,-0.0145985401459853,267
23990,0.1612090680100755,391
64477,-0.0909090909090909,273
36003,-0.0168776371308017,424
39570,-0.0650224215246636,223
67652,0.1209677419354837,138
91564,-0.0982658959537572,283
45495,0.1395348837209302,69
26884,-0.0037878787878787,50
54818,-0.155688622754491,151
66050,0.0580357142857141,341
33961,0.0,7
47490,0.0104529616724737,79
68049,-0.1222222222222222,189
27633,0.0615384615384615,7
62383,-0.0732984293193717,376
68102,0.3658536585365854,470
68161,-0.2285714285714285,1
68196,-0.0689655172413793,39
54199,0.0077821011673151,85
27780,0.032258064516129,174
68313,0.0,91
68340,-0.0845070422535211,0
46340,-0.0727272727272727,64
65066,0.1846153846153846,135
68567,0.2127659574468086,385
24467,-0.0357142857142857,428
68591,-0.1174934725848564,93
52943,0.0566037735849056,0
36177,-0.0138888888888888,165
91687,0.0873015873015872,338
68743,0.0,70
66069,0.1263157894736841,273
22840,-0.0681265206812652,195
68938,-0.0489510489510489,148
67715,-0.1611111111111111,337
69033,-0.1333333333333333,108
23085,0.0126984126984126,428
25013,-0.0266075388026607,357
45671,-0.0518518518518518,53
69287,-0.1538461538461538,0
69332,-0.0441176470588234,139
18032,0.103030303030303,208
69519,0.1025641025641026,283
36281,0.0283687943262411,147
66085,0.0416666666666667,20
62690,0.0,430
61049,0.0074812967581048,108
69877,-0.0294117647058823,322
69885,-0.2340425531914893,12
41574,0.075268817204301,390
51625,-0.0454545454545454,24
70077,-0.0245901639344262,25
50243,-0.0888888888888889,70
70114,-0.0952380952380952,69
54412,0.0485436893203883,212
70280,-0.0886075949367088,89
36468,0.0694444444444444,223
70440,0.0333333333333334,243
56434,0.0642201834862385,46
67723,-0.1887755102040816,0
49138,-0.1206896551724138,85
70536,-0.0111731843575418,223
70632,-0.0652173913043477,15
70659,-0.03125,40
70790,0.3392857142857142,237
19852,0.2077294685990338,237
45794,0.2280701754385965,171
60206,-0.0533333333333333,402
91871,-0.3333333333333333,156
21514,0.1885245901639345,75
71176,0.0723684210526316,402
26614,0.0566037735849056,75
49437,-0.079646017699115,148
71395,-0.0588235294117647,202
15720,0.0460122699386502,224
71475,-0.0294117647058823,85
18411,0.0313725490196079,224
55204,0.0541666666666666,273
58683,0.0498338870431893,47
71782,0.0185185185185186,181
66093,0.0847826086956522,73
71942,0.0249999999999999,140
71985,-0.0707070707070707,0
72072,-0.1772151898734176,0
36695,-0.0714285714285714,8
11760,0.0,28
72232,-0.1578947368421053,204
44062,0.0168918918918918,125
72304,-0.1929824561403509,0
16715,0.0,207
39220,0.0823529411764705,212
36775,-0.0814814814814814,237
72494,-0.0933333333333333,167
36783,0.0034129692832765,162
43481,0.1809523809523809,167
72523,-0.0833333333333333,438
71124,0.060377358490566,424
43350,-0.0358126721763085,273
92057,-0.3043478260869565,0
18438,-0.043859649122807,281
53399,-0.1403508771929824,142
92073,0.0169491525423728,116
36898,0.1081081081081081,18
45882,-0.1052631578947368,92
65074,-0.1197604790419161,234
72980,0.0952380952380953,218
18198,-0.1040723981900452,121
36978,0.018181818181818,52
58464,-0.2572614107883817,0
73075,0.0468319559228649,94
73139,-0.0337837837837837,217
73219,0.0384615384615385,167
50921,-0.1136363636363636,222
73366,-0.0892857142857143,184
72733,-0.0089285714285713,148
73438,0.1714285714285714,0
48645,-0.0526315789473684,1
14656,0.0776255707762556,266
37022,0.4444444444444444,0
26454,0.0058139534883721,208
57963,0.0,383
73614,-0.0598290598290598,0
52396,0.1490514905149051,79
47861,0.074468085106383,281
73681,0.0,341
73753,-0.1835443037974683,234
66739,-0.0508474576271186,148
73913,-0.1538461538461538,397
73940,0.0067567567567567,292
92217,-0.3157894736842105,0
43334,0.1710526315789473,200
73956,-0.1477272727272727,66
52038,0.0482573726541555,77
74086,-0.2465753424657534,63
74203,0.0298507462686568,112
37161,-0.0065573770491803,402
62420,-0.0666666666666666,289
30728,-0.0064102564102563,58
18681,0.1037234042553192,291
74481,-0.0124999999999999,296
66333,0.004040404040404,424
74617,0.0618556701030927,212
74625,0.0,431
15560,-0.0588235294117647,208
58704,-0.0192307692307692,347
37196,-0.045045045045045,281
74828,0.0113636363636364,10
74836,0.0377358490566037,31
44513,-0.0703125,85
74908,0.0833333333333332,438
74932,0.0393700787401574,167
57007,-0.0595238095238095,270
75030,0.0687022900763358,456
57736,-0.0999999999999999,120
75089,-0.037037037037037,122
43123,-0.2105263157894736,249
44329,-0.0391459074733095,130
63773,0.0185185185185186,6
60142,-0.05,143
75257,0.2105263157894736,94
75273,-0.1443298969072165,160
66114,-0.018348623853211,208
75460,-0.024390243902439,108
26542,0.1382636655948552,291
37276,-0.25,40
51369,-0.0992366412213741,76
75521,0.0,153
75540,-0.1904761904761904,342
37284,-0.0749999999999999,45
14736,0.0826086956521738,73
15579,0.0613026819923372,291
24563,0.0166112956810631,224
23579,-0.0068728522336769,320
62092,0.0912052117263844,256
75986,-0.0897435897435897,115
38578,-0.0643863179074446,402
45129,0.0,348
76102,0.75,0
50606,0.2577319587628865,0
76268,-0.1515151515151515,457
40635,0.0573476702508961,208
14795,0.0091743119266054,202
48696,0.0416666666666667,210
37399,0.25,256
14816,-0.0418060200668896,79
61663,0.0495495495495494,182
76639,-0.0044642857142856,268
76807,-0.3157894736842105,20
37460,0.0217391304347827,60
58472,-0.1568627450980392,260
76962,-0.175,317
61209,0.171875,406
77228,-0.02,52
60003,0.0,0
45647,-0.1333333333333333,205
65787,0.0710227272727272,208
77295,-0.12,32
77332,0.0,0
55001,-0.0042194092827003,5
77367,-0.0666666666666666,411
77463,0.125,236
77527,0.0810810810810811,74
48389,-0.125,255
62463,0.0533333333333332,85
75191,-0.021505376344086,57
54287,0.0,0
59600,-0.0571428571428571,89
45356,-0.023489932885906,313
77730,-0.0666666666666666,99
19596,-0.1331592689295039,47
42569,0.0188679245283018,304
19131,-0.1666666666666666,426
78044,0.0576271186440677,0
78095,-0.1875,87
78116,3.1333333333333337,0
14883,0.0097087378640776,47
15659,0.1100000000000001,18
44433,-0.046875,256
24985,0.0075757575757575,159
48725,0.1329787234042554,73
14955,-0.3109243697478991,201
78530,-0.0357142857142857,75
92655,-0.0347003154574132,0
53663,-0.0169491525423728,428
41371,0.0240963855421687,348
63810,0.0303030303030302,147
20968,0.0,0
28847,-0.2482269503546099,139
79119,0.0939226519337017,0
79250,0.0059594755661502,0
15077,0.0752212389380531,436
17830,0.0384615384615385,291
39087,0.0611111111111111,57
79330,0.0095238095238094,116
16117,0.0275229357798165,85
59619,-0.0233463035019455,191
16555,-0.0458715596330274,246
79629,0.1999999999999999,450
79637,-0.0462962962962962,76
14891,0.2083333333333332,80
26681,-0.0067114093959731,391
26606,0.0141509433962263,75
43553,0.0224719101123596,79
79848,-0.1805555555555555,292
92815,-0.1923076923076923,277
80128,0.08,254
47810,-0.0081967213114754,85
63044,0.048780487804878,5
80304,-0.0833333333333333,268
27043,-0.09375,296
62471,0.5,363
80566,-0.0999999999999999,67
37815,0.0362694300518133,119
61700,0.0416666666666667,303
80785,-0.0222222222222222,0
57808,-0.03954802259887,422
14306,-0.0902255639097744,117
92903,0.1,0
81147,-0.032258064516129,134
81219,-0.25,152
28388,0.0,0
45348,0.0294117647058822,85
15202,0.0127388535031847,412
45137,-0.0508474576271186,24
56063,0.0769230769230768,0
81382,0.0973451327433627,207
46770,-0.2380952380952381,289
24678,0.0196078431372548,357
21231,0.03125,75
53225,0.0637362637362637,208
57381,0.0260586319218241,195
46420,-0.0721649484536082,266
46068,0.0128205128205127,318
81737,-0.0149253731343284,404
81753,-0.1428571428571429,92
23034,-0.1130952380952381,0
43844,-0.4523809523809523,0
61233,0.0833333333333332,109
39562,-0.0176470588235294,158
45903,-0.0136986301369863,70
42059,0.0291262135922329,300
46076,-0.0078740157480314,399
63829,-0.1428571428571429,197
62498,-0.0654761904761904,125
58085,0.1999999999999999,0
66384,0.096774193548387,1
82326,-0.1111111111111111,11
15325,-0.27776,0
82502,-0.1304347826086956,151
15368,-0.0268456375838925,133
82705,0.0804597701149425,38
38033,-0.0714285714285714,399
39917,0.0253623188405796,77
19238,-0.1636363636363637,429
25419,-0.0195530726256982,77
45399,0.0333333333333334,115
82959,0.0204778156996587,47
47108,0.095890410958904,7
38156,-0.1468531468531468,428
82975,-0.0625,318
64135,-0.2558139534883721,81
38172,-0.0333333333333333,162
83142,-0.04,228
24803,0.0685358255451713,50
66747,0.0,189
23536,0.0472972972972973,428
58819,0.0522088353413654,428
25099,0.0277777777777776,159
83345,0.0431034482758621,295
38375,0.008,18
83396,-0.1111111111111111,213
42286,-0.1999999999999999,454
83433,-0.0384615384615384,125
44337,-0.0705882352941176,78
15472,0.0619307832422586,424
83687,-0.0930232558139535,245
51254,-0.0372670807453415,422
75153,0.0,20
41072,-0.0848056537102474,78
63079,0.0,0
83863,-0.2424242424242424,264
59483,0.0476190476190476,208
38295,-0.1999999999999999,192
18067,-0.1643835616438356,267
69155,-0.0253164556962025,0
43537,-0.089108910891089,212
84102,0.0277777777777776,270
45970,-0.0482758620689655,5
84161,-0.0566037735849056,390
84241,-0.0999999999999999,37
88285,0.0833333333333332,28
90756,0.0,131
90676,-0.0166666666666667,90
93316,-0.0714285714285714,165
91492,0.25,356
88664,0.0,0
86167,-0.1203007518796992,160
87856,0.0,331
68486,-0.5,0
68072,-0.0245098039215686,135
89763,0.0625,101
85586,-0.0270270270270269,70
89667,0.2142857142857142,0
90916,0.0,0
68452,-0.0096153846153845,44
85893,-0.0394736842105263,94
87223,-0.0697674418604651,144
70332,0.1636363636363635,57
90537,0.0476190476190476,17
55985,0.3333333333333332,359
90289,-0.1395348837209302,7
10080,0.3333333333333332,318
10095,-0.2105263157894736,0
10063,-0.0983606557377049,86
10064,-0.0113314447592067,81
10035,-0.1521739130434782,240
56312,0.0325203252032519,0
85017,-0.1194029850746268,261
90625,0.2857142857142858,311
88939,0.2758620689655173,41
87127,0.1488095238095237,208
75216,0.0652173913043479,185
85359,0.0869565217391303,128
89499,-0.1176470588235294,60
10147,-0.0192307692307692,146
88592,0.0535714285714286,63
86626,-0.2702702702702703,0
88242,-0.1111111111111111,85
90852,-0.1470588235294118,26
92284,-0.1966292134831461,0
50657,-0.1428571428571429,426
91273,-0.2105263157894736,34
90879,-0.0862831858407079,370
10140,0.0449438202247192,116
10078,-0.0436681222707423,251
10138,-0.0612244897959183,292
10107,-0.069620253164557,198
10108,-0.0217391304347825,6
91425,0.0273972602739727,0
68208,0.0,339
10127,-0.1063829787234043,33
10214,0.0434782608695651,174
10192,-0.0095238095238094,112
10143,-0.1851851851851852,0
10200,-0.3015873015873016,30
10235,-0.0389610389610389,68
10163,0.3113207547169812,93
92100,-0.0461538461538461,312
68451,0.0843373493975903,208
10272,-0.0289855072463768,269
69673,0.0571428571428571,343
10307,-0.037037037037037,193
10302,-0.3027522935779816,292
10299,0.0985915492957747,336
11744,-0.2272727272727273,228
10328,0.0140845070422535,0
75072,-0.0817610062893081,22
10351,-0.150943396226415,250
10363,-0.0789473684210526,72
10333,-0.2179487179487179,0
11040,-0.1136363636363636,0
10344,-0.04,248
10353,-0.4430894308943089,209
10071,-0.1794871794871795,84
10382,-0.1612903225806451,249
10383,-0.1071428571428571,0
89122,-0.3076923076923077,371
10043,-0.0357142857142857,294
10407,-0.0714285714285714,171
10412,0.1,13
10442,0.0921052631578946,70
10398,0.0795454545454545,251
10423,0.0208333333333332,49
10462,0.032258064516129,293
10352,0.3157894736842106,61
10446,-0.04,74
10432,0.0555555555555555,225
10414,-0.1304347826086956,74
10376,0.180327868852459,410
69809,-0.0327868852459016,197
10410,0.0163934426229508,223
70033,-0.076305220883534,76
10421,-0.1999999999999999,432
68945,-0.0645161290322581,193
70164,-0.0238095238095238,15
10527,0.0441176470588235,257
10530,0.4222222222222223,0
10537,-0.25,0
10606,-0.0636363636363636,6
70113,-0.1241379310344827,88
10141,0.0188679245283018,131
10557,-0.0754716981132075,21
68363,-0.1226415094339622,113
75070,-0.1302083333333333,39
10597,0.1888888888888888,94
75099,-0.0294117647058823,206
68857,-0.0816326530612244,262
85965,0.0784313725490195,301
10586,0.0,19
10224,-0.0434782608695651,31
10572,-0.087719298245614,311
10456,0.0888888888888888,100
10676,-0.1851851851851852,136
10611,-0.1571428571428571,61
75469,0.0372670807453416,213
70252,-0.0355555555555555,280
45225,0.0,366
10738,-0.1666666666666666,322
10691,0.1739130434782609,0
10713,0.125,216
86597,-0.0404040404040404,65
10704,0.0,109
86319,-0.0555555555555555,14
10749,-0.0619469026548672,67
75517,-0.0833333333333333,70
10739,0.0138888888888888,149
10721,0.2916666666666667,166
10716,0.0943396226415094,294
75071,-0.0714285714285714,164
10696,0.0530303030303029,375
75518,-0.1728395061728395,173
10705,-0.0784313725490196,171
10733,-0.1176470588235294,164
10765,-0.1914893617021277,322
10761,-0.1290322580645161,278
10745,0.1052631578947369,108
70260,0.3999999999999999,13
10750,0.0517241379310344,6
10785,-0.2777777777777778,382
10791,-0.1878787878787878,34
54245,0.0,0
10814,0.0151515151515151,43
70471,0.0405405405405405,112
10821,-0.0701754385964912,70
10820,-0.087719298245614,0
10818,-0.0615384615384615,170
10194,-0.0357142857142857,20
70500,0.0490196078431373,135
10828,0.0289855072463767,116
10830,-0.09375,339
88429,-0.2368421052631578,61
70965,-0.1538461538461538,135
75224,-0.2232142857142857,14
12100,0.0,6
71191,-0.1785714285714286,274
10484,-0.1428571428571429,28
10876,-0.5142857142857142,0
10026,0.0,102
10929,0.0384615384615385,404
10869,-0.12,43
10812,0.0666666666666666,39
10908,0.125,243
10909,0.0476190476190476,23
10924,0.1428571428571428,0
88234,-0.3529411764705882,0
10964,-0.0892857142857143,41
75222,-0.0571428571428571,332
10935,-0.0259740259740259,93
10933,-0.0092592592592593,0
92866,-0.0632911392405063,63
10443,-0.04,67
10032,-0.0496453900709219,9
70375,0.0,228
11701,-0.0925925925925925,334
71538,-0.125,28
10001,-0.0212765957446808,75
11035,-0.03125,65
11038,0.0636363636363637,114
10657,-0.0506329113924051,234
71001,0.0723860589812332,78
75215,-0.5079365079365079,6
65315,-0.1999999999999999,263
11037,-0.25,28
11065,0.0140845070422535,10
11036,-0.2471910112359551,188
10999,-0.1185567010309278,116
71984,0.0428571428571429,68
11141,-0.0327868852459016,0
71909,-0.0153846153846153,218
12933,-0.0256410256410256,15
11147,0.0833333333333332,124
11923,0.0,0
10170,0.0625,141
10362,-0.1794871794871795,219
10545,0.0,111
11138,-0.3611111111111111,176
10879,-0.0256410256410256,14
75084,-0.15,303
11194,-0.1875,54
11211,0.0136054421768707,82
14091,-0.0454545454545454,107
10827,-0.0251572327044025,170
11162,0.043956043956044,325
11031,-0.1707317073170732,247
11212,-0.0961538461538461,0
11265,0.25,315
72100,0.0588235294117647,148
11259,0.1578947368421053,32
40708,-0.3888888888888888,0
10928,-0.0208333333333333,0
11209,-0.1627906976744185,229
11277,-0.25,230
11246,-0.074074074074074,0
11276,-0.1111111111111111,294
29621,-0.074074074074074,69
11283,-0.1935483870967742,1
11291,-0.2153846153846154,34
11347,-0.1363636363636363,308
75545,-0.3255813953488372,347
11345,-0.0518867924528302,93
11372,-0.348314606741573,0
11342,0.0583941605839415,189
75467,-0.0625,220
11415,-0.3821656050955414,238
11365,0.0,251
11385,-0.1666666666666666,0
11339,-0.108695652173913,249
11000,0.0137614678899082,94
75192,-0.0769230769230768,141
11346,-0.086206896551724,0
75058,0.0588235294117647,300
11378,-0.04,223
11384,0.0043859649122806,132
11416,-0.1851851851851852,23
11393,0.0555555555555555,193
11401,-0.1538461538461538,12
11409,0.0,276
11425,0.0649350649350648,9
75103,-0.0123456790123457,90
11422,-0.1862745098039215,36
11403,0.2839506172839505,104
11170,0.0612244897959184,0
11452,-0.141025641025641,69
11478,-0.0108695652173913,300
11450,-0.040650406504065,0
11465,-0.0641025641025641,84
11481,0.018181818181818,0
75055,-0.0941176470588235,0
11484,-0.2043010752688172,285
11483,-0.0515463917525773,257
11531,-0.3165467625899281,81
71888,-0.0999999999999999,0
75101,-0.0952380952380952,432
11571,0.1666666666666667,0
11525,0.0273972602739727,216
75470,0.0909090909090908,13
75053,-0.0958083832335329,135
11307,-0.0211267605633802,0
11215,-0.1363636363636363,337
75242,-0.3,33
11532,-0.109375,285
75107,-0.063063063063063,0
75553,-0.0714285714285714,171
11547,-0.2720588235294118,384
11554,-0.0655737704918032,268
11626,-0.0301724137931034,456
75150,0.0454545454545454,83
75173,-0.15,211
11600,0.0273972602739727,184
75002,-0.011111111111111,273
75104,-0.0103806228373702,456
11160,-0.3,0
10451,0.0,31
11638,-0.0270270270270269,26
11636,-0.1382978723404255,98
11635,-0.1666666666666666,227
11662,0.0238095238095237,0
11533,-0.1639344262295081,153
11707,0.1647058823529412,178
11630,-0.09375,113
75172,0.0438596491228069,15
63351,-0.0402010050251255,182
75196,-0.5,55
11723,-0.131578947368421,36
11775,-0.0619047619047619,116
11779,0.0,61
11761,-0.1549295774647887,292
75186,-0.1768953068592057,155
11718,-0.0526315789473684,331
11534,-0.0491803278688525,306
11614,0.0340909090909091,162
11184,0.1184210526315789,293
75244,0.0256410256410255,48
11809,-0.1052631578947368,28
19289,0.0493827160493827,147
11731,0.0202702702702701,116
75106,0.1343749999999999,391
11706,-0.140625,82
22074,-0.009049773755656,334
11338,-0.1379310344827586,136
75261,0.0120481927710842,116
11828,0.0,17
37217,-0.0728476821192053,82
75272,0.0845070422535212,108
11599,0.0384615384615385,412
11764,0.1379310344827586,248
75262,-0.0188679245283018,109
11618,0.0327868852459016,101
11958,-0.0956521739130434,335
11896,0.2272727272727273,336
11913,-0.2857142857142857,251
11861,-0.0714285714285714,69
11858,0.092783505154639,82
75266,-0.0454545454545454,272
75577,-0.101123595505618,336
10360,-0.0526315789473684,0
75259,-0.0763888888888888,391
11796,0.0789473684210526,31
75228,-0.1879699248120301,0
11509,-0.03125,97
11776,-0.0833333333333333,108
11752,-0.0714285714285714,100
11822,0.0,122
10278,-0.1093117408906882,119
61671,-0.0784313725490196,79
64071,-0.0444444444444444,0
66173,-0.2153846153846154,0
63562,0.0769230769230768,69
59790,-0.1428571428571429,20
66122,0.0622710622710622,73
54594,-0.0088495575221239,7
10154,-0.032258064516129,309
10867,0.0526315789473683,39
11010,-0.1818181818181817,0
11790,-0.0490196078431373,268
12117,-0.0526315789473684,420
12320,0.0125786163522012,78
13056,-0.0093167701863353,424
13283,0.0774647887323942,10
50091,-0.0610687022900763,295
14526,-0.0851063829787234,212
11581,-0.054054054054054,108
15203,-0.1290322580645161,49
15828,-0.0999999999999999,147
16126,-0.1071428571428571,438
17137,-0.2520325203252033,167
85885,-0.1555555555555555,395
42438,0.0440251572327043,5
85914,-0.2572815533980582,110
55044,-0.0149253731343284,348
18092,-0.0779220779220779,175
18244,0.0857142857142856,390
55108,0.11864406779661,32
20336,0.0810810810810811,10
20670,-0.21875,0
64899,0.058139534883721,338
41419,0.0,200
22905,-0.0135135135135134,150
23027,-0.0555555555555555,136
23115,0.3658536585365854,429
47175,0.0494296577946768,307
23660,-0.5309734513274336,119
23975,-0.0359712230215827,212
24548,-0.2826086956521739,0
30680,0.0267379679144386,85
53401,0.0306122448979591,5
25583,-0.0666666666666666,199
56274,-0.0765765765765765,313
48637,-0.131578947368421,454
26658,-0.1666666666666666,0
36150,0.2075471698113207,148
64565,-0.036734693877551,0
12044,-0.0575539568345323,458
87207,0.1304347826086955,42
63554,0.032258064516129,212
31318,-0.2619047619047618,259
21872,0.0555555555555555,0
31536,0.0,237
54391,-0.3305785123966942,111
32046,-0.0827586206896552,60
32054,-0.125,193
47511,-0.0354609929078014,213
33188,-0.0270270270270269,49
33639,0.0,258
48143,-0.1340579710144928,151
34041,0.0740740740740741,349
23552,-0.0746268656716417,35
60628,-0.0719999999999999,53
63597,-0.1343283582089552,334
57330,-0.1634615384615384,288
37875,0.0136986301369863,96
20765,0.0085470085470085,52
66923,0.0869565217391303,54
17144,-0.0191570881226054,50
88357,-0.088235294117647,116
38798,-0.0769230769230768,74
38907,-0.2727272727272727,203
32205,-0.0909090909090909,334
39328,0.131578947368421,172
26657,-0.0115830115830115,334
22250,0.0638297872340425,231
64979,0.0,6
41452,0.103030303030303,78
27879,-0.003257328990228,191
50382,-0.196969696969697,113
52716,0.0859106529209621,208
50999,-0.0133333333333333,390
42586,-0.2717391304347826,0
62287,-0.0793650793650794,212
44856,-0.0697674418604651,70
45103,-0.1777777777777778,99
53129,-0.0833333333333333,26
51828,-0.0083333333333333,0
46739,-0.024390243902439,0
46843,0.0044642857142858,134
47563,0.0,437
89392,0.0099502487562188,213
33478,-0.1666666666666666,242
61137,0.04,266
50462,0.0173913043478259,191
49585,0.1999999999999999,18
64020,-0.0296296296296296,334
11198,0.0,410
59926,0.0,273
67328,-0.3028571428571428,76
45022,0.0350194552529183,290
67002,-0.2865497076023392,221
52090,-0.13,212
59942,-0.0837696335078533,53
52602,-0.12,66
53613,-0.0725806451612903,15
54114,-0.0723684210526315,108
55213,0.1278195488721805,78
64442,0.1111111111111111,394
65373,-0.3157894736842105,197
52337,0.1682242990654205,5
51377,0.0129870129870128,437
22066,0.015228426395939,208
57665,-0.0705009276437848,240
67010,0.0769230769230768,285
25232,0.0077519379844961,75
34948,0.056701030927835,79
35107,-0.0091743119266054,167
58675,0.0512820512820513,295
61621,0.0746268656716417,39
45823,-0.0294117647058823,54
51692,-0.073170731707317,78
63096,-0.026615969581749,79
40571,0.0037037037037037,290
64064,-0.351063829787234,201
65058,-0.2489082969432314,299
65307,0.0462427745664739,77
79733,-0.2340425531914893,140
66852,-0.1029411764705882,92
46922,-0.0344827586206896,99
67679,-0.2325581395348837,0
67732,0.0217391304347827,89
67970,0.0810810810810811,400
91679,-0.1272727272727273,207
69199,-0.0769230769230768,223
69220,-0.2136105860113422,271
69682,-0.0967741935483871,383
70288,-0.0384615384615384,454
38850,-0.0555555555555555,172
71002,-0.0526315789473684,194
25283,0.0201612903225807,428
72128,0.0,14
72291,0.0357142857142858,425
72486,-0.0963855421686746,0
72603,-0.032258064516129,102
72710,-0.2096774193548387,173
27764,-0.0753768844221105,213
54471,-0.101123595505618,246
44951,0.0585365853658537,38
58625,-0.2142857142857143,68
76022,-0.024390243902439,148
74500,-0.0416666666666666,0
60353,-0.1632653061224489,348
74561,-0.1704545454545454,0
65752,-0.1746031746031746,438
74975,-0.03125,269
40061,-0.0131578947368421,212
75433,-0.1176470588235294,0
40694,0.0552147239263802,5
37640,0.0275229357798165,51
76129,-0.1372549019607842,124
48709,-0.125,266
92524,-0.1999999999999999,0
47183,-0.0857142857142857,54
65306,-0.0837696335078533,116
37612,0.0,258
79039,-0.1290322580645161,0
79303,0.0380952380952381,7
65103,-0.1216216216216216,60
47917,0.0,246
80013,-0.0941176470588235,290
61698,-0.0217391304347825,75
92874,0.0416666666666667,404
81294,0.0481927710843372,166
19502,-0.0662020905923345,50
81614,0.0714285714285714,45
81702,0.1036585365853659,212
64506,-0.05,258
82449,-0.0571428571428571,400
51086,0.0769230769230768,411
53671,-0.2333333333333332,153
83601,0.0,402
88381,0.2222222222222223,404
62042,-0.1223021582733813,6
88445,0.1232876712328767,122
90107,-0.1428571428571429,0
88867,-0.2307692307692307,117
21785,-0.2333333333333332,177
10079,0.0147058823529411,51
10048,-0.025,15
10361,-0.1904761904761904,242
10397,-0.0192307692307692,6
10434,-0.168141592920354,380
69235,-0.3888888888888888,0
70148,-0.1951219512195121,188
75510,-0.1365853658536585,160
10634,-0.1428571428571429,274
69489,-0.2459016393442623,76
10800,-0.1904761904761904,274
10763,0.0,330
10914,0.0,28
10972,0.0,164
11124,-0.125,0
11128,-0.1379310344827586,0
11020,0.0,82
10087,-0.0833333333333333,169
11136,0.1875,0
11353,0.0303030303030302,16
11344,-0.1666666666666666,28
75033,0.4705882352941177,13
11352,-0.25,4
11366,-0.1871921182266009,0
11424,-0.3148148148148147,215
75068,-0.0892857142857143,184
75094,-0.0999999999999999,0
75174,-0.1039999999999999,31
75557,-0.03125,269
11661,-0.037037037037037,274
11694,-0.2631578947368421,0
11727,-0.1714285714285713,15
75110,-0.217391304347826,86
