firms,clusters,mom1
50906,0,-0.0611111111111111
10568,0,-0.0689655172413793
11157,9,-0.1304347826086956
50032,0,-0.0090634441087613
69171,17,0.0
68814,18,-0.125
47730,40,-0.1022364217252396
12627,0,-0.24
13232,0,-0.1271186440677966
13777,0,-0.1351351351351351
44652,0,-0.0858895705521471
38746,0,-0.0263157894736841
60871,0,-0.1773399014778325
14198,40,0.0654205607476634
45583,0,-0.074074074074074
14702,18,-0.2172131147540983
15537,0,-0.1111111111111111
68830,31,-0.1626016260162601
85631,29,-0.2280334728033473
16185,0,0.0641025641025641
17057,0,-0.109375
49373,29,-0.2022900763358778
18570,0,-0.1764705882352941
18711,13,-0.4594594594594594
47642,0,-0.0060606060606061
18973,0,-0.0224719101123596
19271,0,0.2758620689655173
29938,8,-0.0764331210191082
10866,29,-0.2014388489208632
20240,35,-0.2352941176470588
25320,40,-0.0372340425531915
21726,0,-0.0327102803738317
21742,0,-0.150943396226415
11267,0,0.0
22825,0,-0.1484375
26841,0,-0.0512820512820513
65533,0,-0.25
24572,17,-0.0749999999999999
24951,17,-0.0680272108843537
25217,0,-0.0144927536231883
25487,0,-0.0211267605633802
69307,0,-0.1904761904761904
65541,13,-0.074468085106383
27562,0,-0.1237113402061855
27677,9,-0.0967741935483871
31026,18,0.0980392156862746
27800,0,-0.0833333333333333
27909,0,-0.0925925925925925
28207,7,0.04
28311,0,0.125
28522,30,0.069767441860465
10731,0,-0.4567901234567901
63546,0,-0.0208333333333333
49154,0,-0.7066666666666667
19350,0,-0.1062499999999999
76769,13,-0.3134328358208955
49429,37,-0.1335616438356164
61313,0,-0.0436893203883494
19254,28,-0.0847457627118644
12008,17,-0.0531914893617021
31500,9,-0.0068965517241379
21039,7,-0.2222222222222222
87581,0,-0.0483870967741935
33209,0,-0.1532846715328467
50788,0,-0.1949999999999999
33690,0,-0.2555555555555555
34121,0,0.0260869565217392
34287,17,-0.5172413793103448
77462,40,-0.1135531135531136
46295,0,-0.0201612903225806
37058,28,0.0
46164,0,-0.1331269349845201
26382,28,-0.0783938814531548
31974,31,0.0274390243902438
62228,0,-0.1538461538461538
60935,0,0.2486187845303866
40838,28,-0.0424999999999999
19174,35,-0.0454545454545454
21055,0,-0.1935483870967742
38608,37,-0.0434782608695651
59547,0,0.161764705882353
47888,23,-0.0852713178294574
62367,0,-0.0833333333333333
39670,0,-0.0263157894736841
40628,0,-0.03515625
40644,0,-0.127906976744186
39765,0,-0.3392857142857143
32678,0,-0.4074074074074074
23077,0,0.0772357723577235
41663,0,-0.1025641025641025
27828,0,-0.5583437892095358
32803,0,0.04
66181,0,-0.0671296296296296
32870,0,-0.1588785046728972
32926,0,-0.0078740157480314
66587,0,-0.0611510791366906
42922,0,-0.0476190476190476
43474,13,-0.4339622641509434
12503,18,0.0126582278481013
45744,0,-0.0967741935483871
46149,0,-0.7508417508417509
46237,30,-0.0736842105263158
33267,0,-0.4
47133,17,-0.196078431372549
57437,0,-0.1292517006802721
47571,0,-0.1428571428571429
53495,17,-0.0266666666666666
50374,0,-0.18
48291,0,-0.28
48347,23,-0.0456431535269709
64282,31,-0.1162790697674418
26294,0,-0.0114942528735632
53612,0,-0.1316526610644257
61399,28,-0.0968858131487889
50519,9,-0.15
66253,35,-0.1333333333333333
50965,35,0.032258064516129
51960,0,-0.1475409836065574
13100,0,0.0228571428571429
51984,0,-0.1724137931034483
27617,31,0.0
60097,30,-0.1540178571428571
22891,0,-0.1641791044776119
60548,0,-0.3489932885906041
53189,0,-0.0285714285714285
55191,0,-0.0909090909090909
68582,0,-0.0754716981132075
47773,23,-0.1517509727626459
56339,28,-0.0526315789473684
56777,0,0.0434782608695651
34665,0,-0.0506329113924051
57809,0,-0.1061946902654867
57817,0,-0.0674157303370787
57884,0,-0.1275167785234899
58473,0,0.1333333333333333
53639,0,-0.0733333333333333
59185,0,-0.042016806722689
45313,0,-0.1733333333333333
59767,0,-0.1944444444444444
60055,9,-0.125
60346,0,0.0
60679,0,-0.0657894736842105
35051,0,0.0
90924,17,-0.2424242424242424
75310,35,0.3382352941176469
18403,0,-0.0547619047619047
35238,28,-0.1102941176470588
62368,0,-0.0625
13936,0,-0.1568627450980392
64338,0,0.0333333333333334
49971,0,0.0216216216216216
63686,0,-0.0827067669172932
64697,0,0.0
42307,0,-0.1693121693121693
65270,13,-0.1666666666666666
62033,0,-0.0617283950617284
75793,0,0.0833333333333332
67177,0,-0.081081081081081
25312,40,0.0538922155688623
91556,0,-0.1510791366906474
68065,0,-0.1558441558441559
41320,0,-0.0684931506849315
39773,0,-0.0666666666666666
50948,0,-0.1944444444444444
70376,35,-0.160919540229885
70923,0,-0.0742574257425742
42585,0,-0.0955414012738853
72961,0,-0.0494505494505495
74230,0,-0.1363636363636363
58800,0,-0.14
75345,0,-0.2857142857142857
53751,0,-0.16
62447,33,-0.4774774774774775
75951,17,-0.1111111111111111
76081,0,-0.0792682926829267
60580,0,-0.0830188679245282
61065,0,-0.0745614035087719
76743,0,0.046875
50278,0,-0.0952380952380952
79338,35,-0.0606060606060605
46260,0,-0.0516129032258064
66368,0,-0.108695652173913
79840,29,-0.3043478260869565
37807,0,-0.0706521739130434
80347,30,-0.0059523809523809
80654,1,0.0714285714285714
59627,0,-0.0512820512820513
81190,0,-0.101123595505618
55976,0,-0.0541871921182266
51932,40,-0.5073068893528183
44783,23,-0.222972972972973
82924,0,-0.0043103448275861
83011,9,-0.1746031746031746
15456,0,-0.1444444444444445
40539,0,-0.1074074074074074
89245,0,-0.0131578947368421
91572,9,-0.1025641025641025
87143,0,-0.0869565217391304
34228,17,-0.1428571428571429
91994,7,-0.0769230769230768
10025,17,0.0
86511,40,-0.0978260869565217
90609,29,-0.2297297297297297
69411,0,-0.1481481481481481
67467,0,-0.1020408163265306
10089,0,-0.1886792452830188
10182,0,0.0172413793103447
10247,13,-0.2417582417582418
10256,13,-0.2105263157894736
10259,0,-0.1333333333333333
75500,0,-0.1475409836065574
10501,0,-0.0666666666666666
10185,0,-0.2099999999999999
77420,0,-0.125
10514,7,-0.2660550458715596
10622,0,-0.15
10637,0,0.0769230769230768
10658,0,0.0416666666666667
10645,10,0.0
75232,9,-0.1818181818181817
10761,0,-0.1698113207547169
10706,0,0.09375
11747,0,0.2368421052631579
76563,31,-0.0978723404255319
10199,0,-0.1317365269461078
10870,17,-0.3095238095238095
10905,0,0.0
75527,0,-0.08125
75528,29,-0.0135135135135134
10984,0,-0.1153846153846154
11132,0,-0.21875
11103,0,-0.2352941176470588
71837,0,-0.0606060606060605
11154,0,-0.0571428571428571
10325,7,-0.1333333333333333
11343,0,-0.1149999999999999
71685,0,-0.4316546762589928
11342,0,-0.25
11381,13,-0.3969465648854962
11382,0,-0.0070422535211267
11379,0,-0.0416666666666666
11326,7,-0.0416666666666666
11426,33,0.1111111111111111
11278,0,-0.0625
75055,7,-0.3421052631578947
11475,0,-0.3382352941176471
11484,0,-0.0871559633027523
75066,0,-0.2272727272727273
10790,37,-0.040650406504065
75100,0,-0.5496575342465753
11665,0,-0.1999999999999999
75172,35,-0.1904761904761904
75563,31,0.0666666666666666
75179,40,-0.0046296296296296
11663,0,-0.073170731707317
11477,13,-0.296551724137931
11805,29,-0.088235294117647
11928,0,0.0423076923076923
11081,0,0.0909090909090908
75697,0,-0.1875
75700,0,-0.1851851851851852
75728,7,-0.1346153846153845
75621,0,-0.2041884816753927
75659,0,0.2777777777777777
75615,37,-0.0327868852459016
79410,0,-0.0442477876106194
75614,30,-0.25
75489,18,-0.1474358974358974
75655,0,-0.2211538461538461
76959,0,0.0357142857142858
75905,18,-0.1304347826086956
76052,0,-0.0526315789473684
76362,0,0.0
76215,0,-0.09375
76075,31,0.0
76076,0,-0.086092715231788
76459,18,-0.1739130434782608
76106,31,-0.0769230769230768
76462,35,-0.1875
76322,29,-0.1578947368421053
76937,17,-0.2857142857142857
76671,30,-0.4074074074074074
76369,35,0.1666666666666667
76251,9,-0.2941176470588235
76217,13,0.0026246719160105
77486,29,-0.088235294117647
76450,7,-0.04
76286,7,-0.2727272727272727
76498,7,-0.1730769230769231
56354,35,-0.1538461538461538
76860,0,-0.2608695652173913
77222,10,-0.1470588235294118
76607,7,-0.2380952380952381
76651,7,0.0641025641025641
76856,0,-0.1363636363636363
76673,9,-0.0681818181818182
76747,30,-0.1392405063291139
76781,0,-0.015625
76839,0,0.0272727272727273
76847,0,0.1951219512195121
77203,17,-0.3963414634146341
77045,0,-0.152
77025,29,-0.1968503937007873
77061,0,-0.0710900473933648
77108,0,0.0724637681159421
77096,0,-0.1627906976744185
77161,0,-0.0588235294117647
77082,7,-0.3181818181818182
77268,18,-0.1742424242424242
77335,0,-0.0236220472440944
77338,40,-0.241025641025641
77403,7,-0.0684931506849315
77501,32,-0.2592592592592593
77584,0,-0.2189781021897809
77657,7,0.1578947368421053
77675,7,-0.25
77677,35,-0.3181818181818182
77699,0,0.0338983050847456
65832,8,-0.0880503144654087
66413,0,-0.3318385650224215
21020,0,-0.1332417582417582
85041,35,-0.2037037037037037
62500,0,-0.0816326530612244
27991,28,-0.0699588477366255
20482,0,0.0086206896551723
10656,0,-0.0952380952380952
10123,13,-0.0596330275229357
63837,0,-0.0327868852459016
60038,0,-0.0625
85084,0,-0.1935483870967742
10752,17,-0.1483516483516483
61487,0,0.0363636363636363
61241,0,-0.110091743119266
11042,0,-0.5327313769751694
61081,28,-0.0707964601769911
28222,37,-0.0737527114967462
11368,13,0.1428571428571428
51721,0,-0.1778846153846154
11456,18,-0.28
28804,40,-0.1232876712328767
11587,28,-0.1078431372549019
49584,0,-0.1129032258064516
42083,40,-0.0700808625336927
48514,0,-0.0331491712707182
85252,7,-0.2777777777777778
63845,30,-0.1645569620253164
11691,8,-0.0155440414507772
71271,0,-0.0130208333333333
10137,0,-0.0526315789473684
44740,0,-0.2931034482758621
11851,9,0.0066666666666665
26331,17,-0.1409691629955947
10145,0,0.0284463894967177
41443,0,-0.1097560975609756
12002,7,-0.032258064516129
45911,0,-0.1408450704225352
12205,0,-0.2222222222222222
24643,30,0.0108932461873638
64856,0,-0.0958904109589041
28484,0,-0.0932400932400931
60046,0,-0.0813953488372093
39482,18,-0.0858895705521471
10225,23,0.002754820936639
56119,0,-0.0971428571428572
24109,37,-0.0263929618768328
12811,0,-0.04
12918,28,-0.01953125
59643,0,-0.1028571428571428
15667,29,-0.056133056133056
65859,0,-0.0652631578947368
66800,30,-0.0456273764258554
13304,0,-0.2393162393162393
13470,0,0.1282051282051282
29049,0,-0.083710407239819
46527,0,0.0101010101010101
65111,0,-0.1009615384615384
58560,0,0.4499999999999999
13769,0,-0.0769230769230768
69200,0,-0.1162790697674418
10401,31,-0.157258064516129
11144,0,-0.3409090909090909
23544,28,-0.503125
10460,28,-0.1337209302325581
14008,9,0.0115740740740741
14059,0,-0.1764705882352941
27051,0,-0.0404984423676012
19553,0,-0.072790294627383
18075,0,-0.0967741935483871
14219,0,-0.1666666666666666
14227,0,-0.2777777777777778
29073,0,-0.2155172413793104
14323,0,-0.2395348837209302
29102,0,-0.1153846153846154
59184,0,-0.0033333333333332
29145,40,-0.0783410138248847
39490,0,-0.1330798479087452
14593,0,0.0476190476190476
52804,0,0.1428571428571428
14761,0,0.3333333333333332
79760,0,0.0606060606060605
10516,0,-0.0718954248366012
14868,0,-0.0597014925373133
77595,7,-0.1694915254237288
17566,0,-0.0999999999999999
19692,0,-0.0368763557483731
15035,0,-0.0087719298245614
60230,0,-0.0465116279069767
29209,28,-0.0202898550724637
15166,29,0.1111111111111111
21143,0,-0.0280898876404493
10364,9,-0.1351351351351351
24272,28,-0.0788643533123027
15502,1,-0.1176470588235294
85607,0,-0.0185185185185184
15553,0,-0.0331125827814569
10604,23,-0.0190274841437632
15684,0,-0.163716814159292
20458,35,-0.2777777777777778
15721,33,-0.053072625698324
49701,15,-0.1111111111111111
15820,13,-0.4
69542,33,-0.1470588235294118
44644,0,0.0258899676375403
15991,0,-0.2788461538461538
50446,0,0.1111111111111111
44601,0,-0.0569476082004556
27684,28,0.0356083086053411
40416,0,-0.0249307479224376
58376,0,-0.0462962962962962
16193,0,-0.1132075471698113
65496,0,-0.0478260869565216
64717,7,-0.28
53110,28,0.0267857142857141
85754,30,-0.0727272727272727
62797,0,-0.1034482758620689
52484,0,-0.1149425287356321
75034,0,-0.1064638783269962
10318,0,-0.1095890410958904
58755,0,-0.1166666666666667
57568,0,-0.1271929824561403
16460,0,-0.0588235294117647
58480,17,-0.05
16468,15,-0.0285714285714285
24221,23,-0.092511013215859
16564,0,0.0370370370370369
55781,0,-0.0416666666666666
29532,13,-0.0512820512820513
16890,0,-0.1386138613861386
46877,28,-0.1062271062271061
39693,0,-0.0611246943765281
16978,17,-0.0336134453781512
16986,0,1.847826086956522
85842,13,-0.1627906976744185
47423,28,-0.0175438596491228
26518,0,-0.1647058823529411
27887,0,-0.119047619047619
75330,0,-0.06
29612,23,0.0185185185185186
39642,0,-0.0700934579439251
17444,0,-0.4296296296296296
77514,40,0.036144578313253
65883,0,-0.0238095238095238
65509,0,0.0805369127516779
43772,28,-0.0678571428571428
19377,31,-0.0378619153674832
11510,13,-0.1807228915662651
42438,0,-0.063063063063063
17807,0,-0.1170212765957446
10786,0,-0.1473684210526316
17815,0,0.0341880341880342
47992,0,-0.2083333333333333
17946,0,0.0892857142857141
17962,0,-0.088235294117647
17989,0,-0.0566037735849056
18033,0,-0.0676691729323308
18156,35,-0.0095238095238094
18287,7,-0.3333333333333333
18308,35,-0.1666666666666666
20220,0,-0.0485436893203883
61946,0,-0.0753768844221105
38527,0,0.024390243902439
18455,23,0.0
62519,13,-0.1692307692307691
55108,31,-0.0708661417322834
19561,0,0.0157819225251076
42024,0,-0.1126279863481228
51393,0,-0.1666666666666666
25144,0,-0.1127450980392157
66130,0,-0.1561461794019933
60898,35,-0.0265486725663717
39757,0,-0.09375
17961,8,-0.0851063829787234
86079,0,-0.0058139534883721
19393,0,-0.0374999999999999
42606,0,0.0
53786,23,-0.2284482758620689
10874,0,-0.05
55597,0,-0.0197368421052631
19693,0,-0.0769230769230768
19722,0,-0.1379310344827586
19802,18,0.1111111111111111
67176,0,0.0119047619047618
77465,23,-0.0442477876106194
50227,0,-0.0247295208655332
19880,13,-0.0396039603960396
19888,0,0.0
10890,0,-0.175438596491228
67432,0,-0.4338235294117647
19992,0,-0.1592592592592592
20117,40,0.0879120879120878
20125,0,-0.125
45655,0,-0.1555555555555555
48282,0,-0.1395348837209302
67838,0,-0.0638297872340425
47626,9,-0.0242718446601941
20299,31,0.0
10989,0,-0.0711805555555555
62148,0,0.0
28564,40,-0.0851063829787234
46690,0,0.0255102040816326
20504,9,-0.25
20512,0,-0.1269841269841269
20547,0,-0.2307692307692307
20571,31,-0.1788617886178861
56602,29,-0.1007751937984495
20723,0,-0.2049180327868852
20750,0,-0.0642857142857142
20897,0,-0.2967032967032966
21371,40,-0.0363951473136915
27334,0,-0.0658823529411765
23114,23,-0.0526315789473684
86423,0,-0.1376146788990825
20618,0,0.0390625
26374,0,-0.1965811965811965
86431,0,-0.0769230769230768
56952,0,0.0608695652173914
30402,0,-0.2222222222222222
40707,0,-0.0697674418604651
18542,0,-0.0276752767527674
53831,31,-0.0682730923694778
22016,0,-0.1673640167364016
22437,0,-0.048
64557,23,-0.0375586854460093
63503,0,-0.0392156862745097
58173,0,0.0
60599,0,0.0
22382,0,-0.1428571428571429
22518,33,-0.0743243243243243
22569,0,-0.0135135135135134
41419,9,-0.0359281437125748
21397,31,0.0119760479041917
86546,13,-0.4339622641509434
22913,0,-0.1038961038961039
22921,17,-0.1418181818181818
64194,23,-0.0201342281879194
23035,0,0.0
21960,0,-0.1047619047619047
23182,23,-0.046875
14541,0,-0.0190677966101694
30509,0,-0.0143884892086331
23297,0,-0.125
23318,0,-0.1020408163265306
21282,31,-0.0968660968660968
30525,0,0.0058823529411764
11260,0,-0.546
23393,8,-0.0059880239520958
68320,13,-0.14
24117,23,-0.023391812865497
47677,17,-0.0671462829736211
23481,7,-0.1896551724137931
22680,0,-0.1770833333333333
23537,17,-0.081967213114754
23588,29,-0.1063829787234043
66878,0,-0.125
24046,0,-0.0333839150227617
27422,23,-0.060702875399361
24097,35,-0.3
46578,0,0.0253878702397742
56741,0,0.0357142857142858
24193,30,-0.0816326530612244
38893,28,-0.1077844311377245
11995,0,-0.0283687943262411
11308,0,-0.0433673469387755
24441,0,-0.1564625850340135
64901,0,-0.25
24476,17,-0.2548076923076923
30648,0,-0.0617283950617284
18729,0,-0.0737463126843658
24556,18,-0.1176470588235294
24679,8,0.0238095238095237
77473,0,-0.0087719298245614
11340,0,0.033734939759036
24935,0,-0.1018518518518518
61735,0,-0.041871921182266
11997,9,-0.2364864864864865
25073,13,-0.1304347826086956
10195,0,-0.174468085106383
41064,30,-0.2596153846153846
25452,0,-0.0909090909090909
25989,9,0.2291666666666667
68347,0,0.1119592875318065
25604,35,0.1739130434782609
25612,35,0.0227272727272727
25786,0,-0.1111111111111111
25823,40,0.0280898876404493
25938,0,-0.1899999999999999
26009,33,-0.0583941605839416
40125,28,-0.0918196994991652
26084,17,-0.0044247787610619
86925,13,-0.2692307692307693
26252,17,-0.4873417721518988
26279,17,-0.4395161290322581
86941,18,-0.1538461538461538
11404,0,-0.0769230769230768
41929,0,-0.0710059171597633
21821,0,-0.0358851674641148
26586,0,-0.0336538461538461
26607,0,-0.1212121212121212
71765,0,-0.0131826741996233
26650,0,-0.0886075949367088
23229,28,-0.0161943319838057
26711,0,0.096774193548387
30840,0,0.0588235294117647
38914,0,-0.1386138613861386
21979,0,-0.0512048192771084
27430,0,-0.151685393258427
59248,0,0.055944055944056
27239,0,-0.1824324324324324
22293,0,-0.0390879478827361
27474,0,-0.1041666666666666
20204,0,-0.1097560975609756
27618,37,0.1079136690647482
38420,30,-0.1044776119402984
27722,37,-0.0347222222222222
53575,0,-0.2464788732394366
31042,0,-0.049586776859504
17726,37,-0.011111111111111
59256,0,-0.1707317073170732
31069,0,0.0714285714285714
31077,40,-0.053639846743295
27861,0,-0.0769230769230768
41080,0,-0.0743034055727553
18091,0,-0.0555555555555555
28063,0,-0.0833333333333333
28151,0,-0.015625
28178,0,-0.0714285714285714
29744,35,-0.0344827586206896
30067,9,-0.0041493775933609
19828,0,-0.0869565217391304
11607,0,-0.1008064516129032
49285,23,-0.086206896551724
66472,9,-0.1875
57592,0,-0.2019230769230768
28629,0,-0.1521739130434782
28725,17,-0.1833333333333333
28784,0,-0.1875
28840,23,-0.028169014084507
11183,0,-0.0909090909090909
12005,31,-0.2857142857142857
28952,33,0.0117647058823529
29050,0,-0.1149425287356321
22859,23,-0.0717948717948717
60273,0,0.1060606060606059
45110,31,-0.0131578947368421
29226,31,-0.0515463917525773
26112,0,-0.1581325301204819
29285,29,0.0806451612903225
61743,0,0.0316901408450704
29560,0,0.0948275862068965
29576,7,0.2083333333333332
11674,0,-0.068825910931174
45874,0,-0.0126050420168066
29736,0,-0.2352941176470588
29752,0,-0.0844155844155843
65226,0,-0.0681818181818182
45516,13,-0.3661538461538461
29832,40,-0.1376146788990825
29867,31,0.0202702702702701
40440,0,0.1347150259067357
43916,31,-0.2160664819944598
44943,0,-0.2835820895522388
30147,0,0.0775193798449611
10886,7,-0.1794871794871795
30307,0,0.1634615384615385
64936,8,-0.0593749999999999
38682,23,-0.0752688172043011
41515,30,-0.0873786407766989
30577,0,0.0
25953,0,-0.0679347826086956
20626,0,-0.0230263157894736
58990,28,-0.0628742514970059
30681,0,-0.1290322580645161
46471,28,-0.0756302521008402
30761,0,-0.2131147540983606
30780,23,-0.119047619047619
31376,9,-0.0357142857142857
63132,17,0.0964912280701755
27959,0,-0.0658536585365853
48506,0,-0.0799999999999999
25072,0,0.0
30892,0,-0.0769230769230768
30940,0,-0.0416666666666666
31051,0,-0.2333333333333332
31464,0,-0.0422535211267606
31070,40,-0.0153846153846153
31078,0,0.0869565217391303
31107,0,0.0230769230769229
42200,37,-0.1578947368421053
31211,13,0.3191489361702126
63159,0,-0.152
32281,8,0.0
31414,0,-0.0759493670886075
31422,0,-0.2142857142857143
31457,7,-0.12
31480,0,0.1538461538461537
26075,37,-0.0338345864661654
11754,0,-0.0401929260450161
11762,23,-0.0490405117270789
70578,37,-0.0643939393939394
31552,0,-0.1515151515151515
68398,9,-0.1095890410958904
31748,0,-0.046875
77481,0,0.0129870129870128
44185,0,-0.0616438356164383
32062,10,-0.1999999999999999
32110,0,-0.1452991452991453
38543,0,-0.2121212121212121
87549,35,0.125
77376,7,-0.3888888888888888
32222,0,-0.2258064516129032
22103,0,-0.0663900414937759
32417,0,-0.0576923076923077
23042,0,0.0217391304347827
61540,0,-0.25
32540,0,0.0085470085470085
87573,0,-0.0752688172043011
26470,0,0.0225988700564971
32636,0,-0.1703296703296702
32791,0,-0.0961538461538461
32804,0,-0.05
62834,0,-0.108695652173913
32986,0,-0.3020408163265305
25056,28,-0.086206896551724
33137,29,-0.2321428571428571
33153,0,-0.1222222222222222
52476,31,-0.0428571428571428
24328,0,-0.1017699115044248
33420,23,-0.0649350649350649
33508,0,-0.0357142857142857
33532,29,0.0526315789473683
31691,31,-0.0078740157480314
33567,0,-0.1428571428571429
42550,0,-0.0649350649350649
33612,28,-0.0235294117647059
87696,35,0.0192307692307691
66149,0,0.2299999999999999
87717,0,-0.0725806451612903
33823,0,0.2368421052631579
87725,0,-0.0508474576271186
11850,28,-0.0532374100719424
19166,0,-0.0114942528735632
24205,0,-0.0135869565217391
24918,0,-0.02
34367,31,-0.0144927536231883
34404,0,0.0377358490566037
21338,0,-0.0816326530612244
34463,0,0.0288461538461537
47706,23,-0.0638297872340425
21135,0,0.0141509433962263
34578,0,-0.1851851851851852
42745,0,-0.1146496815286624
10016,0,-0.1818181818181817
34818,0,0.096774193548387
34981,0,-0.2077922077922077
58296,0,-0.0449438202247191
36709,9,0.078125
47271,12,0.0521739130434781
36768,0,-0.0851063829787234
49875,28,-0.152073732718894
27748,37,-0.0587349397590361
22496,0,-0.0359712230215827
37023,0,0.0125786163522012
56784,0,-0.1014492753623188
54543,13,-0.5570032573289903
49031,0,0.0620155038759691
37189,0,0.0887096774193547
41726,0,-0.1966292134831461
25785,0,0.0
45241,0,-0.1165048543689319
37234,13,-0.036697247706422
37277,30,-0.0471698113207547
18112,0,-0.0363128491620111
37568,28,-0.0642857142857142
37584,0,-0.081967213114754
62877,0,0.0105633802816902
58421,28,-0.0270270270270269
37832,0,-0.1222222222222222
25961,0,-0.1632653061224489
37955,0,-0.057017543859649
40425,30,-0.0714285714285714
21004,0,-0.0810055865921788
32061,35,-0.1896551724137931
38085,13,-0.1666666666666666
38093,0,-0.015625
88269,13,-0.1017699115044248
38157,0,-0.1111111111111111
47941,0,-0.0724381625441695
32096,0,0.0
38280,37,0.0047732696897375
38317,13,-0.0681818181818182
38333,0,0.0246913580246914
62607,30,-0.2314814814814815
12052,0,0.032258064516129
12060,0,-0.0518731988472622
46834,17,0.0555555555555555
56629,0,-0.202020202020202
77644,0,-0.1298701298701299
38472,0,-0.1764705882352941
12079,0,-0.0692124105011933
38659,30,-0.0384615384615384
62260,17,-0.0984848484848485
46674,28,-0.0737704918032786
38827,29,-0.0689655172413793
23915,31,0.0528169014084507
39029,0,-0.1555555555555555
39045,0,-0.0490196078431373
16424,9,0.0220440881763526
12024,0,0.0434782608695651
57154,0,0.0069444444444444
55466,0,-0.0641025641025641
45428,17,-0.018018018018018
60441,0,-0.5794392523364487
12140,0,-0.0301003344481605
16432,23,-0.078125
53604,0,-0.0377358490566037
39483,0,-0.1317073170731707
39571,0,-0.0679012345679012
39590,0,-0.1142857142857143
60468,0,-0.0486111111111111
52695,0,-0.0935483870967741
39731,0,-0.0437158469945355
88400,35,0.0
32379,0,-0.0742971887550201
63976,0,-0.0103092783505154
67571,9,0.076
40097,28,0.004524886877828
19721,0,0.0218340611353711
40345,0,0.0
54770,0,-0.0799999999999999
40484,17,-0.0959409594095941
67942,0,-0.0851063829787234
23819,0,-0.0608108108108108
44468,23,-0.0147058823529411
43238,0,-0.0898203592814371
59301,0,-0.0344827586206896
40970,0,-0.1555555555555555
50905,23,-0.0152284263959391
41014,0,-0.0384615384615384
25582,28,-0.0573770491803278
25304,0,-0.1189591078066915
52978,37,0.0034965034965035
41188,0,-0.2419354838709677
10294,0,-0.0625
41187,8,-0.0211267605633802
41241,0,-0.032258064516129
41292,0,0.0416666666666667
53620,0,-0.2142857142857143
88605,0,-0.1505376344086021
32651,0,-0.1071428571428571
64434,13,0.0
60476,40,-0.078125
41444,0,0.0
41487,0,-0.2580645161290322
63992,13,-0.1111111111111111
32707,28,-0.0443686006825938
18016,0,-0.0948081264108352
16600,0,0.1175468483816013
61567,0,0.0
41874,7,-0.0645161290322581
23309,0,-0.0943396226415094
42140,0,-0.1298701298701299
12319,0,-0.0437956204379561
42439,28,0.0526315789473683
18374,0,-0.0275229357798164
42455,0,-0.1037735849056603
32897,35,-0.1818181818181817
42607,0,-0.1818181818181817
44986,0,-0.0552763819095477
20124,0,-0.0197368421052631
21792,35,-0.0812182741116751
58886,9,0.0370370370370369
32934,0,0.0180722891566265
48135,17,-0.0636042402826855
44150,0,-0.0873786407766989
42877,0,-0.1197604790419161
88795,0,0.0950704225352112
42981,0,-0.0277777777777777
43028,9,-0.0999999999999999
62295,0,0.0202020202020201
38973,0,-0.0725388601036269
43263,28,-0.032258064516129
43290,0,-0.0555555555555555
43327,7,-0.3484848484848485
64004,0,-0.0625
75227,0,-0.1538461538461538
12570,35,-0.0845771144278606
56573,0,-0.0480591497227357
43597,0,-0.2592592592592593
43610,0,-0.073394495412844
43618,40,-0.2727272727272727
43634,0,-0.1428571428571429
43749,13,-0.2065217391304348
43757,0,-0.222972972972973
43984,0,0.0909090909090908
43992,0,-0.087719298245614
44090,13,0.0714285714285714
12431,0,-0.0257142857142856
44194,0,-0.010204081632653
44207,18,-0.125
12458,0,-0.1146496815286624
88990,0,-0.1489361702127659
44274,0,-0.032258064516129
65293,0,-0.01010101010101
46519,37,-0.1388888888888888
46463,37,0.0153846153846153
44506,18,-0.188235294117647
59328,0,0.0229787234042553
44565,0,-0.38
44637,17,-0.3365155131264916
77855,0,0.0340909090909091
44768,28,-0.0241935483870967
44776,0,-0.2575757575757575
44792,0,-0.134020618556701
15747,0,0.0
89093,40,-0.0807174887892376
58608,0,-0.0297029702970297
44928,7,-0.323076923076923
50075,18,0.0333333333333334
12490,0,0.0858585858585858
40272,0,-0.1023622047244094
12511,37,-0.0385852090032153
45277,30,0.0370370370370369
21573,0,0.0271186440677966
49736,35,-0.2444444444444444
27705,0,0.0387596899224806
45373,0,-0.1020408163265306
45437,0,0.0496453900709219
68494,0,-0.2727272727272727
67619,30,-0.123076923076923
45509,7,-0.2972972972972972
23317,30,-0.036697247706422
45560,0,-0.3548387096774194
53065,28,-0.0586666666666666
67993,0,-0.1020408163265306
45728,0,0.2659574468085106
45891,13,-0.4267241379310345
57066,0,-0.1117021276595744
45955,7,-0.1578947368421053
46018,0,-0.0504201680672269
46026,0,-0.1363636363636363
46077,0,-0.0924369747899159
47984,0,0.0735294117647058
46229,0,-0.1851851851851852
52329,0,-0.2369668246445497
61583,0,-0.0426540284360189
46392,0,-0.1048387096774193
22111,30,-0.0353535353535353
42534,0,0.0359712230215827
53268,0,-0.0434782608695651
42104,30,-0.0316455696202531
46870,0,-0.1523809523809524
46886,0,-0.1881720430107527
51596,37,-0.0373134328358208
46923,0,-0.0344827586206896
56557,18,-0.0307692307692307
46931,9,-0.0147058823529411
46950,0,-0.409090909090909
47002,0,0.0185185185185186
42067,0,-0.1153846153846154
12650,0,-0.0962099125364431
68996,0,-0.3207547169811321
47205,40,0.0494186046511628
47248,40,0.0169491525423728
26825,31,0.0204778156996587
44134,23,-0.088235294117647
58616,35,-0.2571428571428571
25769,15,-0.0636550308008213
47619,0,0.0961538461538462
47715,0,0.004524886877828
17750,10,-0.0161812297734628
33398,0,-0.0535714285714286
47862,0,0.1081081081081081
59045,0,-0.0444444444444444
47969,0,-0.1428571428571429
48960,0,-0.096551724137931
45866,0,-0.1864406779661016
48072,0,0.0740740740740741
48101,7,-0.2777777777777778
59897,0,-0.108695652173913
48144,0,-0.3547008547008546
41136,0,-0.0412371134020618
48195,40,-0.1041666666666666
89456,0,-0.1159420289855072
49488,0,-0.131578947368421
48267,0,-0.25
47255,13,-0.3333333333333333
48363,35,-0.0693069306930692
48371,30,0.1
65656,37,-0.0987654320987654
48486,18,-0.1442307692307692
33603,0,-0.1368421052631578
48523,0,-0.0434782608695651
48531,0,0.0151515151515151
78468,0,-0.4318181818181817
48961,23,-0.1188118811881188
59053,0,-0.0799999999999999
49083,0,-0.1034482758620689
50286,0,-0.1587301587301587
60943,0,-0.063063063063063
65330,0,-0.1162790697674418
17443,7,0.3333333333333332
10092,35,-0.2624999999999999
49227,0,-0.0555555555555555
20415,0,-0.0408163265306122
49286,13,-0.2933333333333333
18147,0,-0.1086142322097378
47802,0,-0.0275590551181101
89587,40,0.0396039603960396
76966,18,-0.2391304347826086
49534,0,0.1121495327102803
50876,0,-0.1384615384615384
49737,30,-0.088235294117647
49745,0,-0.1219512195121951
49817,0,-0.0583333333333333
63239,7,-0.3043478260869565
49905,0,-0.0577617328519856
21178,0,-0.0104166666666666
59352,23,-0.0806451612903226
26710,29,0.0221870047543581
59360,0,-0.0669456066945606
89675,40,0.288888888888889
24360,0,0.0074074074074073
68523,13,-0.2666666666666667
33814,0,-0.0672451193058568
56223,0,-0.0734463276836158
43721,0,-0.0576131687242797
76489,0,-0.073170731707317
22373,0,-0.1256544502617801
62906,0,-0.1290322580645161
50287,0,-0.054054054054054
59774,0,-0.0227272727272727
33849,17,-0.09375
50404,30,-0.0390243902439024
23835,0,-0.0174418604651163
34067,31,0.019108280254777
89755,0,-0.0804597701149425
50543,0,0.0769230769230768
50623,0,-0.0595238095238095
50666,0,-0.0214285714285714
89790,0,0.0
51263,0,-0.2613240418118466
90100,0,-0.1566265060240963
43668,0,-0.0288248337028824
15069,0,0.0186335403726707
51677,0,-0.4137931034482759
46703,0,0.0096153846153845
45751,37,-0.060880829015544
51693,30,-0.0625
34032,0,-0.0785123966942148
51800,0,-0.0677966101694915
51829,18,-0.4375
35705,0,-0.0714285714285714
39538,0,-0.1353711790393013
51933,0,0.0857142857142856
51992,0,-0.2119205298013244
52039,40,0.0151515151515151
13119,0,-0.0532544378698225
52071,0,-0.0465116279069767
65357,0,-0.0949367088607594
43449,31,-0.0080213903743315
26729,35,-0.082051282051282
52135,40,0.1180555555555555
89915,0,0.0222222222222221
17478,0,-0.1475409836065574
52250,0,0.1690140845070422
52282,0,-0.2530120481927711
89931,0,-0.1012658227848101
52346,0,-0.0582524271844659
10507,0,-0.1764705882352941
52469,0,-0.125
52581,0,-0.1676305710177597
75407,0,-0.0564516129032257
17005,0,-0.0339506172839506
52792,40,0.0980392156862746
52813,0,-0.2307692307692307
22752,0,-0.0058027079303675
42796,37,-0.0269461077844311
52919,0,-0.072936660268714
53015,0,-0.0470588235294118
53074,17,-0.2028985507246377
90115,7,0.5
53226,0,0.0555555555555555
55546,0,-0.0615384615384615
53453,0,0.0
53480,0,-0.1838565022421524
53509,12,-0.3793103448275862
53576,9,-0.3018867924528302
53621,13,-0.023102310231023
53640,0,0.0547945205479452
53859,8,-0.0075187969924812
48901,0,-0.0297619047619047
54093,13,0.1666666666666667
54181,0,-0.1850746268656716
90211,9,-0.25
54253,0,0.0975609756097561
54341,13,-0.1428571428571429
22592,0,-0.0579710144927536
24248,0,-0.0474137931034482
15966,0,-0.0189098998887653
54675,0,0.108433734939759
54704,23,-0.0094339622641509
54771,12,-0.0833333333333333
54798,18,-0.0416666666666666
54819,12,0.1428571428571428
54827,0,-0.0708661417322834
76591,0,-0.2439024390243902
18382,35,-0.0384615384615384
42614,0,-0.0964467005076141
67678,0,-0.0103092783505154
55125,0,0.0
21290,0,-0.1075949367088607
90310,0,-0.3902439024390244
55256,23,0.0
55328,0,0.1851851851851851
22779,30,-0.1394422310756972
55467,0,-0.0661764705882352
13290,0,0.3157894736842106
28345,37,-0.0606060606060605
66640,18,-0.0326086956521739
65365,37,-0.1543624161073825
90342,0,-0.2535211267605634
13303,0,-0.173469387755102
41179,8,-0.0476190476190476
90377,13,-0.1875
55993,30,0.0689655172413792
56040,29,0.0078125
45487,12,0.107843137254902
47028,0,0.0614035087719297
25590,23,-0.0625
17278,29,-0.5378151260504201
53137,0,-0.0709219858156028
58501,0,-0.0123456790123457
56630,40,-0.0864197530864198
34497,0,0.0098684210526316
26753,0,-0.0677966101694915
56937,9,0.0186335403726707
56945,0,-0.1372549019607842
57067,0,-0.1401869158878504
38658,0,-0.0738636363636363
57251,0,-0.135593220338983
57286,0,-0.1217948717948718
64450,0,-0.0347826086956521
34630,0,0.0099009900990099
34649,35,-0.037037037037037
24096,0,-0.1173469387755101
60986,0,0.0448979591836735
21207,0,0.0
34673,17,-0.1054421768707483
57534,0,-0.240506329113924
48274,0,0.0
61815,0,0.0430463576158941
57780,0,0.0256410256410255
66288,7,0.0540540540540539
64311,37,-0.0457227138643068
49752,0,0.096774193548387
28118,0,-0.072234762979684
57999,18,-0.0689655172413793
10062,0,0.1071428571428572
44206,35,-0.0747663551401869
23931,0,-0.0936708860759494
24766,0,0.0091743119266054
58318,0,-0.0142857142857142
58334,23,-0.0107142857142856
58369,35,0.1363636363636364
58406,30,0.0186046511627906
34817,0,-0.074074074074074
66018,0,-0.0552631578947367
58772,28,-0.0289855072463768
58799,0,-0.0694444444444444
34825,0,-0.0295358649789029
58026,9,0.1454545454545455
34833,0,-0.0959595959595959
58975,28,0.0578512396694215
66667,0,-0.359375
59089,23,-0.099099099099099
59110,0,-0.0655737704918032
56733,1,-0.1052631578947368
23026,8,-0.04
59222,31,0.0508474576271187
13610,0,-0.0504201680672269
64063,0,-0.0978723404255319
63714,0,-0.1179245283018868
90705,9,0.0882352941176469
27385,0,-0.0442176870748299
59871,7,-0.1764705882352941
59898,13,-0.1864406779661016
55036,0,0.0
90721,37,-0.125
60063,28,-0.1111111111111111
34913,0,-0.063157894736842
60098,0,0.0230769230769229
20394,0,-0.1379310344827586
51457,0,-0.0413793103448275
60186,0,-0.010752688172043
24811,0,-0.1191860465116279
77157,0,-0.0234375
44230,40,-0.04
60354,13,-0.3306451612903226
22509,0,0.0102564102564102
42112,0,-0.0999999999999999
90820,40,-0.058824892199251
60506,31,-0.0714285714285714
60581,0,-0.2619047619047618
16870,0,-0.0084388185654008
60310,0,-0.246031746031746
66026,0,-0.0037037037037036
42833,0,-0.0617977528089888
75083,28,0.0214285714285713
54463,0,-0.1157894736842105
61031,17,-0.1081081081081081
61058,35,-0.1707317073170732
61111,0,0.0
22082,28,-0.0342205323193915
61138,35,-0.2195121951219512
61146,0,-0.1417910447761193
61218,0,0.2419354838709677
41355,28,-0.1769911504424779
61322,0,-0.2307692307692307
67037,0,-0.0579710144927536
61496,0,-0.0825688073394494
57509,35,-0.0769230769230768
68638,0,0.2247191011235956
61720,18,0.0454545454545454
61787,31,-0.0465116279069767
44353,0,-0.1957671957671958
62010,23,0.0345911949685535
22517,0,-0.0529100529100529
62034,0,-0.0999999999999999
35203,0,0.0
35211,0,0.0621621621621621
13821,23,-0.0708955223880597
13856,0,-0.1056338028169013
62200,33,-0.48
50550,9,-0.1458333333333333
27713,0,0.0829015544041451
62341,0,-0.0227272727272727
21936,31,-0.0210157618213659
17806,0,-0.0562248995983936
21776,0,-0.0961538461538461
52898,0,-0.3484848484848485
13901,40,0.0060096153846154
13928,0,-0.0567164179104477
62790,31,-0.2249999999999999
63088,0,-0.0373831775700934
63125,0,-0.0188679245283018
10120,0,-0.05
24459,0,0.0157068062827225
43588,0,0.0235294117647058
63240,0,-0.0096153846153845
53815,0,-0.1260504201680672
63395,0,-0.0392857142857142
35422,0,-0.091743119266055
60695,0,-0.1245901639344262
26438,0,-0.073972602739726
63483,0,-0.2574999999999999
56143,0,0.0413223140495868
63300,35,-0.2727272727272727
17902,0,-0.025
49744,0,-0.0415335463258785
23501,23,-0.089622641509434
63811,13,-0.3513513513513513
63830,0,0.0327380952380953
69075,0,-0.0077519379844961
64195,0,-0.2159999999999999
18163,0,-0.0151724137931034
64291,28,-0.074074074074074
55511,0,-0.0304878048780488
64646,0,-0.0220588235294117
23712,0,-0.0545454545454545
25443,0,-0.056701030927835
65032,0,-0.1111111111111111
64929,0,-0.0392156862745097
24539,29,-0.055350553505535
20183,37,-0.0083333333333333
64961,13,-0.5136986301369864
64996,0,0.123076923076923
65008,0,-0.1282051282051282
65024,9,-0.1709401709401709
65083,9,-0.0357142857142857
27756,0,-0.0735294117647058
65091,17,-0.2222222222222222
65155,0,-0.0212765957446808
65163,35,0.0740740740740741
69649,0,-0.0773480662983425
66683,0,-0.0108695652173913
46893,0,0.036144578313253
52097,0,0.0
65700,0,-0.2454545454545454
64346,40,-0.0799999999999999
18286,0,-0.2307692307692307
65817,0,-0.0285714285714285
24942,0,-0.0605326876513316
46228,0,-0.0790960451977401
14154,31,-0.0581395348837209
65964,30,-0.0285714285714285
91380,0,0.0408921933085502
66078,0,-0.0327868852459016
66086,0,-0.0903614457831325
58771,0,-0.189873417721519
76711,0,-0.296
66369,17,-0.0784313725490196
66393,0,-0.0229885057471264
66422,0,0.1440677966101695
57146,40,-0.0263157894736841
76282,13,-0.1759656652360515
66545,0,-0.0714285714285714
66553,0,-0.1186440677966101
76482,13,-0.2338709677419355
66617,0,-0.0909090909090909
66799,0,-0.0915492957746478
76597,13,-0.031496062992126
18921,0,-0.0263788968824939
66836,0,-0.1733333333333333
35916,0,0.0
59432,35,-0.4632352941176471
46762,0,-0.0238095238095238
67300,0,-0.1666666666666666
67345,13,-0.1888111888111888
26737,9,-0.0816326530612244
35991,23,-0.0100502512562814
23990,23,-0.0517928286852589
64477,0,-0.2903225806451612
36003,0,-0.1063829787234043
39570,0,-0.0167597765363128
45495,0,-0.0254237288135593
67847,33,-0.1730769230769231
26884,0,0.0550458715596329
54818,0,-0.125
66050,28,-0.1496598639455783
47490,30,0.2126696832579184
68049,0,-0.1756756756756756
27633,37,-0.0533333333333333
68161,0,-0.1415384615384615
68196,0,-0.0532544378698225
54199,0,0.0977443609022556
27780,0,-0.1312056737588652
68313,40,-0.0344827586206896
68340,0,-0.1016042780748662
46340,17,-0.1762820512820513
65066,0,-0.0071428571428571
76149,0,0.0909090909090908
68567,35,-0.1999999999999999
24467,0,-0.4369369369369369
68591,31,0.0037313432835821
52943,0,0.0689655172413792
91687,7,-0.175
68743,35,-0.1458333333333333
76122,28,-0.0421052631578947
22840,0,-0.0192307692307692
68938,0,-0.0776699029126213
67715,0,-0.0796019900497512
69033,18,-0.0588235294117647
23085,0,-0.0799999999999999
77075,23,-0.0578512396694215
25013,0,-0.1235059760956175
12253,0,0.0098039215686274
45671,0,-0.1370967741935483
36257,0,0.0270270270270269
69447,13,-0.1095890410958904
69471,29,-0.1764705882352941
36281,30,-0.0025188916876573
69607,0,0.0749999999999999
62690,0,-0.27
61049,9,0.0334572490706319
41574,0,0.0337078651685394
70018,0,-0.0687022900763358
51625,0,-0.0413043478260869
70077,0,-0.1777777777777778
70229,0,-0.1439688715953307
54412,0,0.0476190476190476
70280,23,0.0909090909090908
36468,28,-0.0295698924731182
56434,40,-0.3195020746887966
67723,0,-0.1666666666666666
49138,0,0.0579710144927536
70536,28,-0.0186915887850467
70616,0,-0.0416666666666666
70632,0,-0.1233333333333333
70659,0,-0.1627906976744185
70675,13,-0.1489361702127659
70691,0,-0.0087719298245614
70790,0,0.0135135135135135
19852,30,-0.1343283582089552
45794,0,0.1120331950207469
60206,28,-0.0633245382585752
91871,35,-0.0869565217391304
21514,28,-0.0527777777777778
71176,37,0.0396475770925111
26614,0,-0.0470588235294118
49437,0,-0.1436170212765957
15720,0,-0.127659574468085
71475,0,-0.1193181818181817
18411,0,-0.0812182741116751
71555,13,0.0
55204,0,-0.0803571428571429
76091,0,-0.0284090909090909
77015,0,0.1237113402061855
58683,0,-0.1502145922746781
71782,0,0.0
66093,0,-0.0076142131979695
63765,0,0.0
71942,0,-0.1818181818181817
71985,0,-0.1166666666666667
17523,0,-0.0588235294117647
72072,17,-0.2692307692307693
36695,31,-0.0609756097560976
55060,0,-0.1666666666666666
11760,29,-0.2210526315789474
72232,0,0.0909090909090908
44062,28,-0.0920398009950248
72291,0,-0.0465116279069767
72304,0,-0.176
16715,18,0.1145833333333332
39220,23,-0.1643356643356643
36775,0,0.0268817204301075
72494,28,0.0964467005076141
36783,37,-0.0198863636363636
43481,0,-0.0131578947368421
72523,33,-0.2711111111111111
71124,0,-0.0094339622641509
43350,0,-0.042016806722689
92057,7,-0.1428571428571429
18438,0,-0.1105769230769231
53399,40,-0.1717171717171717
92073,31,-0.2764227642276422
36898,0,-0.0344827586206896
45882,0,-0.0648148148148147
65074,17,-0.1071428571428571
72980,0,0.0124223602484472
18198,0,-0.0842490842490842
36978,9,-0.1071428571428571
58464,40,-0.1369426751592356
73075,0,-0.3823529411764705
73139,0,0.0803573626373628
73219,40,-0.0134408602150537
73294,0,-0.1428571428571429
72733,0,-0.0550724637681159
73438,35,-0.1470588235294118
14656,0,-0.1481481481481481
37022,0,-0.074074074074074
26454,0,-0.0136518771331057
20693,0,-0.0681818181818182
73614,0,-0.2012987012987013
52396,0,-0.1367924528301887
47861,0,-0.1157894736842105
73681,17,-0.0387596899224805
44345,29,-0.0967741935483871
66739,0,0.0555555555555555
73940,0,-0.0168539325842697
43334,0,-0.1846153846153846
73956,0,0.0
58625,0,-0.0673076923076922
52038,28,-0.1532846715328467
74086,0,-0.0344827586206896
37161,0,-0.0792079207920791
62420,0,-0.2181818181818181
30728,0,-0.0792951541850219
74393,0,-0.396551724137931
18681,28,0.0055632823365785
74481,0,-0.0263157894736841
74580,13,-0.301038062283737
39466,0,-0.0144927536231883
66333,0,-0.0091185410334346
74617,0,-0.1515151515151515
15560,0,-0.1081794195250659
58704,0,-0.1764705882352941
42219,0,0.0217391304347827
37196,0,-0.1092436974789915
74836,0,-0.1338582677165354
44513,0,-0.1514195583596214
74895,0,-0.0526315789473684
74908,0,0.0
92399,17,-0.1162790697674418
74932,0,-0.0625
57007,30,-0.0305343511450382
92401,0,0.2083333333333332
57736,29,0.0
43123,40,-0.0068965517241379
44329,28,-0.0732984293193717
63773,0,-0.1416666666666667
60142,0,-0.0454545454545454
75257,0,-0.1065420560747663
75273,0,0.0093089361702127
66114,0,0.0133689839572193
75388,0,-0.1999999999999999
75460,0,0.0
26542,0,-0.0391198044009779
43617,0,-0.1147540983606557
51369,18,-0.217391304347826
37284,40,0.0
14736,0,0.0134128166915052
75759,0,0.0
15579,0,-0.1328320802005013
23579,0,0.001564945226917
75890,0,-0.1184210526315789
62092,0,-0.1021021021021021
75986,0,0.04
38578,0,-0.0266666666666666
45129,28,-0.0915032679738562
11947,0,-0.0952380952380952
75270,0,-0.3037037037037037
50606,0,-0.2307692307692307
76268,0,-0.0526315789473684
40483,0,-0.1114649681528662
14795,0,-0.0548387096774193
76340,0,-0.1142857142857143
48696,23,-0.1777777777777778
37399,40,-0.15
14816,0,-0.0105263157894737
62308,0,-0.0257142857142856
61663,40,-0.027363184079602
76639,0,-0.081967213114754
76807,33,-0.2222222222222222
37460,0,-0.1818181818181817
76946,0,-0.054054054054054
76962,0,-0.2195121951219512
45647,0,-0.127906976744186
65787,28,-0.036144578313253
77332,18,-0.5
55001,0,-0.0845588235294118
77367,0,-0.0588235294117647
77463,0,-0.1111111111111111
92591,29,-0.0779220779220779
48389,13,0.0458715596330274
62463,0,0.0
59600,0,-0.0481283422459892
45356,0,0.0061349693251533
76185,7,-0.2272727272727273
77703,0,0.3999999999999999
77730,0,-0.1004566210045662
19596,35,-0.0534883720930232
17929,0,0.0
42569,0,-0.044776119402985
22664,28,-0.0259740259740259
77973,0,0.0
78044,23,-0.0177777777777777
78095,0,0.0526315789473683
78116,9,-0.0178571428571429
14883,0,-0.0153846153846153
15659,0,0.0566037735849056
44433,0,0.120253164556962
24985,0,-0.0652173913043477
48725,37,-0.0196779964221824
63781,0,-0.150943396226415
14955,0,-0.0769230769230768
78530,0,0.3057851239669422
78749,0,-0.2666666666666667
92655,29,-0.3316831683168316
41371,0,0.0612244897959184
28847,0,0.0138888888888888
79250,28,0.1048387096774192
15077,9,-0.0291970802919707
79303,40,-0.1428571428571429
17830,40,-0.0217391304347825
39087,0,-0.1279761904761904
79330,0,-0.0637755102040816
16117,0,0.0291262135922329
67360,23,-0.0824175824175824
59619,23,-0.1898305084745762
16555,0,0.0471698113207548
79573,35,-0.1785714285714286
79629,0,-0.1233766233766233
76472,0,-0.1666666666666666
79637,0,-0.0191387559808612
14891,0,-0.0297397769516728
46594,0,-0.0950570342205323
79776,0,-0.0396039603960396
79784,13,-0.2058823529411765
26606,0,-0.0227272727272727
43553,0,-0.060796645702306
79848,0,-0.1171171171171171
79864,0,0.1388888888888888
79944,29,-0.0476190476190476
80064,0,-0.1090909090909091
80128,40,-0.1323529411764705
63044,0,-0.1724137931034483
27043,0,-0.1352657004830918
80515,13,-0.1744186046511627
80566,30,0.0555555555555555
37815,35,-0.1025641025641025
61700,0,0.4761904761904763
80785,35,0.0555555555555555
57808,0,-0.2169312169312169
14306,0,-0.1551724137931034
92903,17,-0.21875
81219,30,-0.0476190476190476
15202,28,-0.0589473684210526
45137,0,-0.1928934010152284
56063,0,0.08
81382,0,-0.0254627160493826
81510,0,-0.0632911392405063
24678,0,-0.009090909090909
93009,0,0.1
21231,0,-0.0568181818181817
53225,28,-0.0385802469135801
57381,0,-0.0954198473282442
81700,40,0.015625
46420,31,-0.2100456621004566
46068,0,-0.191358024691358
81737,0,-0.1111111111111111
81753,0,-0.1666666666666666
23034,12,-0.1388888888888888
61233,17,-0.175
39562,9,-0.125
42059,28,-0.053639846743295
46076,40,-0.0116279069767442
63829,0,-0.088235294117647
65445,0,0.0476190476190476
66384,17,0.1435406698564594
82326,0,-0.253731343283582
38033,28,-0.0246913580246913
39917,0,-0.0205882352941176
45399,0,0.0
82801,0,-0.0779220779220779
82959,0,-0.0126050420168066
38156,0,-0.0757575757575758
64135,31,-0.1065989847715735
38172,0,-0.06
83142,40,-0.0476190476190476
24803,0,-0.0106007067137808
66747,0,-0.1125
23536,0,-0.0779220779220779
58819,0,-0.0418250950570342
83345,0,0.0594059405940594
38375,8,-0.1563636363636363
83396,0,-0.024390243902439
42286,0,0.0615384615384615
83433,0,0.0425531914893617
44337,18,-0.1851851851851852
15472,0,0.0198019801980198
44476,40,-0.0339622641509433
51254,28,-0.1460176991150442
75153,7,0.1538461538461537
27983,35,-0.058411214953271
41072,30,-0.0451977401129943
63079,0,0.0075757575757575
83863,13,-0.276595744680851
59483,0,-0.0377358490566037
38295,0,-0.0344827586206896
18067,0,-0.2604166666666666
43537,0,0.023391812865497
84102,9,-0.0604026845637584
45970,0,-0.0180722891566265
84153,0,-0.3225806451612903
84241,17,-0.1363636363636363
88832,33,-0.2735042735042735
90756,0,-0.0265486725663717
90676,0,-0.0930232558139535
93316,33,0.0
60090,0,-0.1212121212121212
87426,0,0.0652173913043479
91492,9,0.0
88664,0,-0.088235294117647
86167,0,0.0255102040816326
68304,0,-0.0476190476190476
87856,0,0.0
89763,17,-0.1264367816091953
85586,0,0.0263157894736842
90916,0,-0.1666666666666666
68452,0,0.0273972602739727
85893,37,-0.0588235294117647
10019,0,0.0306122448979591
87223,0,-0.0816326530612244
70332,0,-0.1185344827586206
90537,0,-0.009009009009009
10116,0,-0.217391304347826
55985,0,-0.1176470588235294
90289,0,0.0196078431372548
10080,29,-0.1470588235294118
10039,18,0.0370370370370369
10064,35,-0.024390243902439
10035,0,0.0
85869,0,0.2586206896551724
85017,17,0.0976863753213368
75894,0,0.0124999999999999
75193,0,-0.0384615384615384
75216,0,-0.2648648648648648
89499,40,-0.4189944134078212
10147,9,0.0540540540540539
10100,29,-0.2121212121212121
38149,7,-0.2407407407407407
88592,12,0.0
86626,0,-0.0925925925925925
10028,30,-0.0833333333333333
90852,35,-0.1999999999999999
77576,0,-0.0386740331491712
50657,0,-0.1984126984126983
77712,0,-0.0018450184501844
10140,0,0.0459770114942528
10078,0,-0.0721868365180467
10138,0,-0.0853658536585365
10042,0,-0.0681818181818182
10107,0,-0.0187304890738814
10108,0,0.0186915887850467
10127,0,-0.0555555555555555
10214,9,-0.1111111111111111
10192,30,0.024390243902439
10143,0,-0.25
10200,35,-0.3333333333333333
10235,9,0.1076923076923077
10163,0,-0.0245901639344262
10150,0,-0.0363636363636363
92100,12,-0.25
68451,40,-0.0519750519750519
10281,29,-0.24
10272,0,-0.2952380952380952
10302,0,-0.1770833333333333
10299,18,0.05
75072,9,-0.3073770491803278
10075,0,-0.015625
10363,0,-0.0205479452054794
10333,0,-0.2777777777777778
11040,13,-0.1363636363636363
10353,0,-0.1240105540897097
10071,0,-0.1725663716814159
10382,0,-0.0945945945945946
69526,13,-0.1388888888888888
10397,28,-0.0240384615384615
10406,33,-0.1796116504854369
10404,29,-0.2571428571428571
10343,30,-0.0833333333333333
10257,0,-0.1645569620253164
10043,0,0.0363636363636363
12282,0,-0.0714285714285714
10407,18,0.0
10412,0,-0.0571428571428571
76565,0,-0.0122699386503067
10423,7,-0.2941176470588235
10462,7,-0.0660377358490565
10446,0,-0.188034188034188
10418,0,-0.2222222222222222
10411,0,-0.0875
10376,0,-0.0377358490566037
69809,0,0.1153846153846154
10410,33,0.0413533834586465
70033,0,-0.0030395136778115
10371,17,-0.1940298507462686
10421,0,-0.1006711409395972
10422,33,0.0285714285714284
10513,0,-0.3566666666666667
68945,31,0.0089285714285713
10527,0,0.0310559006211179
69374,0,-0.0454545454545454
10530,40,-0.1591836734693877
10531,0,-0.2972972972972972
10550,17,0.048687881722389
10142,0,-0.0545454545454545
11088,31,-0.1818181818181817
75070,0,-0.0827586206896552
10597,0,-0.26875
10624,0,-0.2777777777777778
75099,0,-0.1041666666666666
10547,0,-0.0416666666666666
10564,35,0.0833333333333332
68857,0,-0.1432432432432432
10586,0,-0.1875
10571,0,-0.2777777777777778
76123,31,-0.0678294573643411
10572,40,-0.1538461538461538
10456,0,-0.2075471698113207
10611,0,-0.1176470588235294
75469,23,-0.171875
70252,0,-0.0357142857142857
10661,13,-0.0666666666666666
45225,9,-0.1578947368421053
10685,0,-0.0983606557377049
75596,0,-0.0259740259740259
10738,0,0.0512820512820513
10693,40,-0.15625
10713,40,-0.0079365079365079
10244,0,-0.1914893617021277
10649,0,-0.125
10628,31,-0.125
86597,9,-0.0779220779220779
10704,40,0.1710526315789473
86319,9,-0.2941176470588235
10749,0,-0.0060975609756097
75517,30,-0.1640625
10721,0,0.0546218487394958
10716,13,-0.5571428571428572
75071,17,-0.1458333333333333
10696,0,0.1166666666666667
10837,0,-0.0749999999999999
10680,30,-0.18
10745,0,0.0508474576271187
10772,9,-0.05
10750,28,-0.0509259259259259
69489,0,-0.15625
10785,0,-0.2676056338028169
10791,0,0.0833333333333332
10775,0,-0.1999999999999999
54245,9,-0.0120481927710843
10644,17,-0.0161290322580645
10814,0,0.0142857142857142
10806,0,-0.0416666666666666
19749,0,-0.1666666666666666
93236,7,-0.1111111111111111
86917,0,-0.1228070175438597
10818,0,0.0327868852459016
10646,0,-0.2068965517241379
10194,9,-0.0317460317460317
70500,0,0.0180505415162455
10828,0,0.0188679245283018
10830,0,0.0526315789473683
11159,0,-0.119047619047619
70965,0,-0.125
75224,0,-0.0888324873096446
48806,18,-0.1111111111111111
10881,13,-0.4831460674157303
71191,0,-0.1666666666666666
10484,0,-0.0526315789473684
10026,0,-0.1141304347826086
10929,0,-0.1181434599156118
10994,0,-0.0714285714285714
11122,7,-0.4305511111111111
10812,30,-0.02803738317757
10908,0,-0.0542635658914728
10419,35,-0.3571428571428571
10909,0,-0.3859649122807017
62296,13,-0.0892857142857143
88779,35,-0.09375
10924,17,-0.0760869565217391
10942,17,0.0122950819672131
75222,18,0.0512820512820513
10935,0,-0.0352941176470588
10933,17,-0.043010752688172
10860,0,-0.1039999999999999
92866,0,-0.0008386577181207
10443,0,0.0
10032,0,-0.1229508196721311
11312,0,0.0588235294117647
11701,0,-0.0106382978723403
71538,0,-0.1403508771929824
10001,0,0.046875
10455,7,-0.2142857142857143
11038,0,-0.3764705882352941
11072,17,-0.6796875
10657,0,-0.0963855421686746
70674,9,-0.02
71001,35,-0.0270270270270269
75215,30,0.0769230769230768
65315,35,-0.073170731707317
11036,29,0.125
75035,0,0.0833333333333332
10999,0,-0.0217391304347825
77453,0,-0.0434782608695651
71984,0,-0.0098039215686274
11141,0,-0.1324503311258278
75149,13,-0.1461988304093567
77081,0,-0.0942028985507246
11082,0,0.096774193548387
11119,8,-0.159090909090909
11137,0,-0.1234567901234567
11923,0,-0.0930232558139535
10838,18,-0.1081081081081081
10170,18,-0.0909090909090909
10362,0,0.1200000000000001
10545,0,0.0426356589147287
11138,0,-0.0714285714285714
77150,31,0.0366666666666666
10879,7,0.1153846153846154
11194,30,0.0882352941176469
11292,0,-0.2142857142857143
11162,31,-0.2421052631578947
10963,35,-0.2777777777777778
11265,18,-0.1851851851851852
72100,0,-0.0434782608695651
11028,18,-0.4347826086956522
11277,13,0.0084745762711864
11246,18,0.0
11192,33,-0.2051282051282051
29621,0,-0.2027027027027027
11283,30,-0.1759259259259259
11357,13,-0.2195121951219512
11291,23,-0.010752688172043
10506,0,-0.1999999999999999
11347,0,-0.0451127819548872
75545,0,-0.2222222222222222
11345,0,-0.5128865979381443
11314,0,0.3181818181818181
11372,0,-0.032258064516129
11358,40,-0.1764705882352941
65294,0,-0.0256410256410256
11365,0,-0.2132701421800947
11385,33,-0.1443298969072165
11339,0,-0.3762376237623762
11000,0,-0.1164383561643835
12173,0,-0.203125
85527,29,0.0425531914893617
11346,17,-0.2584448054184307
11371,0,-0.2076923076923077
75058,0,-0.0555555555555555
11378,0,-0.1296296296296296
11384,0,-0.1657754010695187
11416,0,-0.072463768115942
11409,0,-0.2653061224489795
75103,0,-0.1833333333333333
11403,0,-0.0962962962962963
10889,0,0.0204081632653061
11170,10,0.0294117647058822
11452,0,-0.16
11478,0,-0.0659340659340659
76310,0,-0.0769230769230768
11055,18,0.0303030303030302
10863,18,0.0
11465,0,-0.2099999999999999
11411,13,-0.1855670103092783
11481,7,-0.1818181818181817
10857,0,-0.1666666666666666
11483,0,-0.0970873786407766
11531,0,-0.3904109589041096
11496,13,-0.0625
75101,30,-0.2258064516129032
75111,0,0.0454545454545454
11571,35,-0.1999999999999999
75470,0,-0.109375
11562,7,-0.21874
75053,0,-0.0389610389610389
11545,13,-0.0232558139534884
11215,9,0.1213592233009708
11552,0,-0.2934782608695652
11522,7,-0.4553571428571429
11458,0,-0.35
91003,0,-0.0984126984126984
11373,0,-0.1529411764705882
75107,0,-0.1724137931034483
75553,28,-0.2054794520547945
11547,40,-0.352112676056338
11554,18,-0.3877551020408163
75554,9,-0.1323529411764705
77085,13,-0.05
75150,0,-0.025
75375,7,0.0
11600,28,-0.0235294117647059
75558,37,-0.1111111111111111
75104,0,-0.101639344262295
11043,17,-0.0677966101694915
11492,18,-0.368421052631579
11315,18,-0.1428571428571429
11654,40,0.0263157894736842
10451,0,-0.045662100456621
11638,18,0.0196078431372548
11636,9,-0.2432432432432432
11641,30,-0.2424242424242424
11394,13,-0.3043478260869565
11622,0,-0.1219512195121951
10386,13,0.0857142857142856
75526,0,-0.1666666666666666
11662,0,0.1866666666666667
11533,0,-0.1045197740112994
11707,0,-0.3985330073349633
11630,0,-0.3863636363636363
11681,0,0.0
11591,13,-0.1346153846153845
75196,33,-0.1851851851851852
11723,0,-0.221590909090909
11775,0,0.0545454545454544
11773,0,-0.1794871794871795
11781,7,-0.4888888888888889
11761,28,-0.0275862068965517
75233,0,-0.0638297872340425
11678,0,-0.11875
75186,0,-0.0153061224489795
77080,0,-0.0825242718446601
11534,0,-0.0303030303030302
11671,0,-0.2391304347826086
11590,18,-0.1666666666666666
75244,35,0.0
11809,35,-0.1739130434782608
51190,0,0.015625
19289,0,-0.0336134453781512
11731,28,-0.1823204419889502
11825,33,-0.2258064516129032
17559,0,-0.1875
75106,37,-0.0432692307692307
11910,17,-0.2365591397849462
22074,0,0.060200668896321
11338,0,-0.0999999999999999
75261,0,-0.081447963800905
37217,0,-0.0650887573964497
75272,0,-0.0977443609022556
11599,23,-0.0165289256198346
11726,7,-0.3
10822,0,0.0126582278481013
11764,0,-0.1805555555555555
75262,0,0.0
11618,0,-0.0114942528735632
11958,0,-0.1666666666666666
11896,18,0.0434782608695651
11913,0,0.1898734177215189
75902,12,-0.1780821917808219
11490,0,-0.0508474576271186
11861,0,0.0061728395061728
77118,0,-0.1630434782608695
75266,0,0.0
11884,0,-0.1884057971014492
75577,0,0.0789473684210526
10360,17,-0.1597222222222222
11853,0,0.375
75241,0,-0.1801801801801802
75259,0,0.0498338870431893
11929,35,0.25
11934,7,0.0588235294117647
62084,0,0.0370370370370369
75320,0,-0.0282258064516128
75285,0,-0.1337579617834394
11057,0,-0.032258064516129
11796,31,0.0185185185185186
75308,0,0.0370370370370369
11927,9,0.0945945945945945
75569,0,0.0
10901,0,0.0666666666666666
75316,15,0.0086206896551723
11891,0,-0.0626959247648902
75228,1,-0.0714285714285714
75286,0,-0.2444444444444444
11994,17,-0.1801470588235294
75288,23,0.0
11964,31,-0.1685393258426966
11849,13,-0.0189393939393939
11509,0,-0.045045045045045
73948,0,-0.21875
11955,17,-0.1561181434599156
11802,0,-0.282051282051282
11874,9,0.1573033707865168
11899,0,-0.1212121212121212
11819,7,-0.1111111111111111
11888,0,-0.0967741935483871
11752,33,-0.1627906976744185
11970,18,0.146341463414634
11468,12,-0.2272727272727273
12193,0,0.0
75294,0,-0.0711297071129707
75295,0,-0.144
12149,0,-0.2436974789915966
75579,30,-0.0749999999999999
12067,0,0.0
75573,0,-0.2901234567901234
11917,17,-0.044776119402985
11887,0,0.0391304347826086
11306,18,-0.2916666666666666
12252,12,-0.25
11976,0,0.0711297071129706
29496,35,-0.36
11541,0,-0.1339285714285714
75359,17,-0.0208333333333333
75326,0,-0.0769230769230768
11998,0,-0.3199999999999999
12195,0,-0.1999999999999999
75880,0,-0.1157407407407407
75348,0,-0.006269592476489
12126,17,-0.0551181102362204
75585,0,-0.0256410256410256
12113,0,-0.1923076923076923
76635,0,0.0463768115942029
12226,0,-0.0480769230769231
12260,7,-0.1999999999999999
12265,17,-0.4615384615384615
12074,0,-0.131578947368421
12218,7,-0.1290322580645161
12199,0,-0.0161290322580645
75390,28,-0.0459183673469387
12214,0,-0.1176470588235294
11502,0,-0.0452488687782804
12062,12,-0.0833333333333333
12230,9,-0.086206896551724
12190,9,-0.3055555555555556
75333,30,-0.0058139534883721
12209,0,-0.1864406779661016
75462,0,-0.1029411764705882
75432,0,-0.0714285714285714
77534,0,-0.0449438202247191
75383,28,-0.0463576158940397
75444,0,-0.0725388601036269
75445,0,-0.2849162011173184
77579,0,0.0
75675,0,-0.4385964912280702
12174,17,-0.3116883116883117
75448,0,-0.1802325581395348
75479,0,-0.0843373493975904
75672,13,-0.2796610169491526
75473,0,-0.0539568345323741
10278,0,-0.0901639344262295
61671,0,-0.175
64071,0,-0.1724137931034483
75449,23,-0.1122994652406417
12169,0,0.0365853658536585
75591,0,-0.2105263157894736
77142,0,-0.1515151515151515
75747,18,-0.1111111111111111
75483,0,-0.0674157303370787
12215,7,-0.21875
75482,0,-0.0124223602484472
75477,0,-0.1956521739130434
75480,29,-0.1470588235294118
75447,0,-0.2352941176470588
76573,0,-0.2048192771084337
75730,17,-0.2093023255813954
75721,0,-0.3249999999999999
75776,13,0.1428571428571428
75731,0,-0.0666666666666666
75694,0,-0.0427350427350426
63467,0,-0.0202020202020202
75647,0,-0.0335570469798657
75704,9,-0.368421052631579
75957,15,-0.2580645161290322
75488,9,-0.0827338129496403
76667,0,-0.1118421052631578
75649,0,0.06198347107438
75758,18,-0.375
75878,12,-0.108695652173913
76133,0,-0.063157894736842
75593,17,0.0833333333333332
75646,0,0.0316455696202531
75602,30,0.1578947368421053
75597,35,0.0
75645,7,-0.1052631578947368
75875,0,0.015625
75781,0,-0.2432432432432432
75490,0,-0.1709401709401709
75609,0,-0.240506329113924
75627,0,0.0
75739,0,-0.02
75606,0,-0.0925925925925925
75607,0,-0.2199999999999999
75654,18,-0.1162790697674418
75795,0,-0.0217391304347825
75815,0,-0.175438596491228
75603,12,-0.1928571428571428
75818,17,-0.2732558139534884
75808,28,-0.0966666666666666
75801,0,-0.0853658536585365
75651,18,-0.2941176470588235
75998,0,-0.125
75800,12,-0.3333333333333333
10051,0,-0.0306122448979592
75608,0,-0.1317567567567568
76003,0,-0.2272727272727273
76070,0,-0.2846153846153846
75825,0,-0.1031390134529147
75853,29,-0.0166666666666667
76011,0,-0.0256410256410256
75945,0,-0.0281329923273657
75854,0,0.0725388601036269
76025,29,-0.0999999999999999
13152,31,-0.1224489795918367
76148,13,-0.0578947368421052
78717,0,-0.2239382239382239
75831,0,-0.5233644859813085
11748,9,-0.0579710144927536
75828,9,0.1214953271028036
75834,0,-0.0813397129186602
22198,31,-0.1142857142857143
23799,1,0.3695652173913044
75835,7,-0.3947368421052631
75503,13,0.0416666666666667
75660,0,-0.1728395061728395
10290,15,-0.1186440677966101
75850,7,-0.3669064748201439
11713,40,-0.1511627906976744
52936,28,-0.0228571428571429
55336,0,-0.0172413793103448
76027,18,-0.1428571428571429
75551,7,0.09375
69906,0,-0.1282051282051282
43837,0,0.9733333333333334
75833,7,-0.06
76038,35,-0.1714285714285713
75861,0,-0.0895522388059701
75822,18,-0.0833333333333333
75819,18,-0.1024590163934425
75873,9,-0.1666666666666666
75849,13,-0.2293577981651375
77213,0,-0.1875
75866,0,-0.2727272727272727
76016,35,-0.1111111111111111
75714,0,-0.3142857142857143
75710,0,-0.2694063926940639
75913,18,-0.1320754716981131
75888,0,-0.0923076923076923
44725,0,-0.2319999999999999
76969,18,-0.2272727272727273
75914,35,-0.16
75881,0,-0.0086206896551723
91265,0,-0.072289156626506
77247,0,-0.0352941176470588
75755,17,0.0163934426229508
76403,7,-0.0434782608695651
76013,0,0.25
76041,0,-0.1714285714285713
75900,0,-0.1413043478260869
75904,0,0.0263157894736842
77446,0,-0.1126760563380281
63562,0,-0.1304347826086956
76177,0,-0.1228070175438597
77300,0,-0.0428571428571428
75929,0,-0.2236024844720496
75930,13,-0.5647058823529412
76309,0,-0.0833333333333333
76371,17,-0.125
76090,0,-0.2212389380530973
76082,0,-0.0875912408759124
76085,0,-0.0264705882352941
76236,0,-0.0958904109589041
76079,31,-0.3181818181818182
76080,9,-0.2647058823529411
76095,13,-0.1412429378531073
76098,0,-0.2916666666666666
76374,13,-0.0999999999999999
76101,40,-0.0561797752808989
76142,0,0.0325443786982249
76104,9,-0.0597609561752987
76116,12,-0.1999999999999999
76391,13,0.1393939393939394
76111,9,-0.0888888888888889
76363,18,-0.0999999999999999
76963,9,-0.1063829787234043
76131,28,-0.0594594594594594
76127,0,0.0719424460431654
76128,0,-0.1505376344086021
76110,9,-0.0441176470588234
76271,0,-0.0597014925373133
76298,35,-0.3333333333333333
76336,0,-0.0892857142857143
76135,0,-0.0815217391304348
76134,0,0.0493827160493827
76289,9,-0.2380952380952381
76317,13,-0.3275862068965517
76146,0,-0.0959999999999999
76139,0,0.0230769230769229
77688,0,-0.1444444444444445
76302,0,0.0416666666666667
76290,0,0.1694915254237288
76165,0,-0.0252525252525253
76868,18,0.0238095238095237
76931,13,-0.3825503355704698
76169,0,-0.05
76306,9,-0.0374999999999999
76425,18,-0.3636363636363636
76448,0,-0.074074074074074
76392,40,-0.1126760563380281
76458,7,-0.1333333333333333
76372,0,0.0
76887,0,-0.1971830985915492
76544,0,-0.2631578947368421
76199,0,-0.0082644628099173
76195,0,-0.0919540229885057
76194,35,0.0246913580246914
76150,35,-0.3
76171,0,-0.0442890442890443
76200,7,-0.0967741935483871
76367,0,-0.1728395061728395
76201,18,0.0196850393700787
77343,0,0.0294117647058822
76510,12,-0.3333333333333333
76207,0,-0.15
84911,0,-0.119047619047619
76267,0,-0.2051282051282051
76214,0,-0.0065359477124182
76360,35,-0.1176470588235294
76248,31,-0.313588850174216
76222,35,0.125
76238,40,-0.0465116279069767
76453,17,-0.3133802816901408
76240,0,-0.0569395017793594
76230,0,-0.0584415584415584
76461,35,0.0481927710843372
76231,13,-0.0887573964497041
76223,30,-0.0416666666666666
76542,17,0.1081081081081081
76366,9,-0.1538461538461538
76405,7,0.0
76272,0,-0.0931372549019607
76408,0,-0.0204081632653061
11644,33,-0.0552147239263803
76261,31,-0.0384615384615384
76259,0,-0.0364583333333333
76257,0,0.0289855072463767
76354,35,-0.0769230769230768
76263,0,0.0132158590308371
76281,7,-0.3863636363636363
76264,28,-0.1682242990654205
76224,0,0.0818965517241379
76385,0,-0.3125
76308,18,-0.0384615384615384
76278,0,-0.2068965517241379
76407,0,0.0147058823529411
76430,31,-0.1578947368421053
76232,0,-0.0272727272727272
76477,0,0.0079575596816976
76475,0,-0.2307692307692307
76478,15,0.0219780219780219
76535,35,-0.3
76520,29,-0.097560975609756
75382,13,-0.1418685121107266
76515,29,-0.1401869158878504
76548,7,-0.1875
76549,0,-0.3947368421052631
76543,9,-0.1525423728813559
76875,0,-0.0508474576271186
76505,37,0.0
76507,0,-0.3969072164948454
76553,0,-0.15625
76906,18,-0.3513513513513513
76910,0,-0.0737704918032786
76879,0,-0.1475409836065574
76955,0,-0.2666666666666667
76566,0,-0.0416666666666666
77363,0,-0.0833333333333333
76580,7,0.0625
76556,7,-0.2222222222222222
76593,0,0.0588235294117647
76582,9,0.0
76584,0,-0.0829875518672199
76586,29,-0.0857142857142857
76598,0,0.0319148936170212
76587,40,-0.0079365079365079
76632,0,-0.1515151515151515
76614,0,-0.093525179856115
76979,13,-0.2481203007518797
76617,31,-0.1999999999999999
76619,0,-0.2063492063492064
76890,9,-0.0476190476190476
76620,18,-0.3512396694214876
76621,0,-0.1642857142857142
76622,29,-0.0238095238095238
76625,0,-0.2025316455696202
76900,0,-0.1041666666666666
76916,7,-0.1851851851851852
76627,18,-0.1739130434782608
76964,30,-0.1041657142857143
76644,0,-0.105726872246696
76653,0,-0.2151394422310757
76888,29,-0.2115384615384615
76656,0,-0.1911764705882352
76657,35,-0.2368421052631578
76837,0,0.0547945205479452
77010,40,-0.1216216216216216
76638,40,0.0483460559796438
76981,7,-0.3333333333333333
76660,31,-0.0495495495495496
76666,0,-0.0608108108108108
76664,0,-0.0384615384615384
76683,7,-0.2258064516129032
76686,9,-0.0697674418604651
76947,31,-0.0853658536585365
76855,7,-0.0769230769230768
76695,35,-0.05
76698,13,-0.3066666666666666
76801,7,-0.2777777777777778
76699,0,-0.3653846153846154
19968,30,-0.0933333333333333
76701,0,0.1052631578947369
76702,9,-0.2532851105341027
76703,0,-0.1952191235059761
76859,29,0.0652173913043479
76704,0,-0.2325581395348837
76706,0,-0.2615384615384615
76705,7,-0.1232876712328767
76707,35,-0.3272727272727272
76709,0,-0.0127388535031847
76710,0,-0.1034482758620689
76934,7,-0.1111111111111111
76676,28,-0.0681818181818182
76712,0,0.1283185840707965
76713,7,0.1428571428571428
76717,0,-0.0609756097560976
76721,40,-0.1328671328671329
76718,35,-0.0930232558139535
76967,35,0.0
76732,23,-0.1481481481481481
76758,30,0.0
76759,35,-0.1466666666666666
76980,0,-0.1216216216216216
76737,35,-0.024390243902439
76871,7,0.1999999999999999
76740,33,0.0362694300518133
88031,18,-0.0909090909090909
76762,35,-0.0238095238095238
76741,35,0.0
77665,7,0.0
76749,29,0.125
76768,0,-0.2893401015228426
76746,35,-0.1944444444444444
76750,0,0.0476190476190476
76755,0,-0.0588235294117647
76764,0,-0.1073170731707316
76754,0,-0.0970873786407766
76799,0,-0.1567796610169491
76945,0,-0.0666666666666666
76779,0,-0.1610942249240121
76782,0,-0.0277777777777777
76776,17,-0.2015503875968992
76785,0,-0.0967741935483871
76790,29,-0.1527777777777778
76793,0,-0.1145833333333333
76795,0,-0.0211267605633802
76796,28,-0.1532846715328467
76798,0,-0.1111111111111111
76999,0,0.0227272727272727
76995,13,-0.5128205128205128
76943,31,-0.0666666666666666
76840,29,0.0147058823529411
76841,13,-0.3297297297297297
76829,0,0.1016949152542372
76845,0,-0.0999999999999999
76848,18,-0.2569444444444444
76968,7,-0.1999999999999999
77204,17,-0.1456310679611651
76842,29,-0.0357142857142857
76843,0,-0.1224489795918367
76844,35,0.0
77018,0,0.1111111111111111
77035,7,-0.1521739130434782
77038,18,-0.1979166666666666
77032,0,-0.0660377358490565
77020,18,-0.3249999999999999
77074,7,0.0
77049,33,-0.3713450292397661
77063,8,-0.0052356020942407
77039,18,-0.2389380530973451
77235,13,-0.1894736842105263
77022,7,-0.0681818181818182
77030,0,-0.0404040404040404
77021,0,-0.073170731707317
77064,0,-0.0839160839160839
77027,0,-0.1645569620253164
77029,31,-0.125
77202,7,-0.3142857142857143
77099,31,0.009433962264151
77098,17,-0.4519774011299435
77087,33,-0.1764705882352941
77088,0,-0.2383177570093457
77112,33,-0.1243243243243242
77218,0,-0.0147058823529411
77214,18,0.0540540540540539
77219,18,-0.0857142857142857
77103,0,-0.2876712328767123
77106,0,-0.0124999999999999
77323,0,-0.2470588235294117
77090,0,-0.125
77119,0,-0.2013888888888888
77230,0,-0.3218390804597701
77101,0,0.0
77117,0,-0.0211267605633802
77114,12,0.0
77364,7,-0.5166666666666666
77162,17,0.0940766550522647
77210,0,-0.1864406779661016
77217,17,-0.1666666666666666
77223,0,-0.0833333333333333
77165,0,-0.1020408163265306
77237,33,-0.4210526315789473
77169,18,-0.175438596491228
77170,0,-0.1568627450980392
77179,0,0.1611721611721612
77180,35,-0.1923076923076923
77182,0,-0.1999999999999999
77183,7,-0.2857142857142857
77184,0,0.0112359550561798
77185,0,-0.009009009009009
77175,0,-0.1842105263157895
77238,13,-0.2558139534883721
77178,0,-0.1835294117647058
77173,33,0.0833333333333332
77159,17,-0.0813953488372093
77189,0,-0.1794871794871795
77257,17,-0.0303030303030302
77261,17,-0.0531400966183575
77265,0,-0.2281879194630872
77266,0,-0.125
77267,29,-0.0909090909090909
77270,13,-0.2741935483870967
77271,0,-0.2222222222222222
77275,0,0.0
77276,0,-0.1907894736842105
77277,35,-0.2700729927007299
77284,0,-0.2065573770491803
77286,0,0.046875
77294,18,-0.2307692307692307
77296,28,-0.144927536231884
77297,33,-0.3043478260869565
77298,35,-0.2352941176470588
77279,7,-0.1351351351351351
77282,13,-0.1724137931034483
77281,0,0.1839622641509433
77321,7,-0.1666666666666666
77324,7,-0.1944444444444444
77325,13,-0.5848214285714286
77327,18,-0.0377358490566037
77340,35,-0.1395348837209302
77312,0,-0.2909090909090909
77347,0,-0.2534246575342466
77348,7,-0.3387096774193548
77477,18,-0.2727272727272727
77334,0,0.04
77368,0,-0.5811209439528023
77356,0,-0.3112582781456954
77372,12,-0.1597222222222222
77357,9,-0.0628930817610062
77366,0,-0.0977443609022556
77361,0,-0.0846153846153846
77362,18,-0.0303030303030302
77387,17,-0.3006993006993007
77384,0,-0.0123456790123457
77388,30,0.0103092783505154
77392,0,-0.1111111111111111
77398,0,-0.2058823529411765
77456,0,-0.1111111111111111
77401,0,0.0917874396135265
77461,0,-0.0337837837837837
77405,0,-0.1688741721854304
77409,7,-0.2105263157894736
77475,0,0.019108280254777
77411,0,-0.0333333333333333
77417,0,-0.125
77483,13,-0.2299999999999999
77418,0,-0.3028571428571428
77421,40,-0.0063694267515923
77425,0,-0.0952380952380952
77434,17,-0.2445652173913043
77426,40,-0.1920529801324503
77427,40,0.0
77441,0,0.125
77442,31,0.1125
77437,0,-0.2808988764044944
77438,0,0.1160714285714286
77440,0,-0.125
77472,0,-0.5191256830601093
77447,0,-0.3636363636363636
77448,0,-0.38
77450,0,-0.0258620689655172
77451,0,-0.135593220338983
77495,35,-0.1780821917808219
77502,0,0.0833333333333332
77505,0,-0.2727272727272727
77511,0,-0.1875
78753,0,-0.2199999999999999
77512,13,-0.1578947368421053
77508,7,-0.0689655172413793
77509,0,-0.0567375886524822
77515,7,0.0571428571428571
77517,0,-0.1694915254237288
77520,9,-0.2612612612612612
77522,29,-0.0256410256410256
77523,0,0.0579710144927536
77530,0,0.1643835616438356
77541,0,0.2465753424657535
77542,33,-0.2170542635658915
77539,0,-0.1538461538461538
77550,28,-0.1283783783783784
77572,0,-0.2301587301587301
77580,0,0.1428571428571428
77581,0,-0.2666666666666667
77587,29,-0.1756756756756756
77593,0,0.0952380952380953
77599,9,-0.3026315789473685
77597,0,-0.5324675324675325
77601,7,-0.025
77611,9,-0.2363636363636363
77605,33,0.0611111111111111
77617,17,-0.0330578512396694
77619,0,0.0684931506849315
77608,9,0.050251256281407
77624,0,-0.0909090909090909
77648,35,-0.4285714285714286
77632,29,-0.1677852348993288
77629,0,-0.0256410256410256
77634,0,-0.1113636363636363
77652,0,-0.1358695652173913
77653,0,-0.0857142857142857
77660,9,-0.1130952380952381
77662,0,-0.221830985915493
77663,7,-0.3170731707317072
77740,12,-0.3333333333333333
77668,0,-0.2663043478260869
77671,0,0.064516129032258
77678,0,-0.1041666666666666
77713,0,-0.1236559139784946
77684,7,-0.1219512195121951
77685,0,-0.0612244897959183
77698,0,0.0617283950617284
77705,0,-0.3020134228187919
77701,0,-0.119047619047619
77702,0,-0.079646017699115
77714,0,-0.021978021978022
77710,31,-0.125
77700,7,-0.2608695652173913
48653,30,-0.0629370629370629
28353,0,-0.0214424951267057
66122,0,-0.05078125
54594,28,-0.0613496932515337
11624,0,-0.06
11790,23,-0.0128205128205127
12117,0,-0.2619047619047618
12320,37,-0.1481481481481481
13056,0,-0.1141552511415525
13283,0,-0.0094339622641509
13646,0,-0.0192307692307692
50091,37,-0.1139240506329114
14286,0,-0.1923076923076923
11581,0,0.0
15203,0,-0.0749999999999999
15748,13,-0.2131151293638726
15828,0,-0.2252252252252252
16126,0,-0.1379310344827586
17137,0,-0.1775700934579439
85885,0,0.018181818181818
85914,18,-0.1902173913043477
38471,0,0.0
55044,0,-0.091743119266055
18092,0,0.0695652173913043
18244,30,-0.1153846153846154
11901,7,-0.1224489795918367
20336,29,-0.0454545454545454
20670,17,-0.4510869565217391
64899,0,-0.0967741935483871
22905,9,0.0070921985815601
23115,0,-0.0465116279069767
47175,0,-0.1280276816608996
23660,0,-0.0467289719626168
23975,28,-0.207070707070707
24548,13,-0.25
30680,0,-0.0864661654135338
53401,0,-0.1578947368421053
25583,0,0.0
56274,0,-0.0633608815426997
36150,28,-0.1217391304347825
64565,0,-0.0959595959595959
27642,0,-0.1071428571428571
28215,0,0.0
87207,0,-0.2290076335877863
63554,8,-0.0151515151515151
55589,18,-0.12
31318,0,-0.1313131313131312
31536,28,-0.1188118811881188
31668,0,-0.2676056338028169
54391,28,0.0092165898617511
31983,18,-0.28125
32046,0,-0.0909090909090909
32054,0,-0.2142857142857143
47511,0,-0.0439560439560439
33188,0,-0.0238095238095238
48143,0,-0.0321100917431192
34041,0,-0.0849056603773584
23552,0,-0.1929824561403509
60628,28,-0.0518292682926829
63597,0,-0.1999999999999999
57330,0,0.2365591397849462
37875,23,-0.0413793103448275
20765,0,-0.1487603305785123
10608,7,-0.1111111111111111
66923,0,-0.0357142857142857
17144,0,-0.0091533180778031
32205,0,-0.0627177700348432
39328,0,-0.03125
26657,0,-0.1596958174904943
40540,0,-0.0784313725490196
22250,0,-0.2199999999999999
76927,35,0.0526315789473683
64979,0,-0.1458333333333333
41452,40,-0.5175438596491229
52716,0,-0.1006711409395972
42586,0,-0.2222222222222222
62287,0,-0.1176470588235294
44821,0,-0.2222222222222222
45103,0,-0.0909090909090909
53129,0,-0.0890410958904109
76745,0,-0.0046728971962616
89181,0,-0.2704402515723271
46843,30,-0.1176470588235294
47141,0,-0.1686746987951807
89392,31,-0.0137457044673539
33478,0,-0.0597014925373133
61145,0,-0.0285714285714285
50462,28,-0.12
49585,0,-0.0220588235294117
64020,0,0.0319148936170212
11198,17,-0.303030303030303
59926,28,-0.1619047619047618
51423,0,-0.1343283582089552
67328,28,-0.0666666666666666
45022,0,-0.0851063829787234
67002,0,-0.0942028985507246
52090,0,-0.1016949152542372
59942,0,-0.0555555555555555
53496,40,0.0201342281879195
53613,18,-0.2705314009661835
54114,0,0.0469387755102039
55160,0,0.0
55213,0,-0.1270718232044199
64442,35,-0.0909090909090909
55862,13,-0.2857142857142857
65373,0,-0.217391304347826
56363,0,0.1605839416058394
52337,0,-0.0935672514619883
51377,0,-0.0887096774193548
22066,0,-0.0255591054313099
57665,0,0.0012165450121655
67010,0,-0.2203389830508474
25232,0,0.0549999999999999
34948,0,-0.0697674418604651
35107,0,-0.1062499999999999
58675,0,-0.0212765957446808
61621,0,-0.0493506493506493
45823,0,-0.1304347826086956
51692,40,0.125
63096,0,0.0165484633569739
65058,0,-0.1269230769230769
65307,8,-0.048
79733,0,0.2302631578947369
66828,0,-0.1910112359550562
66852,0,-0.0526315789473684
46922,0,0.0
67193,0,0.1235955056179776
67679,9,0.0
67732,0,-0.0909090909090909
68233,0,-0.1097560975609756
91679,0,-0.0064516129032258
69199,0,-0.0816326530612244
69682,0,0.0839694656488549
70288,40,-0.1017964071856287
38850,28,-0.03
71002,7,-0.0799999999999999
25283,0,-0.0268199233716475
72128,40,-0.1538461538461538
72486,0,-0.1885245901639344
72603,0,-0.125
72710,0,-0.0434782608695651
27764,0,-0.1363636363636363
54471,29,0.1052631578947369
44951,0,-0.1150793650793651
76022,0,-0.0571428571428571
74500,17,-0.2272727272727273
60353,0,-0.0677966101694915
74740,0,0.1
65752,35,-0.0909090909090909
74975,0,-0.0735294117647058
40061,0,-0.1452513966480446
75417,29,-0.0967741935483871
75433,9,-0.037037037037037
40694,0,-0.02367941712204
37640,35,-0.0909090909090909
76129,0,-0.139344262295082
48709,15,-0.1538461538461538
92524,0,-0.3125
47183,30,0.0
65306,28,-0.0532544378698225
37612,0,-0.0588235294117647
80013,0,0.0142857142857142
92874,0,-0.09375
81294,0,-0.0904255319148936
19502,30,-0.0522388059701492
81614,9,-0.1186440677966101
81702,0,-0.1645569620253164
64506,7,0.0714285714285714
82449,31,0.04
53671,0,-0.0363636363636363
83601,0,-0.0898203592814371
83687,0,-0.0176056338028168
83919,0,-0.1411764705882353
88381,0,-0.0175438596491228
62042,8,0.0138888888888888
88445,0,-0.1372549019607842
10012,0,-0.2258064516129032
88867,0,-0.2291666666666666
65067,13,-0.0714285714285714
10044,9,-0.217391304347826
10048,0,-0.1838235294117647
69032,29,-0.0076335877862595
10250,7,-0.1666666666666666
39416,9,-0.0714285714285714
10434,7,-0.18
75510,9,-0.1533101045296167
10800,0,-0.04
89659,0,-0.0722222222222221
10914,8,-0.054054054054054
11124,0,-0.1104651162790697
11020,0,-0.1159999999999999
10087,29,-0.1944444444444444
10847,0,-0.16
11136,0,0.3
11152,0,0.1999999999999999
11353,0,-0.1111111111111111
75033,29,-0.2258064516129032
10714,9,-0.2647058823529411
75094,0,-0.021978021978022
75174,0,-0.0392156862745097
75557,0,-0.127659574468085
11677,0,-0.1111111111111111
11694,9,-0.2307692307692307
77641,0,-0.0471204188481675
76270,40,-0.0416666666666666
11757,0,0.0116279069767442
75110,13,-0.1466666666666666
11956,0,-0.0416666666666666
10011,0,0.0857142857142856
10114,7,-0.2077922077922077
12099,28,0.0236686390532543
75335,28,-0.1142857142857143
11106,0,-0.1111111111111111
11794,33,-0.3191489361702128
12041,9,-0.0121951219512195
12138,9,-0.1999999999999999
12006,8,0.2115384615384614
12122,7,-0.1403508771929824
12211,0,-0.0993788819875776
75434,0,-0.1386138613861386
75625,9,-0.1657559198542805
75657,30,-0.0999999999999999
75976,31,0.0344827586206897
75857,0,-0.1683168316831683
75993,33,0.0306122448979591
77488,0,-0.0786516853932584
92161,0,-0.0512820512820513
76526,33,-0.2258064516129032
76096,17,-0.2324492979719188
76138,9,0.1923076923076923
76410,0,0.1923076923076923
76420,0,-0.5
76858,0,-0.475
76279,31,-0.1981132075471697
76893,35,-0.2142857142857143
76568,31,-0.1288659793814432
76990,0,-0.2948717948717948
76605,9,-0.1690647482014388
76623,35,-0.0526315789473684
76714,0,-0.0294117647058823
76738,12,0.0344827586206897
76739,0,-0.1666666666666666
76752,7,-0.1755725190839694
76774,9,-0.0490196078431373
76797,17,-0.1544117647058823
76846,17,-0.3501805054151624
77144,7,-0.0909090909090909
77047,0,-0.1428571428571429
77077,0,-0.0852713178294574
77040,0,-0.25
77094,18,0.0193798449612403
77163,30,-0.1481481481481481
77187,7,-0.25
77382,0,-0.0268817204301075
77478,7,0.1851851851851851
77637,0,-0.0481927710843373
77667,23,-0.2222222222222222
77669,33,-0.3100436681222707
77676,0,-0.1466666666666666
