firms,clusters,mom1
47730,0,0.4158456486042694
13777,0,0.159746657283603
60871,0,0.2225320691578358
14702,0,0.0842426887821912
15537,0,-0.0940721649484535
68830,30,0.2788647602666092
85631,0,0.1987827547224372
85914,0,0.3461403508771929
49373,0,0.1825284090909089
18973,0,-0.0352315532904942
19271,0,-0.2102297355873429
29938,0,0.1039314908524717
10866,0,0.5596153846153844
25320,0,0.0827556325823224
21742,0,0.1428031441766815
11267,31,0.0552952202436738
86474,47,0.3979848866498738
22825,4,0.0306406685236768
26201,0,0.3927765237020317
65541,0,0.0400116066306959
27562,0,0.1703917327565489
27909,0,-0.0339673913043477
49154,0,0.180380767989674
19350,0,0.0499420961204402
49429,30,-0.2021650879566983
93096,48,0.1608503516886532
61313,0,0.1346104064198807
12008,0,0.2709551656920079
31500,0,0.137984496124031
33209,30,0.1936758893280632
77462,12,0.1934826883910387
62228,0,0.0984682713347919
59010,0,0.1534090909090908
21055,0,0.4190404797601199
83233,0,0.0900611128980379
32678,0,0.1741053478086047
27828,0,-0.1065668202764976
66181,0,0.1773873291528398
32870,0,0.0045025728987992
42922,0,0.1233676975945015
12503,30,0.4414796846573683
47571,0,0.2835633626097869
16678,0,0.0494687915006639
48347,0,0.141119221411192
64282,0,0.0285467128027681
27617,0,-0.1653914377681532
60097,0,0.0826125526724328
53197,0,0.1358304956488838
14696,12,0.8765432098765431
57809,0,0.1913081223581756
57817,0,0.2242503259452413
79611,29,-0.1277495769881557
59185,0,0.118122009569378
34948,0,0.1560948703805846
13936,0,0.3079171094580233
64785,0,0.0859126410182238
62033,28,0.0489872821479038
91556,0,0.050477176037714
50948,0,0.2064000000000001
42585,0,0.0352252252252252
76081,15,0.5694642010431485
60580,0,-0.0196650791212168
80179,48,-0.0423493044822257
80857,0,-0.0223759153783562
59627,4,0.1333333333333333
81190,0,0.0493827160493827
55976,0,0.0697940503432492
82924,0,0.0016004267804745
83011,0,0.4543744120413922
15456,29,0.1623582766439908
40539,9,0.0259359966534196
10501,0,0.1281544876014921
70228,15,0.2477922077922076
10514,7,0.3652108433734939
10645,0,-0.1212903225806452
11154,0,0.1647173489278752
11343,0,0.1039571845604929
11379,12,0.1070816676185035
11174,0,0.1703637976929903
75100,0,-0.0231660231660231
12266,47,0.1937377690802346
12146,7,0.0432432432432432
13628,0,0.1818460297957302
14609,0,0.1623376623376622
13957,0,0.0439676398170947
14182,0,0.1529091787890206
14141,0,0.0941980436821654
14231,7,0.2201828995331585
14296,0,0.5386597938144331
75905,0,0.4714285714285713
76052,0,-0.0835852090032154
14544,0,0.5936329588014981
15145,0,0.1495726495726497
14939,0,0.156429254302103
76076,0,0.07809717629102
15489,0,0.3161764705882353
15535,0,0.4654725938713853
79315,12,0.304761904761905
90751,0,0.2751004016064255
77007,7,0.2286294416243655
76839,9,0.1777256740914419
15582,0,-0.0226320201173512
77357,0,0.2199705893291863
77584,0,0.1167031363967905
77606,0,0.26525017135024
77699,0,0.3377483443708609
15729,0,0.1707317073170731
78034,0,0.1955526487900589
15707,23,0.0360453141091656
15837,0,0.0
78975,0,0.1730869565217392
79007,0,0.1372171401059221
78963,12,0.1627906976744186
79881,29,0.2176966292134832
80114,0,0.0266666666666666
80274,30,0.0
80233,0,-0.0831643002028398
80320,0,0.1691476941039114
93397,36,0.0190839694656488
80432,29,0.0
81165,20,-0.2279999999999999
81481,0,0.0843881856540085
15014,0,0.1192660550458715
82598,0,0.0498920604461503
88988,0,-0.0036900369003689
83399,31,0.0250000000000001
83391,30,0.1411764705882352
83822,0,0.3810930576070901
83976,42,0.1639163916391639
84084,0,0.4110653863740283
84275,7,0.159041394335512
84255,0,-0.2016129032258065
84588,0,0.1576737419488361
84519,0,0.1617683998995227
12493,0,0.059854745805159
85390,0,0.5112474437627812
13687,0,0.4310739524236091
89606,9,0.1403614457831323
86580,0,0.1088011718967687
86594,0,0.1854440789473683
89416,36,-0.039718129404228
87432,0,0.0703714046355765
89301,0,0.6371428571428572
89397,0,-0.0060465116279069
89447,0,0.0053735482752643
89449,12,0.1763718528082634
89540,0,0.3824082784571965
89908,0,0.6172248803827751
90215,0,0.1248090012501736
90679,30,0.2188841201716738
90371,0,0.7762237762237763
90715,0,0.220554272517321
13521,47,0.4427860696517414
13379,0,0.1119385249148381
13511,0,0.1985238961622408
91733,0,-0.0114829396325459
92203,0,0.1790029016090739
92257,0,0.0860445912469034
92322,9,0.2402959590210587
92471,31,0.0817031070195628
92635,0,0.2371031746031746
93373,12,0.3892617449664428
12363,0,0.337378640776699
12915,0,0.1629955947136565
13399,0,0.4261501210653753
13181,0,0.1453788929517085
91964,0,0.2164077405287543
21020,0,-0.0147662018047579
11499,0,0.1605995717344754
27991,0,0.015833223380393
10517,0,0.4007901668129938
20482,0,0.1670257255100748
60038,0,0.0710409472126296
10779,0,0.6987951807228916
61487,0,0.1887234042553192
61241,7,0.1519349164467898
28222,0,0.1301037022193276
11368,29,-0.0399680255795363
28804,4,0.1422550052687041
11587,0,-0.0279538153846153
11691,0,-0.0124101894186806
11790,0,-0.0557345360824742
10145,0,0.0606173899856037
45911,0,0.1622286865070485
28484,0,0.4606606606606607
81073,0,-0.0358629852301836
93330,0,0.1743896925858949
12758,0,0.0782894736842105
24109,0,0.0391347836959239
59176,0,0.0658801541875948
13507,0,-0.0228210730759892
13769,15,0.1419354838709676
11144,0,-0.1307053941908713
85257,0,0.1645376284365456
14008,0,0.1799930942633059
18075,0,0.496
83112,0,-0.0949333333333334
39490,0,2.129186602870813
14593,0,0.1553737919451725
14761,0,-0.0084033613445377
10516,0,0.0557134735645252
77595,0,0.1626712328767123
29209,28,0.2130325814536342
24272,23,0.2320750948671859
15457,20,-0.0217864923747276
44644,0,0.0732368359113868
44601,0,0.0836360066751742
27684,0,0.19601593625498
10318,0,-0.0960291734197731
10239,0,0.1359999999999999
57568,0,0.0143829260748531
16505,41,0.1025714285714287
16548,0,0.2342505430847212
49656,31,0.1146080760095011
39693,0,-0.0824766913698301
27887,0,0.093484419263456
29612,0,0.1458880139982503
39642,0,0.0990555773164467
17444,4,-0.0192602377807133
65875,0,0.0692350642099386
61508,0,0.2395536764330617
61946,5,-0.0326409495548961
19561,30,-0.0544454874614455
52230,0,0.2521854304635762
12437,0,0.9126984126984128
60898,0,0.1515828506281884
19393,0,0.0909580193756727
10874,28,0.3491659598529828
55597,0,0.4778634675806914
19880,0,0.0968530400244425
10890,0,0.0194331983805668
20117,0,0.1500607533414337
64186,0,0.1049780508510018
20336,15,0.550414878397711
62148,0,0.1558464223385691
28564,5,-0.0695058256327842
86290,0,0.5126050420168069
46690,0,0.2974732006125573
20512,0,0.1846555143099935
20750,0,-0.1073131955484896
21371,0,0.0321234876929494
27334,0,-0.0344827586206897
20618,0,0.1369230769230769
18542,0,0.0029300241296104
89792,0,0.0672001517869462
90011,0,0.2623155269174806
64194,0,-0.0383887341092166
23182,0,0.0253179325632948
88208,42,0.4600154850127198
14541,0,0.269666022633177
30509,31,0.0146178555761531
23297,0,0.9383846794338052
23393,0,0.0905266438142722
79026,0,-0.0265177270519669
47677,47,0.0006830601092895
27422,29,0.1088607594936708
46578,0,0.076132756132756
11995,0,0.1291900445978995
11308,0,0.0370621468926553
24441,29,0.3115264797507788
24476,28,0.2016727751151208
30648,0,0.3352180936995153
18729,0,0.0589210367691379
61735,0,0.0462312800673339
89525,0,0.0945317044793485
25081,4,0.1881390593047034
25129,0,0.2152929493545183
25487,0,0.1856115107913669
40125,0,0.3892720306513408
26084,0,0.0809399477806787
79618,0,0.1266666666666667
13625,0,0.1815920398009951
11404,0,0.0102564102564102
26607,0,0.3616731517509728
26650,0,-0.072799470549305
23229,0,-0.028255319148936
91983,0,1.1452879581151834
27430,0,0.3
59248,23,0.0512689054088695
22293,0,0.0715676728334957
20204,0,0.107157381049207
17726,0,0.1097518952446587
59256,0,0.0397489539748951
31077,0,-0.075042362624062
27888,23,0.2880444524108263
41080,0,0.2082470286545206
18091,0,0.1216318580240234
19828,0,0.3346774193548385
92570,30,0.4724711907810499
28629,30,0.0249110320284697
80912,0,0.2762453684643886
91926,15,-0.0918331580792148
61743,4,0.0863864249903587
11674,0,0.0923449510371696
76708,0,0.1858902575587906
40440,0,0.4005681818181816
79322,0,0.1052631578947367
44943,0,0.2523686477174849
26403,0,0.1195652173913044
10886,0,0.1384615384615384
64936,0,0.0684305305443966
38682,0,0.784037558685446
25953,0,0.115677865141768
30681,28,0.0387978142076503
63132,0,0.1364185110663982
27959,0,0.0467359050445104
30940,23,0.1791544579321893
31051,0,-0.0390181776079657
42200,0,0.202577045696068
31480,0,-0.0769230769230768
14276,42,0.300578034682081
11762,0,0.0747843995366199
70578,0,0.241737791182699
32062,0,0.0738255033557047
22103,0,0.1968520461699896
81124,4,0.0714285714285714
32986,0,0.0276126171520709
52476,0,0.1628295521138552
33532,30,0.4369747899159664
31691,0,0.0483351531394413
42550,0,0.0746206284117323
33770,0,-0.0410958904109588
87717,0,0.0732164268585133
33823,0,0.1216862233811384
87725,0,0.3260377358490567
11850,4,0.2238609428496181
19166,0,0.1249846982494797
24205,0,-0.0394813398719973
34367,0,0.3275862068965518
47706,0,-0.0128299120234605
21135,0,0.0651709401709403
34746,30,0.2585858585858587
35263,28,0.1420600858369098
10777,0,0.1475951572686034
35554,0,0.0836314415546746
36397,0,0.1265508684863523
54244,0,0.2068965517241379
36768,0,-0.1240875912408759
88924,0,0.0857699805068226
88853,0,0.6931982633863965
37154,0,0.3337893296853627
25785,4,0.0538302277432711
37402,0,0.1642394822006474
37568,0,0.0778697220454061
37584,4,0.1288196524865188
58421,15,-0.0340136054421769
12036,5,-0.0521099744245525
38093,0,-0.0369279842964054
47941,0,-0.0128913443830569
20765,0,-0.0164953382739659
12052,0,-0.0127730330284936
12060,30,-0.1435768261964736
46834,12,-0.2081274025260846
14558,0,0.1358281358281359
12369,30,0.0726660250240613
55212,0,0.1681985294117647
46674,0,0.1774840338630625
57154,28,0.1947626841243861
32299,0,0.2147887323943662
16432,0,0.2319587628865977
53604,0,-0.0547901313681512
85908,0,0.3266853932584268
39571,0,-0.0835214446952595
60468,0,0.0155038759689922
52695,0,0.1089738028169013
39731,0,-0.0016835016835018
90213,0,0.2671755725190838
23819,0,0.5328467153284673
25304,29,0.4318507890961263
52978,0,0.0092243186582807
41188,0,0.2160337552742617
10294,0,0.0553380008702186
41241,0,0.0514044943820224
41292,0,0.0660811375993306
76927,0,0.04
32651,0,0.445054945054945
15408,4,0.2259498787388845
32707,0,0.2632587859424919
16600,0,-0.0005283773584905
61567,28,-0.0699112664694808
52716,0,0.1181908548707753
14338,0,0.1094665885111372
32803,0,0.3480212158302733
42439,28,-0.0337435490273918
21792,0,0.1022653721682849
32942,5,0.0844518040787869
42877,0,0.0963894611297841
42906,23,0.125456760048721
87464,0,0.6000000000000003
12570,5,0.1622574955908289
80210,0,0.0203821656050955
21928,0,0.0454493678095453
56573,0,0.1433999437095412
43634,12,0.8928571428571428
43757,47,1.2537091988130564
12431,0,0.0584816563748638
14855,0,-0.1315789473684211
44274,0,-0.1048522030117121
46463,0,0.2972332015810277
59328,0,0.1082779009608276
44768,4,0.2222222222222223
12490,0,0.1318849725051833
40272,0,0.2836010971786833
45306,0,0.2944207931884381
21573,23,0.100224863475747
53065,41,0.0487955528103767
45728,0,0.0121130551816959
82694,0,0.0360404435746901
22111,0,0.1442079615648592
46886,13,0.1415749866721172
12558,0,0.0941091954022987
46923,0,-0.1556756756756757
47002,0,0.0075383415648557
12650,0,0.0264978770246895
24053,0,0.0613987284287012
26825,0,0.0918486414402399
47379,0,0.2174940898345154
44134,0,0.3754027926960257
47619,0,0.5910652920962198
47715,0,0.0302267002518892
17750,0,0.082974896379135
59045,23,0.228893489763055
48072,4,0.5
48144,0,0.1485385721130809
89456,9,0.6402116402116405
49488,0,-0.0523809523809524
12781,0,-0.0204081632653062
48486,0,0.0636666666666667
48523,0,-0.0692063053097344
48961,0,0.2578592814371259
50286,0,-0.0678535096642929
60943,28,0.3167166416791604
50876,0,0.1147635524798154
81678,0,0.1668115942028987
21178,0,0.1478388804295949
56223,28,0.1641443538998837
59774,0,0.7337461300309596
33849,0,0.1041881298992162
66245,0,0.2607758620689655
23835,0,0.0446511627906978
50623,4,-0.0546666666666666
50789,0,-0.0123720788147243
51263,9,0.0847058823529411
15069,0,0.8601823708206686
51423,29,0.180194805194805
45751,0,0.1257228776312746
34032,0,0.1871564940700028
39538,0,-0.0102156640181612
51925,0,-0.0439158279963404
43449,0,0.1343210683809454
89915,0,0.0414280259641084
17478,0,0.1951846561926136
81061,0,0.0442851577913026
52250,9,0.1542857142857141
17005,0,0.0374178324624978
22752,0,0.0311931375097478
42796,0,0.213584288052373
53074,0,0.0526781370250784
87437,42,0.1577946768060836
89857,0,0.0994570135746606
53373,47,-0.2105263157894736
24010,0,0.0163882090028733
53859,0,0.0029940119760478
54253,0,0.1119565217391305
22592,9,0.1128855844176679
24248,41,-0.051417270929466
54704,0,0.4246153846153846
76591,7,0.4211225846028013
42614,0,0.0939012584704743
22779,0,0.0819289798374962
28345,0,0.934747145187602
65365,0,0.1497674418604651
69550,0,0.1247484909456739
84372,0,0.159322033898305
13303,31,0.1241610738255034
55993,0,0.3210283454185894
78900,0,-0.0775409836065573
25590,28,0.0994904800214535
52337,31,0.4013888888888888
34497,0,0.148284140658099
56945,0,0.082410824108241
64450,0,-0.0055931704445097
47466,0,0.058938456528818
60986,23,0.0451807228915663
21207,0,0.3136042402826855
34673,0,0.705685618729097
61815,12,0.6241721854304636
64311,0,0.1719178767123288
28118,0,0.256254467476769
44206,0,0.0318373609512852
38762,5,0.0056067280736884
23931,0,0.0540630182421228
58246,0,0.0490326000530083
24766,0,0.0929433843312967
58318,4,0.0577994428969359
58334,5,0.0542510121457489
90458,0,-0.0357680093598529
34817,28,0.1435313714602997
34833,12,0.4335060449050087
72611,0,0.4927835051546394
58975,12,0.7482993197278911
67029,9,0.2468749999999999
23026,0,0.0299475917144997
13610,0,0.1439588688946014
25232,0,0.3723062815222375
60098,0,-0.0017993702204228
60186,42,-0.2262295081967213
91531,28,0.1172378253027568
77157,0,0.1589310829817158
44230,30,-0.0088105726872246
22509,0,0.0864832535885167
60506,0,0.1325044986095207
86136,0,0.0961147004159659
61146,47,0.4704510108864697
61269,0,-0.03220696937698
41355,0,0.2188391274184846
61496,30,0.4637784090909089
22517,41,0.0299837925445705
13856,0,0.1014986677768525
50550,0,0.0416666666666667
62341,12,1.0917874396135263
21936,0,0.1752450980392157
21776,0,0.0073349633251833
52898,0,0.0267813267813266
13901,0,0.0149987070080164
13928,30,0.3668831168831168
62958,0,0.0269503546099292
63125,0,0.1730538922155688
89968,0,0.0660470634763692
24459,0,0.730392156862745
80185,12,0.4035785288270377
63715,0,-0.0116867939228672
18163,0,0.0715454545454545
55511,0,0.0655263157894736
23712,0,0.1291471832553998
54148,0,0.2665770609318996
64929,0,0.204624643649034
64961,0,0.0105363984674331
65008,0,0.1402298850574712
65270,0,0.1279999999999999
69649,0,0.0430379746835443
66683,0,0.6553398058252426
65700,0,0.0846310088016248
58771,0,0.1280381254964258
76711,20,1.1015228426395938
76282,0,0.3271560940841056
80294,0,-0.1403387487037677
84381,0,0.2555827976939897
35991,0,0.1760220292310952
36003,0,0.1068068622025455
67847,0,0.3969900809485807
27633,4,0.3388804841149773
68196,0,0.0996978851963745
36281,0,0.0704991632803762
88518,7,0.3596287703016243
85926,0,0.1570214488061512
41574,9,0.1214953271028036
51625,0,-0.0605983124520582
50243,9,0.016863033873343
36468,0,0.1672397538135392
49138,0,0.0838666666666665
70704,20,0.4571731234866827
65402,28,0.1208674953715949
60206,0,0.1972981988605036
71176,0,0.0537216828478965
26614,41,0.1435999999999999
15720,0,0.0715459025369593
71475,0,-0.0289943724002934
18411,0,0.0478389360916142
58683,0,-0.1224375175512496
66093,0,0.0452830188679245
71985,0,0.0914020139426801
72304,0,0.1878487290762556
39220,0,-0.0211691123406303
43481,23,0.0167278661770706
43350,0,0.102
18438,0,-0.022716049382716
72726,0,0.1834052937863712
36898,0,0.0784535383224056
72980,0,0.1946006749156354
73139,0,0.1197668256491786
73219,0,0.0449813396189355
52396,0,0.175
47861,0,0.0307328605200944
65429,0,-0.1868131868131868
43334,15,0.0126002290950744
52038,0,0.2331799254876179
65752,0,-0.0507692307692307
74836,42,0.1265580057526367
74908,29,0.1761246692149367
57007,0,-0.0256045519203415
43123,29,-0.1164705882352941
44329,0,0.1452571244026881
63773,23,0.1706443914081146
75460,0,0.0210526315789474
84375,12,0.4416666666666666
51369,0,0.154513568395791
15579,0,0.1615130591413989
23579,23,-0.011623547056618
62092,0,0.180112758106038
93423,0,0.5956937799043065
14795,0,0.1620284477427331
14816,0,-0.0230812013348163
76946,0,0.06
55001,28,0.2003733665214684
92583,9,0.0080720157720493
59600,0,-0.1389684813753582
76185,0,0.081366333962773
77730,0,0.0746500777604977
91103,29,-0.0624405705229794
17929,0,0.1316085489313834
77973,0,-0.2079207920792078
78044,4,-0.1038961038961039
24985,0,-0.0010984484415762
48725,0,0.1329410190684217
78749,0,0.0069204152249136
92655,0,0.172788515518486
78829,28,0.0961621388529538
87447,0,0.0132733889959322
78960,9,0.0889292196007258
79039,7,0.0287096774193549
17830,0,-0.3129439202798685
79338,29,0.3
67360,0,-0.0384174311926605
59619,0,0.098368191220409
16555,0,0.0940963582899796
79573,12,0.7105263157894737
79637,0,0.0667137666532096
79776,0,-0.1174906964380648
43553,0,0.0743343195266272
79864,29,0.1726662599145818
80128,0,0.1062464615965275
27043,0,0.1141632573543736
81116,31,0.1421107628004179
57808,0,0.1512838306731436
15202,0,0.0453409826964006
53225,23,0.1431544349399294
24969,0,0.0129442221699223
46068,0,0.0381343040587565
42059,0,0.2009121459433511
62498,0,0.243086962233169
66384,0,0.107160019221528
38033,0,-0.0565195835399108
39917,30,0.2902654867256637
25419,0,0.3023310023310024
38156,0,0.368904593639576
15648,0,0.3812010443864229
23536,0,0.027459434925678
58819,0,0.0053841375025884
42286,23,0.3480263157894736
84403,0,0.018842530282638
27983,0,-0.0343189017951426
59483,0,0.0238095238095237
88857,0,-0.0722503451449608
38295,47,0.1839428100082487
84129,23,0.1812406576980567
90756,5,0.0497435100264262
13600,0,0.2120933440625358
72996,0,0.072674418604651
87426,0,0.2976208289690258
88664,0,0.053529950171995
15318,23,0.1055512118842847
14318,0,0.1645133505598621
80072,28,0.1436388508891928
85586,4,0.108325449385052
35917,23,0.1167359274650547
13508,0,0.3243243243243243
10028,7,0.4484126984126984
10138,0,0.1841269841269839
10107,0,0.1363261596394547
13983,0,0.056201550387597
10200,7,0.2031282370002072
10363,0,0.2993527508090614
10333,7,0.202948402948403
10382,0,0.1469831283957678
10397,0,0.1064533921676778
10257,0,0.3301662707838479
10463,7,0.2863247863247864
70033,4,0.1531959852086635
10421,30,0.1817487590683466
91204,0,-0.023988318731748
10530,9,0.4285714285714286
79698,0,0.1932308928392088
10606,0,-0.0265800354400472
10550,0,0.0617283950617284
79785,0,0.2066434941552581
75070,0,-0.0071485305798252
10547,0,0.0995780590717299
76123,0,0.0905840286054826
10355,0,0.2155059132720105
10661,0,0.0728155339805824
45225,4,-0.1449514563106796
10693,0,0.034671247852569
10649,0,0.2416260162601626
79909,9,0.5402298850574712
75517,0,0.0925925925925927
10696,0,0.0849563111906517
44813,7,0.5251299826689777
89891,0,-0.0529247910863509
71175,0,0.1625582944703529
93179,0,0.2141280353200882
35124,41,0.2580222658808122
22323,0,0.2556603773584904
10026,0,0.0498347107438017
10812,0,0.0549273021001615
10909,0,0.1016034291157326
88779,0,0.555858310626703
10860,0,0.4814126394052045
10443,0,0.0113953488372093
10032,5,0.1490102639296187
85570,0,-0.0856898029134533
11701,0,0.1291482300884956
77453,0,0.7203994293865907
11292,15,0.2063324538258575
64390,0,0.0468580715059587
65294,0,-0.1717275105197316
11403,48,0.2284978800726831
14135,7,0.0661487490003427
11481,0,0.3787878787878789
75470,0,-0.0219760900140646
11511,9,0.0791089108910891
75107,0,0.3175117112152108
11547,5,0.290553518421512
11600,0,0.092969353592583
13788,0,0.0987339621038321
11043,0,-0.0082644628099173
11654,31,0.0952380952380953
11636,30,0.2146507666098807
11394,0,2.282857142857143
11533,0,0.1470636029770222
13652,0,0.1062906724511929
81593,0,0.3069577080491132
11775,0,0.0902711323763953
75233,15,0.1358811040339702
75186,0,0.1219512195121952
11809,0,0.0407089988313205
11731,0,0.0804986266638496
11825,0,0.4956165984804208
11803,0,0.1840101522842641
88197,0,0.0174064403829417
85789,28,0.1569767441860463
11618,9,0.15904
11896,0,0.1310429952684633
84769,0,0.2110318331503844
11884,0,-0.035814455231931
75182,30,0.4731048805815163
13643,9,0.301143583227446
75241,4,0.2731290092658587
75320,0,0.086719016729259
75285,23,0.4010190602000376
10901,0,0.046093671875
11891,0,0.4262711864406776
11955,0,0.0805963699222125
84176,29,0.0702917771883289
13969,0,0.0761099365750528
11752,0,0.2077192982456142
81774,4,0.308148148148148
75573,15,0.3536585365853659
84387,12,0.6363636363636362
17743,28,0.0350776308223117
12226,30,0.4031238378579396
78664,31,0.1011673151750973
12062,0,0.301131418624891
80926,12,0.7150939952546083
12209,0,0.3854166666666667
36346,28,0.0709219858156027
85269,0,0.396604938271605
92029,0,0.0320346320346318
75591,0,0.1123741944826586
76573,0,0.0818713450292396
11203,0,-0.0458715596330275
75694,0,0.1865836937031959
63467,0,-0.0085588072887907
75649,0,0.0543825975687779
91279,0,0.2984126984126984
75607,0,0.136825227151256
14663,0,0.0085470085470085
13721,0,0.0788817430108939
13802,0,0.3699395067473245
75654,0,0.3083846518237803
12073,28,0.1484162895927601
13825,0,-0.0983861559401128
75603,0,0.151912235258266
93101,0,0.201846153846154
75825,0,0.3226614699331847
13766,0,0.3149705634987383
75853,9,0.2714617169373552
14670,0,0.2114597544338337
75854,7,0.2631874298540966
13862,30,0.3227272727272727
15070,0,0.0226049515608179
75556,0,0.4365351629502572
86124,28,0.0258985200845665
11628,0,0.0999999999999998
75831,0,0.1897274633123691
11748,0,0.007462686567164
75828,0,0.140660876509933
14312,12,-0.1489361702127658
11348,0,0.2000321336760924
23799,0,-0.147239263803681
11285,0,0.1520797227036396
11442,5,0.0159326619570119
86896,5,0.0627551020408163
11018,28,0.0958646616541352
87952,0,0.1198353183355387
14440,9,0.0431802604523647
10252,0,0.1323597949355288
12189,0,0.0553830570809672
11208,0,0.1252236135957065
90983,28,-0.1453831041257367
13799,9,0.215962441314554
52936,0,0.0058939096267192
56710,0,0.056787634408602
12068,0,0.0742987111448068
75860,0,0.1964809384164223
11786,0,0.2785941223193009
10892,30,0.1709470304975922
10932,0,0.2336244541484717
11293,0,0.0413502109704642
12480,0,-0.0679999999999999
11593,0,0.3477751756440281
69586,28,0.227198252321136
14523,0,0.2536
35685,23,0.0315224681421864
76038,0,0.1505263157894736
10308,0,-0.0597493036211698
77519,0,0.164510166358595
92807,0,0.2175572519083968
14166,0,0.1322354080891257
13908,0,0.3645409317051109
83469,0,-0.0762439807383628
86814,0,0.1192468619246862
13812,0,0.4897119341563785
92716,0,-0.022211720226843
13877,29,0.2799831081081081
13870,0,0.5972222222222221
86384,0,-0.0598834128245894
13816,0,0.2994146780729401
15505,4,0.2919254658385093
10781,41,0.1299999999999999
15056,9,0.0243055555555555
13876,0,0.0866510538641687
13943,4,0.47052740434333
84725,0,-0.1273291925465839
83642,0,0.1116071428571428
13924,0,0.0612508059316569
13890,0,0.4228650137741048
91937,0,0.0464839094159712
13694,41,-0.2571255306246209
87759,0,0.0975609756097561
14051,42,-0.0003508771929824
13911,0,0.3219914704246245
14102,0,0.1178052716514255
10232,0,0.1413043478260869
13962,0,0.3205821205821206
14239,0,0.2085620197585072
90534,0,-0.1060000000000001
12166,0,0.2009132420091324
13963,0,0.1041782729805014
13959,9,0.3269639065817409
10629,23,0.0976933514246947
14044,31,0.1595264937993237
14046,12,0.1496291518864883
14400,12,0.6642335766423355
14464,0,0.1498489425981872
89875,0,-0.0179185076092293
77643,28,0.0415754923413564
14099,30,-0.10613294160852
77379,0,0.0533807829181496
10253,0,0.7400302877334679
14414,0,0.1207764198418404
11006,0,-0.089913544668588
14072,0,0.0588235294117647
14097,0,0.2145238095238095
86382,0,0.0765634132086501
77889,0,0.0741777466759971
14161,12,0.4449339207048457
14159,0,0.0879017013232514
14934,0,0.3142857142857145
14076,0,0.2660028449502134
14176,7,0.0073439412484699
11565,4,0.1541582150101421
75714,42,0.0119047619047618
14273,0,0.1948015651201788
14149,0,0.2154882154882154
14245,7,0.2327780279153533
14145,0,0.4123847167325429
14221,0,0.199361313868613
14169,0,0.0134474327628362
14317,0,0.3417497231450719
14136,7,0.0784295219668727
14257,0,0.2371134020618557
76908,12,0.1787947697555429
14943,28,0.0864836872087002
75912,0,0.131351086423787
85299,0,0.1518367346938776
14238,0,0.1288888888888888
14258,0,0.1165048543689322
14274,42,-0.1101694915254236
14295,0,0.1677524429967427
14325,7,0.2397824397824399
14359,0,-0.0217536813922355
14263,7,0.109419991772933
15383,42,0.4108527131782946
14213,0,0.0719557195571956
14550,0,0.0354957160342719
14472,0,0.0530862258520494
77415,0,0.0228465575794998
14449,0,0.452075471698113
47723,12,-0.1972810622826429
83155,0,-0.1594396264176117
14352,29,0.2549999999999999
14436,0,0.3601170380373621
79851,23,0.191027496382055
14422,0,0.1218773656320968
89211,36,-0.0576131687242799
14433,0,0.7142857142857142
14532,0,0.2043973941368078
92686,7,4.833333333333334
11844,28,0.0663730732934884
14459,31,-0.0321331784746418
89141,0,-0.0030102347983141
76266,0,0.0301391035548685
91855,0,0.0163043478260869
14434,0,0.1941646405001738
85726,29,0.4674479166666667
75906,41,0.0537128712871286
77236,12,0.1734417344173442
14426,7,0.0724006532389764
15351,0,0.4341463414634148
14503,0,0.163946587537092
14457,42,0.3519695044472681
14479,0,0.2367695008778532
14401,0,-0.0467591485290601
14487,0,0.1621823617339313
14590,0,0.2256097560975609
14451,15,0.1289592760180995
14490,12,-0.2364864864864865
14781,0,0.05672009864365
13328,0,0.5753205128205128
15092,7,-0.0229299363057324
14608,20,0.2259696458684654
79747,0,0.0899543378995435
14667,0,0.6959459459459458
14547,0,0.2967617753623188
14504,23,0.1046153846153845
14580,47,0.291891891891892
14456,0,0.1082608695652174
89828,23,0.0845588235294116
14555,42,1.3315972222222223
14495,0,0.0998389694041868
14751,0,0.1921119592875315
14531,0,0.0686015831134563
11397,28,-0.0423960612691467
14516,0,0.3498137487301049
14554,42,0.1192271442035814
14567,0,0.1733366069236435
14596,7,0.2120062777923097
14574,0,0.0629893238434162
14528,0,0.1371951219512195
14556,0,2.0013458950201883
14684,0,-0.1950464396284829
14619,0,0.529497450837582
14589,0,0.1176470588235294
14750,23,0.261111111111111
84516,0,0.0954274353876738
14603,0,0.1050889532478278
14579,0,0.2921142662301008
14759,0,0.3770380434782607
14818,0,0.1236363636363635
14636,0,0.2219343696027633
77300,0,0.2112304687499999
76215,0,0.3530474040632054
14763,0,0.331087584215592
14641,0,0.2010623340103108
14632,0,0.195736434108527
14634,12,0.6492146596858637
15527,15,0.1186848436246992
14697,0,0.3394736842105263
14625,0,0.0588235294117647
14682,12,0.6792452830188678
14719,47,2.035555555555556
14677,0,0.0578512396694215
76082,0,0.2577079697498545
14810,0,-0.0172278778386842
14694,29,0.3435114503816794
14690,47,0.1574318381706245
14688,0,0.1421832884097034
14884,0,0.2559768171939145
15064,23,0.3463796477495107
14942,0,0.2380952380952381
14872,0,0.3055555555555556
14830,30,0.1515151515151516
14714,0,0.0826956307084669
14774,7,-0.3480725623582766
76095,0,0.4273504273504274
14782,0,0.1490587783326931
14807,0,0.0192037470725996
15226,0,0.1495511276549157
15429,0,0.0227272727272727
14836,0,-0.031223628691983
14823,47,0.1636363636363635
14879,12,-0.1604311008468052
84184,0,0.3097238895558223
14812,0,0.447337278106509
14874,29,0.1573604060913704
14852,0,4.564285714285715
76963,0,-0.2655921052631579
76127,12,0.5196875000000001
76128,0,0.1937584193982937
92897,7,0.0153846153846153
15510,7,0.0019230769230769
14941,0,0.1529892313405125
76135,0,0.0830039525691701
78981,0,0.0777175046943459
15482,30,0.3544776119402983
14983,0,1.321107784431138
14908,12,-0.2642731018246027
88965,0,0.0247326203208555
14969,0,-0.08203125
14982,0,0.4508009153318077
15022,30,0.2569792412312095
15079,0,0.1620905587668593
89655,0,0.0911012877186239
14926,0,0.195738203957382
76392,0,0.30624
15067,7,0.1806795052450289
14882,29,0.4888888888888889
15084,0,0.0657692307692308
14970,0,0.2660860424956828
14953,0,0.4276875483372004
15065,0,0.0615827338129497
14353,0,0.1899999999999999
15046,0,0.176635327065413
15119,0,0.186204763377668
15016,0,0.1557788944723617
15071,0,0.415271435819381
15087,0,0.1793437733035048
92089,0,0.1068322981366458
88871,0,0.3600000000000001
15072,7,0.1152073732718894
85875,28,0.0784970238095237
15028,12,0.6260869565217391
15110,0,-0.2142857142857143
15590,0,0.388888888888889
15108,0,0.1611159169550171
15180,0,0.0540540540540539
83671,0,0.2170846394984324
15125,0,0.0615711252653927
12622,0,0.2229271007234279
76201,0,0.1213754169874263
87053,0,0.1834862385321101
14773,0,0.3690140845070424
76360,12,0.4137931034482758
15433,0,0.1622807017543861
15264,0,0.0073333333333331
89369,42,0.3726618705035969
15168,42,0.1499999999999999
17073,0,0.3125
15167,0,0.4443561208267088
15172,42,-0.3301204819277107
15220,0,0.0504201680672269
15374,0,0.1384615384615384
15144,4,-0.0335891891891892
15398,0,0.3224351747463361
76230,0,0.0879673264216149
76461,7,-0.0122324159021406
89948,0,-0.0117647058823529
15198,0,0.210680321872714
15178,0,0.0717571297148114
76261,0,-0.0219719093311082
15315,0,0.2157240413237613
15400,31,0.2879338842975207
76224,28,0.0335167583791897
15382,7,0.4912280701754385
92020,29,0.0325183954426773
15272,0,0.362848070346849
14543,30,0.12259835315645
76279,0,0.1024287222808868
76478,0,0.0051376630219996
15395,7,0.1635330553735496
90608,0,0.0634517766497462
15291,0,0.6875650364203956
15381,7,-0.1019607843137254
15397,0,0.3008096035734227
15650,0,0.1209956211108549
15490,0,0.0978290366350067
79037,4,0.1066536203522505
78071,0,0.1559999999999999
15282,42,0.0091240875912408
15302,0,0.122478386167147
76529,41,-0.1314814814814815
76515,0,-0.0900584795321638
76504,23,0.216557734204793
15399,0,0.0160427807486629
15371,0,0.2663808940600123
91902,23,0.0722950024260069
88284,0,-0.092814371257485
76582,0,0.1413063144563053
76613,12,0.5905511811023623
76614,0,0.0769829184094919
15452,0,0.3278084714548803
15440,0,0.4713927227101631
15390,0,0.0045045045045044
15710,0,0.4166666666666667
15396,12,-0.0903921568627451
76644,0,0.2171156893819334
15454,9,0.1889176928062215
76837,0,0.1416817178406582
76661,0,0.1744923857868019
15410,7,-0.0098242451554754
15496,0,0.2201587301587302
76686,30,0.0088495575221239
15409,0,0.1495759444872784
76856,0,0.0013939224979091
15534,0,0.2404554588077696
76709,0,0.1459709318869331
76934,0,-0.0271658332207055
76712,0,-0.025735294117647
76721,0,-0.0333883691065859
76684,4,0.0712090163934426
15585,7,0.0618025328561082
76732,29,0.5477684797768481
91403,0,0.0425808314087761
76736,4,-0.0492371705963938
88031,0,0.0986491290437256
76744,0,0.0556839672200042
76750,0,0.2666057977630678
76788,0,0.4260731319554849
76795,0,0.2508713915647389
14106,5,0.1985335589396502
15493,12,0.1996890270990672
76869,0,0.0909090909090908
76798,29,0.3429256594724219
76838,0,-0.1443999999999999
76892,0,0.2168703007518795
15407,0,0.2607099143206854
76841,0,-0.0617928124407357
15649,0,-0.1896314743862637
15541,0,0.0512347103623356
15651,0,0.0214340786430222
77235,36,0.042
15488,0,0.2847294756632548
77037,0,0.1068871024597823
15478,0,0.1905409489271683
13412,9,-0.5504477611940298
77202,7,0.162220041045775
77090,0,0.0580820984500085
77117,4,0.1357340720221607
77114,31,0.2424464383812488
77217,0,0.3905579399141632
77165,0,-0.0813199105145414
77182,0,0.1083385319193177
77191,0,0.0659869725290285
77175,0,0.0492700729927007
77178,0,0.1628972653362896
90464,0,-0.04022450888681
77274,0,0.1235955056179773
15627,0,0.2388090349075975
77292,0,0.2021276595744681
77282,9,0.3365180467091295
15643,0,0.389108910891089
15530,42,0.4315068493150684
77338,0,0.0937109136974438
15394,0,0.0219780219780219
77366,9,0.4011741682974559
77393,42,0.0264460813911364
13599,0,0.5048543689320388
92871,0,0.0677966101694915
77425,0,0.5709779179810728
77447,0,0.0869306636269018
77496,4,0.1505771248688352
77501,42,0.1688596491228071
77505,0,0.0335570469798658
77515,12,0.4604810996563573
77520,41,0.1183068783068783
83738,23,0.1407849829351537
15623,0,0.1392939370683039
77610,0,0.1391713461830324
77605,0,0.1486362243334353
77649,0,0.0180753018503965
77629,0,0.0942028985507246
15539,0,0.1067285382830627
77660,0,0.218545934530095
77661,0,0.3888235294117645
15533,42,0.3541666666666667
15531,12,0.1006666666666666
89810,0,0.0942622950819671
15785,0,0.1275797373358349
77702,0,0.1671737146334044
87505,0,-0.0601880877742946
77780,0,0.1978181818181816
77868,0,-0.0451388888888888
77900,0,0.4622222222222223
77902,0,0.3050351288056208
77918,41,0.088592489881577
77917,28,0.315118912797282
78018,0,1.176470588235294
78015,23,0.2145615002757861
78038,0,0.1567567567567569
15795,30,0.8070444104134764
15775,0,0.2788461538461539
78054,15,0.530120481927711
78077,5,0.1264567983924982
78066,47,0.1562705187130664
78091,7,0.1568047337278106
78081,30,0.3554730473047305
91402,9,0.232574189095928
78189,0,0.1439539347408829
78170,12,2.319672131147541
78211,0,0.0172991071428569
78137,23,0.0482195845697328
78156,0,0.1347447566284132
78213,0,0.3557692307692306
78840,0,0.2468894716286336
91128,12,4.745446368338206
88944,0,0.0115879828326179
15779,42,0.3455019556714471
15658,0,0.2297714638665842
15694,13,0.0991136800347114
15833,42,-0.0443548387096773
15774,0,0.040232268768146
15856,0,0.1814207650273225
15838,0,0.0863768115942027
15826,0,0.2436044291714394
15850,0,0.1653543307086611
15853,0,0.099740452354468
15859,0,-0.0178163544997715
78841,0,0.0281596452328158
86889,0,1.4865900383141764
78908,0,0.1085271317829457
79033,0,0.0221737549981824
78875,0,0.2163000564015793
78876,28,0.3197399527186759
78915,0,0.0758405003909306
79019,0,-0.072595281306715
79065,0,-0.169139465875371
48653,0,0.2159098852273704
78955,0,0.0430906389301632
75985,0,0.0693069306930693
78950,0,0.1088082901554403
78987,0,0.2939528023598821
15491,7,-0.0789473684210526
79072,23,0.1540305663769854
79089,0,0.2036474164133739
79108,0,0.0164956011730204
79116,0,0.0100603621730381
79133,0,0.0757484428370502
79103,0,0.2833084631559031
88597,0,0.22772799156563
79150,0,0.1494292632307159
79166,0,0.0830601092896174
79198,20,-0.0903225806451614
13949,0,0.1879489653693578
79237,0,0.1034482758620691
90783,12,0.0083146067415729
79323,0,0.1089065736400305
79299,0,0.3475735431890576
79248,0,0.1923566878980891
79249,0,0.2341069626639758
79265,0,0.3609281906553778
18649,0,-0.0178674351585014
79382,0,0.1791044776119401
79507,0,0.1877449234057713
79499,0,0.3084999999999998
79545,0,0.1723430447271234
79490,30,0.2319999999999999
88568,0,0.1976256983240223
79491,0,0.1772092293203577
15724,0,0.1872977346278317
80069,7,0.1967327076816127
85913,0,0.2156128859778103
79668,23,-0.0523835920177383
79731,28,0.1370520871813816
79758,30,0.1574202496532595
79686,0,0.1101491791044775
79734,0,0.1037924151696607
79824,23,0.0376304023845008
79857,12,0.5702127659574467
79906,0,0.3336064454458554
79862,0,0.0787511649580614
79839,0,0.2505821243059285
79791,0,0.8817427385892116
79878,0,0.1056735681634848
79841,0,0.018756169792695
80223,0,0.0629370629370629
79879,0,0.0776092774308652
79885,0,0.0248236415633937
80034,0,0.0792079207920792
80080,0,0.2990553885787892
80050,0,0.1289052244683644
84723,31,0.393731343283582
80054,0,0.2140799999999998
80167,9,-0.0050057758952637
80236,0,0.2873134328358209
80204,0,0.0052845743275378
80191,28,0.0897640588965762
80193,29,0.0931677018633538
21186,28,0.1390658174097663
80306,0,0.955
13006,0,0.0653482373172829
80375,30,-0.0879227053140097
80343,0,0.9942196531791908
80362,0,0.2117812061711079
80341,0,0.131160572337043
80336,0,0.0598039215686276
80415,9,0.0443341321465251
80478,0,-0.0222496909765141
80539,31,0.0756302521008402
80534,30,0.1465040650406504
80498,30,0.0702861952861952
80563,0,0.4086956521739131
80575,0,0.1632784769280413
80640,0,0.7285714285714284
80633,0,-0.1388888888888888
80759,0,-0.0103348491112029
80774,0,0.0427631578947367
80828,0,0.0742574257425741
80791,0,0.3385416666666667
80795,7,0.0033780649110857
80812,0,-0.0506060606060605
80837,0,-0.1378398791540785
80928,0,0.0740740740740739
80924,0,0.1963562753036436
80955,0,0.2424123711340207
80864,0,0.0227194885260872
80951,20,0.2597137014314929
81010,0,0.109717868338558
80960,29,0.0052910052910053
80957,0,0.0755232986220679
80969,4,0.0242214532871973
81084,0,0.2730172538784978
81095,28,-0.0829732065687122
81055,30,0.2844109480364936
81182,0,-0.053897978825794
81184,4,-0.0311284046692607
88865,0,0.112442396313364
85205,0,-0.1173015873015873
81220,0,0.2886304296225965
81241,0,0.2619672131147541
81282,0,0.134575569358178
81278,29,0.0884588804422943
81501,0,0.1614268440145103
87532,0,0.0964010282776348
81540,0,0.0131073446327683
81560,0,0.075268817204301
90470,28,0.0366748166259167
81588,0,0.0895883777239709
81584,0,0.1352772466539196
87476,0,0.0986666666666666
81624,0,0.0607734806629833
81621,0,0.0069444444444444
81736,0,0.0545184367247224
85332,23,0.0636574074074072
81740,29,0.0976368159203979
81696,0,0.2513756878439221
81666,0,0.3793103448275863
81665,0,0.120135363790186
81677,31,0.1722418450031164
88719,36,0.0916473317865429
81893,0,0.2017200938232994
82251,0,0.0407336827060504
81869,20,0.129032258064516
82171,9,0.0395238095238095
91262,29,0.279703934553954
82212,0,0.1712944857254594
82179,0,0.1428251623013205
82176,0,0.0134228187919462
82234,0,-0.0935672514619883
82281,7,0.1282660332541567
82272,20,0.2474226804123711
82261,0,0.0877566349524288
82486,0,0.2011601995979357
82508,0,0.0803633822501748
82518,30,0.2567703109327983
82515,13,0.0756721044874726
82307,0,0.038785169602945
82575,23,0.1631355932203391
82567,0,0.6567164179104479
82581,0,0.079968329374505
82621,47,0.3519999999999998
82649,41,0.1581595974119338
82552,47,0.4397515527950308
82547,0,0.146628170756857
82642,0,0.1070665871720848
82651,0,0.0271903323262838
82573,0,-0.0651197604790418
82587,0,0.3447432762836186
82599,0,0.0930337078651686
82762,42,0.0343589743589742
82686,0,0.0244435888378662
82759,0,0.203814064362336
89736,0,0.1248344370860927
82768,0,-0.2077166851529076
82775,0,0.0780363223609534
82747,47,0.1423076923076922
82800,0,0.1519886363636362
82812,9,0.1068702290076335
82848,12,0.1094420600858367
86122,0,0.2694971780400206
86098,0,0.2008196721311475
87832,7,0.0827814569536424
84825,0,-0.0663551401869158
90710,0,-0.0270270270270269
83145,0,0.1041009463722397
87471,0,0.1555555555555556
83149,0,1.2149532710280373
83120,0,0.0831999999999999
84397,37,0.2273504273504274
37381,9,-0.009009009009009
83111,0,0.1969038868470876
83124,0,0.1608124253285543
82859,4,0.2186642268984446
83303,9,0.2418461538461538
83143,28,0.0159663865546217
83272,0,0.058060259511766
83304,29,0.4321428571428571
83244,0,0.2016574585635357
83762,7,-0.1875
83390,0,-0.0159066808059384
86080,7,0.5957446808510638
83411,0,0.1379310344827586
84215,36,0.1346469622331692
83414,23,0.1263250883392226
83382,0,0.0963530874430169
83422,0,0.055678466076696
83520,12,1.2636103151862468
83509,0,0.0633714619687735
83547,28,0.0483870967741935
83462,0,0.9876543209876544
83534,0,0.1339110340843443
93312,0,0.2587859424920127
86091,0,0.0006581112207963
83690,0,0.1573254670599804
89202,0,0.3039568345323742
83621,48,0.1262958231169613
83683,28,-0.1431385423506237
90082,23,0.1219325153374235
83774,28,0.0590823381521057
83779,0,0.1739435631054331
83799,0,0.139811186305895
83734,0,-0.097493036211699
83756,0,0.0
83916,0,0.0615468409586055
83879,0,0.1242199687987519
83844,30,-0.1157894736842105
83856,0,-0.0699690402476779
83862,0,0.1832750582750582
83910,0,0.3665594855305467
83906,0,0.0045286125977768
83885,12,1.0284057971014495
83969,0,-0.2477443609022556
88436,42,0.2432432432432429
88905,0,0.3728813559322035
84026,30,0.0614399999999999
89425,28,0.1376146788990826
84062,0,0.5737940964722821
84042,0,0.2849999999999999
84010,9,0.5446675900277009
84041,0,0.0414201183431952
84032,0,0.2858596134282809
84203,0,0.38546875
12877,0,0.7354838709677418
84234,0,0.1298307250079846
84172,29,0.3368421052631578
84262,0,0.0767524401064774
84210,0,0.0708176530961341
84348,36,0.1804008908685967
84302,47,0.7513882956001707
84373,0,0.3712328767123287
84319,0,0.3517544932143293
93131,0,-0.0348785683851725
85176,0,0.2169657422512234
88984,28,0.0406249999999999
84438,0,-0.0619725738396624
84385,29,0.279088471849866
84413,0,0.3225806451612902
84511,7,0.5812431842966195
84563,0,0.1888352860096485
84389,28,-0.0151540950110674
84597,0,0.1330063473744953
84737,0,0.0066666666666665
84761,0,0.0205716212798245
84607,4,0.2187499999999997
84656,23,0.3044990219517498
84734,31,0.3066061522945034
84780,30,0.1298449612403101
84827,0,0.1288288288288288
84788,0,0.268900169289439
85035,0,0.2158005705072554
85002,0,0.2050705377223471
85072,31,0.1039952117312583
85067,0,0.1567010309278349
85013,29,0.3233082706766916
85020,23,0.1332271762208068
85059,0,-0.0889192886456908
85168,0,0.5487804878048781
92245,0,0.2792553191489362
85187,9,0.2802893309222423
85177,0,0.2236652236652236
87364,7,0.630281690140845
89022,28,0.1645363408521301
85246,0,0.0455535749653395
89038,37,0.1423282599753188
86818,0,0.2140957446808511
13739,0,0.1416666666666666
89898,0,0.3223880597014923
85349,0,0.5471698113207548
90012,0,0.3749131341209173
85372,0,0.2334831460674158
89270,28,-0.0415094339622642
90875,20,0.2027491408934707
85418,28,0.041335453100159
85502,0,-0.0562130177514792
13935,0,0.1343447669305191
85440,41,0.1958208955223881
85488,0,0.0502031340684852
85517,0,0.2253061224489796
85424,0,0.0862295081967214
13265,0,-0.1134552799910223
87114,0,0.1147850732168163
85464,0,0.1874039938556067
85427,9,0.2785811116131949
85419,0,0.3455172413793104
85540,12,0.5183246073298429
85621,0,0.0426206565781719
92593,31,-0.0033428844317097
85627,9,0.6137048192771084
85539,9,0.0641537324464154
85593,4,0.182955698342915
85567,4,-0.0296875
85576,0,0.0236986301369863
85526,7,0.441717791411043
93285,0,0.1061399333650641
85686,12,0.346153846153846
85725,0,-0.1087719298245613
85645,41,0.0754966887417218
85710,0,0.1587229706781388
85663,0,0.248785228377065
85883,0,-0.1151685393258427
92878,0,-0.170266836086404
92557,0,0.2813688212927758
85731,28,0.0024999999999999
85751,0,0.0579551667577913
85656,0,-0.0320987654320986
85757,12,0.6699999999999999
88183,0,0.068121693121693
85744,0,0.1365853658536586
85753,0,0.1632517630073853
85768,0,0.1189801699716714
85724,0,0.2048192771084338
85738,0,0.249789739276703
14604,0,-0.0686965274282839
85792,5,0.1459186889379136
85966,0,0.008
85886,0,0.1150206260616355
85889,0,0.1434573829531813
88384,0,0.2052117263843649
85931,31,0.2785588752196837
88203,0,-0.074380165289256
86444,7,0.6169354838709675
86102,0,0.1952755905511809
86111,0,0.0929965556831229
87014,28,0.1547212741751993
85860,28,-0.0948581560283686
85863,0,0.044718360326788
15057,7,0.711442786069652
87488,0,0.0174618181818182
87501,28,0.0786516853932584
87508,29,-0.0919999999999999
88820,23,0.0512534818941505
88951,0,0.016
15840,0,-0.0637560637560638
90603,0,0.1280307510348906
86302,0,0.1577574967405477
87614,0,0.0351526364477334
14175,0,0.0497737556561084
85992,0,0.4239261340826976
85972,0,0.2609997006884168
86047,0,0.2682926829268293
90544,0,-0.1673738802451674
86062,0,0.1024358974358974
86026,5,0.0436033961721111
86083,0,0.0733590733590734
86051,0,0.7227414330218069
86113,29,0.069767441860465
86048,0,0.1658805031446539
86128,9,0.3829174664107486
88341,0,-0.008174386920981
86211,0,0.0696867061812023
89279,23,0.068
87318,23,0.1612048990400529
92919,0,0.1183732752360204
86158,0,0.2485474499677211
87067,0,-0.0045454545454546
14778,0,0.0629067245119305
86288,0,0.1039661925387445
90221,0,-0.0228716645489198
86228,0,0.0436983746336263
89643,41,-0.0139949109414758
86287,0,0.0090826521344231
86233,0,0.3234714003944772
92935,7,-0.2418136020151134
86728,0,0.0079777365491651
86312,0,0.0790322580645161
86339,0,0.1040858797843407
15417,0,0.2165586753059754
14355,0,0.29
86356,0,0.3250166333998669
86868,31,0.1864933048709489
87658,0,0.6766355140186917
89109,28,-0.0124401913875596
86435,28,0.0557491289198606
86432,0,0.2420725388601037
12380,4,0.3052631578947369
87753,30,0.238938053097345
86489,0,0.5605427974947808
86544,15,0.167634854771784
86526,0,0.123574144486692
87069,0,-0.1014554794520548
86573,0,-0.167779632721202
86578,0,0.4281391830559757
90591,0,0.1013973486205661
86582,4,0.1799043062200958
86547,0,0.1966759002770084
86560,12,-0.2865497076023392
86719,0,0.3624708624708626
86717,0,0.1358799454297408
90590,0,-0.1052241570952204
86763,12,-0.0784313725490196
86778,0,0.2305709023941067
86783,9,0.1005337057552739
86810,0,0.1881707012727727
86820,0,0.032730404823428
86822,0,0.1003236245954692
86819,7,0.622983870967742
86827,0,-0.0026666666666665
86799,0,0.9924812030075184
86916,29,0.2885628291948836
92318,45,0.1166390270867883
86876,0,0.1321663019693653
12588,0,0.0573318632855568
86964,0,0.3060113476507549
86949,0,0.1870261162594777
86990,0,0.021505376344086
88368,0,-0.148619957537155
86996,7,0.0738971367188945
87006,0,0.1553915106775638
87000,0,0.2167127921279212
86965,23,0.0667034178610805
86979,41,0.1285266457680252
87016,29,0.3872832369942196
87077,9,0.1112061591103508
87121,0,-0.0002325311010347
87066,0,0.0534782608695652
87075,5,0.0773547094188378
87056,0,0.0889940828402366
87034,0,0.0268991708509362
87086,0,0.2857142857142856
87162,0,0.4504913076341648
87179,0,0.1187156738487535
90539,12,-0.0462962962962962
87227,0,0.1323328785811732
87267,0,0.141077823487965
87268,20,0.283748925193465
87361,0,0.0270676691729323
87269,0,0.0183896620278327
87356,0,0.3106395520188623
87302,0,0.0314703715398378
90358,0,0.0278463165315474
87299,0,0.0679855721936824
87321,9,0.0236486486486484
87337,0,0.1822033898305084
13704,7,-0.0097790655559579
87379,0,0.4020421186981493
89597,9,0.3675213675213677
87439,0,0.8112094395280234
87430,0,0.0852601156069363
12308,0,0.1350416217826775
90808,29,0.2614181624311356
87394,0,0.2985074626865671
87373,0,0.1494252873563217
87510,29,0.3933333333333333
87445,0,0.09553611516588
87487,0,0.2281746031746032
87541,5,0.1130945525739952
87583,9,0.0877551020408162
87589,0,0.3333333333333332
87812,0,0.1382742067673574
87657,0,0.1531120771922383
87659,0,0.146594684385382
88810,0,0.1474358974358973
87789,0,0.3094805666545586
88152,0,0.0735938321359734
93368,0,0.0734114743985192
88167,0,-0.0469728601252609
88468,42,0.2935779816513759
88173,0,-0.0307692307692307
88174,0,0.0523076923076923
88195,9,0.2794348508634223
88159,0,0.4340882694541232
88182,28,0.2897909967845662
88260,0,0.6105263157894736
89572,0,0.2575210589651024
88534,0,0.3190909090909093
88264,29,0.2029702970297031
90071,0,0.2300073367571533
88351,0,0.4348097317529631
88343,0,0.1294642857142856
88319,23,0.2567736556898707
88352,0,0.0316431621260306
13198,0,0.2377142857142857
88281,0,0.146264162903098
88280,4,0.1467025572005382
88332,7,0.5833333333333333
88287,0,0.2372718539865514
88439,0,0.2113022113022111
88417,0,0.2758055707263791
88466,0,0.3347639484978539
88485,4,-0.2807881773399014
88421,0,0.1659523809523808
88446,0,0.1680946104276508
88511,42,0.299900554055974
88542,0,0.6163682864450128
88504,0,0.0964863357501395
88564,0,0.5818713450292399
89617,0,0.0810637705771366
48506,0,0.1531914420803781
14932,0,0.0898165717900063
88648,0,0.120889748549323
88620,47,0.8620855358000961
88626,0,0.3741935483870966
88615,0,0.1845370664969774
88661,0,0.1490347490347492
91360,23,0.0747051114023591
13453,9,1.48046875
89576,0,0.115674033280319
14521,0,0.3003186404673394
88807,7,0.9181380417335472
88863,0,0.3617241379310345
89029,47,0.5697737360614918
88860,0,0.2351250934176487
88949,0,0.1893742416363319
88839,0,0.2443438914027149
90029,42,0.2039660056657224
90177,0,0.1434319526627219
88873,0,0.1510781390834086
88897,0,0.6945812807881775
92601,0,0.2625546674709698
88895,15,0.2029702970297029
89290,0,0.1299464316571625
89006,0,0.0271565495207668
89110,0,0.1116193961573652
88970,0,0.0230414746543778
88994,0,0.9615384615384616
89031,0,0.0274127455136357
89002,12,0.4879643387815751
89167,0,-0.0667655786350148
89036,28,0.08041504539559
89044,0,0.3626279863481227
89215,0,-0.1873378308251169
89070,0,0.1842105263157896
89327,0,0.2221618685497013
89413,0,0.2803738317757009
89179,0,0.2364782521352295
90223,47,-0.1738035264483628
89244,9,0.5085748078060319
89269,0,0.1206867530718733
89217,28,0.2956493784826404
89307,0,0.026007981285262
89252,47,0.1798561151079136
89262,28,-0.1109467455621301
90125,0,0.0647603027754415
90081,15,0.0298621745788667
91379,0,0.3128679562657694
89297,0,0.022691228498231
89353,0,0.088268156424581
91015,0,-0.0497652582159625
89393,0,0.1181092143808255
89424,0,-0.1121495327102803
89387,0,0.08
89394,0,1.5290581162324646
91975,0,0.2147403685092126
89445,0,0.2031662269129286
91665,0,0.0650602409638552
93016,7,-0.0444532645366144
91152,0,0.1339516849370685
91727,7,0.1263427109974424
89753,0,0.1597809855649576
14610,7,-0.0420168067226891
89575,0,-0.003671680682222
89453,0,0.717136150234742
91269,0,0.1709756097560977
89406,23,0.1457806973218798
89626,0,0.0306518419987278
89443,0,0.2577826324412891
89916,0,0.2132340204399794
89533,4,0.4210001661405549
90601,0,0.155028962611901
89482,4,0.3025
90313,4,0.0344827586206897
89941,0,0.4173027989821882
93150,0,0.0996523754345306
14599,4,0.0413702239789195
89876,0,0.1897155028145443
89653,0,0.1158631415241058
89826,0,0.2530446549391068
89574,0,0.0007215007215006
89546,0,0.4237668161434977
89509,0,0.5103980986333929
89573,0,0.0444773906597479
90436,0,0.2593107281823237
92468,7,1.4986376021798369
91274,0,0.0445726271630835
89781,0,0.1736453243400382
89698,0,0.1023391812865497
89741,9,-0.126047388044742
89800,0,0.0499124343257444
89824,0,0.0570335276967928
90716,0,0.1072210065645513
13411,0,0.2277227722772277
89901,0,0.8794749403341289
89866,0,0.274987810823988
89889,0,0.4250479583447519
89964,0,0.0603391323497026
89922,0,0.098490294751977
89913,29,-0.0474485228290062
91086,0,0.0320609049967832
89973,0,0.0806722689075629
89971,0,0.229695721802791
89952,28,0.277878866649337
89960,0,0.1244075829383888
90088,4,0.1517241379310345
90126,0,0.2815945716709076
90490,0,0.1482701812191103
90194,0,0.0163855421686747
90454,48,0.3681630824138351
91977,9,0.0735212824765063
93012,7,0.1114864864864864
90248,0,0.1168265462145046
91901,0,0.1106321839080459
91233,0,0.1383093227355523
14542,0,0.1598283128028665
90285,9,0.2621359223300972
90533,42,0.6294117647058823
90708,0,0.3415914838709679
90427,0,0.1401937046004844
14650,4,-0.0006553079947575
90288,9,1.1651117760957574
90227,0,0.1762568140520897
13879,0,0.5199999999999998
90314,0,0.6026490066225165
90353,4,0.3301088270858525
13577,0,-0.0261910700922924
90312,0,0.1383285302593659
90090,0,0.3332504042791393
19721,4,0.1290626471973621
90455,0,0.1937775472484444
90249,41,0.179119547657512
90444,0,-0.0775938516109961
90476,9,0.3397435897435896
90496,0,0.105050505050505
90568,0,-0.0314769975786924
90505,0,0.1306804803390628
90600,23,0.0826542491268917
90637,0,-0.1689189189189188
90718,0,-0.0612939841089671
90409,0,0.2354497354497353
90548,0,-0.1358024691358026
90803,42,0.378021978021978
90386,0,0.0637707948243992
15506,7,0.1036906854130053
92521,0,0.0352941176470589
90520,0,0.1318980787573238
90440,23,0.1328541618363088
13797,31,-0.0438489646772229
90564,0,0.1093238822246456
90605,0,0.0633587786259541
90550,0,0.1073602656336469
90569,28,0.2656146341463414
90558,0,0.1649341649341649
90734,0,-0.0728244650499284
91500,0,0.1864309052469728
14689,42,0.1153846153846152
90494,0,0.7452631578947368
13938,29,0.694267515923567
90634,31,0.2713734142305573
90672,12,0.6129032258064515
12487,0,-0.07328
91018,0,0.0059502975148757
90664,7,0.2448472627788933
13196,0,0.1059431524547804
90720,0,0.5004088307440719
90636,0,-0.0416666666666666
91114,0,0.2740501212611157
86165,12,0.3615384615384613
90993,0,0.1077399380804953
90735,0,0.1363636363636362
90885,0,0.5000000000000002
14185,0,0.2512171372930867
13993,0,0.4289308176100628
90856,0,0.283715391485561
90871,0,0.6848802395209583
90776,0,0.1721659588369815
90829,0,0.0110294117647058
15127,0,0.1073738680465719
90775,0,0.171687429218573
90868,0,0.0675355450236965
90955,0,0.5578947368421052
90805,0,0.1532921810699588
90952,23,0.165206508135169
90961,0,-0.0013755158184318
90971,0,0.4904645476772618
91594,0,-0.0739657333890514
90825,4,0.4653465346534655
90870,0,0.1231492153559712
90963,0,-0.0124088723437256
91349,12,0.1923615276944612
91356,23,0.2785654712260217
90988,0,0.1570512820512819
90989,0,0.5075000000000001
91090,0,0.4273101824602709
90978,0,0.4497041420118342
90979,4,0.1313789359391963
91801,4,-0.339499455930359
90925,0,0.0872186495176849
91083,28,0.0
91408,15,0.2483103879849812
84185,0,-0.2415533980582525
91041,0,-0.0129784425868896
91080,0,0.1076294277929157
15273,0,0.3138297872340425
89003,0,0.0842650443932915
13976,9,0.1132075471698113
91176,0,0.1438095238095238
91095,30,0.2886597938144331
93175,0,0.9271604938271604
91186,9,0.1100386100386101
91234,41,0.1847690387016229
91627,47,-0.117391304347826
91348,0,0.3130434782608695
91237,0,0.156293222683264
91215,0,0.4815989847715738
91359,7,0.2406504065040648
91395,0,0.0150602409638556
91366,20,0.1311475409836067
14174,0,0.0395121951219512
13532,0,0.0285451197053407
91299,0,-0.0657051282051282
13377,0,0.1865678916073692
13956,0,-0.2311320754716982
13921,4,0.1674290942360476
13534,0,-0.0345477386934673
14094,0,0.1491326957343905
14707,0,0.206923076923077
13188,0,0.1070266361335421
13407,0,0.2272782374100719
14033,0,0.0319512195121951
13641,0,0.6618320610687023
13356,0,0.3638397017707362
13621,0,0.1907582938388627
13559,0,-0.2222222222222223
13543,0,0.115918175405596
13447,7,0.2266732579619392
13548,0,0.6876750700280114
13337,0,1.42526790750141
13622,0,0.4418604651162792
91363,31,0.2324195470798569
91463,28,0.0545948616600791
91357,0,0.0502283105022831
13967,0,0.1414481058058732
91277,0,0.3194103194103193
93035,0,0.1380000000000001
91472,0,0.0924596050269299
91579,0,-0.0203094777562862
91498,7,-0.2422951823394984
91503,0,0.1432584269662919
12452,7,0.419316843345112
91446,23,0.152577319587629
91468,0,0.0704512372634644
92506,31,0.2007092198581559
91392,0,0.1783410138248848
91413,31,0.1202778983933998
91618,0,0.0819672131147541
91659,31,-0.0405867970660145
92040,0,0.2781385281385282
91355,0,0.5517241379310345
93189,0,-0.034188826090985
91461,0,0.0518477661334804
91416,4,0.2630241423125794
91611,0,0.2204658901830281
91742,0,0.036734693877551
91615,7,0.5809018567639257
12049,9,0.5018181818181817
91612,4,0.0862186014935506
91622,23,0.0233739837398374
91625,0,0.1867103416003743
90077,7,0.2590361445783131
92773,0,-0.0182389937106919
91516,0,-0.0294636111810627
91683,29,0.2017326732673268
91668,0,0.1727421109902067
91571,0,0.2780850328378845
92589,29,0.3587786259541985
92252,0,0.0681165987011025
91658,0,0.5957690108633507
91678,12,1.0054945054945057
91754,9,-0.027237354085603
92035,0,0.2106741573033705
14548,4,-0.0159979685119349
92449,12,0.1515789473684212
91822,0,0.0122699386503066
91836,0,0.1152941176470587
91688,0,-0.2503085657862255
91826,47,0.8342857142857143
13796,47,0.1753926701570682
91814,29,0.1763157894736842
92043,0,-0.0502663886958536
91959,0,-0.1208791208791209
91854,0,0.0794824399260627
91968,0,-0.1060903732809429
92091,42,0.6073306294126486
91900,0,0.2400635930047694
14137,0,0.3683011993320177
93177,0,-0.0806451612903226
91909,0,0.798268688124731
91849,0,0.2232415902140672
14310,0,0.1412103746397695
91915,0,0.4013738959764474
91979,31,0.166195190947666
92052,0,0.1314895681707908
14693,0,-0.0834386852085967
92050,7,0.2054563740618284
92345,0,0.534433883608471
92095,0,0.1632075471698113
92096,0,0.1053739723280529
92097,7,-0.1105263157894737
92121,0,0.2046537706756377
14328,12,0.5569620253164556
92111,0,0.2241379310344826
92143,0,0.1082823074444085
92102,0,0.024822695035461
92229,0,0.1619718309859155
92220,0,0.2077122854561879
92239,20,0.3236872812135356
92172,9,0.2870370370370367
13284,0,0.1143820913830113
93149,0,0.0610932475884244
14444,7,0.3580862197856966
15540,0,0.0798045602605863
92221,0,0.1942978057697368
93004,0,0.0909090909090908
68145,9,1.9661016949152543
92293,0,0.200097608589556
93130,0,0.0040987806127676
89756,12,0.44959266802444
92402,7,0.1316445574350968
12400,0,0.1063751607569354
92303,23,-0.0219123505976094
92326,30,0.442831215970962
92354,4,0.1031390134529148
92428,0,0.0768909318846635
92432,0,-0.0053177346450412
92400,0,0.5031982942430702
13712,0,-0.0746753246753246
92443,0,0.0071492403932083
92448,0,0.0472425636705333
92493,0,0.204135737009544
92466,7,0.2999999999999998
92467,0,-0.0307692307692307
92469,0,-0.0131373162339692
13561,23,0.2375059495478342
92917,0,0.1785714285714286
92528,0,-0.0988372093023255
92523,23,0.0499108734402851
91365,0,0.1928429423459243
92614,0,0.0178153228504516
92587,0,0.2129317060503766
92611,0,0.109235352532274
92648,0,0.3025252525252524
92588,0,0.1299261083743843
10258,42,0.4759036144578314
92602,0,0.0224780701754385
93347,0,0.2541436464088398
92597,0,0.0962846677132391
13262,0,0.3193130910900945
92753,0,0.0940860215053762
14797,47,0.1626202473660101
12577,0,-0.1181102362204723
93345,47,0.0403225806451612
92621,0,0.2038749999999998
93079,0,0.0263466042154567
92780,0,0.0347826086956521
13343,0,0.2582159624413147
92852,0,0.1276135544340302
92685,0,0.073469387755102
92688,0,0.0361806311207835
92810,23,0.0401310401310399
93065,0,0.1150234741784037
93339,7,0.3500000000000001
79678,0,0.0714525891055817
92775,57,0.3597797044549868
92729,0,0.0332570351420493
13305,0,0.2029113365681516
13604,0,0.1803619104123404
92782,0,0.1454753722794959
93089,0,0.0964987803128141
12527,7,0.0566037735849056
92797,0,0.2188473520249221
92913,0,0.2182596291012837
92809,9,0.1152759948652115
87078,0,-0.0767045454545454
91161,0,0.2103092783505156
92808,0,0.2835249042145593
92854,9,0.0976616231086657
13253,12,0.0666666666666666
92902,0,0.103030303030303
75754,0,0.0449438202247192
93274,0,-0.2456842105263157
92987,0,0.0236252545824846
93073,0,0.1985207100591717
13863,0,0.4905660377358489
93098,0,0.1745302713987473
93132,0,0.0649401996639318
93085,0,0.243081525804039
14262,42,0.233695652173913
92596,0,0.0078369905956112
93246,0,0.0458302028549961
93128,0,0.1335403726708073
92486,0,0.7179487179487178
15645,47,-0.060496413381578
93272,0,0.6242937853107344
93356,0,0.1935067727370458
93401,9,0.0810185185185183
15186,0,0.2601626016260163
14172,0,-0.2434767067794591
93233,4,0.1647058823529412
93304,41,0.1719833564493758
12591,0,0.2086567164179105
93264,9,-0.0089197224975222
93372,0,0.0408335680090117
93434,9,-0.073170731707317
93266,47,0.2621118012422359
11664,9,0.2012603387160298
93420,12,1.0111428571428571
93393,0,2.036407766990291
93289,0,0.4130248500428448
11370,0,0.1625139457047228
14435,0,0.0227272727272727
12449,0,0.2932883721072357
12559,0,0.3268965517241378
12307,0,0.0546875
12009,0,0.4761904761904763
12089,0,0.2184016625732099
93374,0,0.0874793680735674
93436,0,0.4921374045801527
12374,0,0.2194012883668057
12078,0,0.2446619217081851
10158,0,0.0604815032295946
93426,41,0.151394422310757
12592,0,0.1198507462686566
10220,0,0.0893040443440771
12497,0,0.1807147673634526
15254,12,0.8770281810418445
12919,0,0.2167454422687373
86092,0,0.0897959183673469
13837,0,0.1148262208534975
12360,9,0.0800653594771241
12476,12,0.8755426917510856
12502,28,-0.0289017341040462
12639,28,0.057007874015748
12521,0,0.0820895522388058
12373,0,0.0720506730007917
12515,0,0.0593582887700534
12583,0,0.2314345362362062
12366,0,0.0699300699300697
12573,0,0.3644067796610171
12494,12,-0.25
14358,0,0.0496183206106868
12640,0,0.4026684912760863
13410,0,0.3007226236798221
12798,0,0.3138548539114043
12623,0,0.0504911338295848
12783,0,0.0139349701393496
13860,30,0.3330308529945553
12579,7,0.4878048780487805
12905,29,-0.1818181818181818
14329,0,0.3675513269904857
14441,0,0.136963696369637
13844,0,0.232414910858995
12913,15,0.3982125124131082
12872,0,0.3581710414902623
15327,0,0.655029456687759
13141,0,1.0098360655737704
13302,30,0.1669106881405564
13108,0,0.2446439502142421
12880,29,-0.0189222542163717
13323,7,0.4502942087333539
13046,0,0.1444413052691058
14715,0,-0.0879478827361563
13169,0,0.1007299270072994
12920,28,0.0
13201,0,0.2084754018509496
13249,0,0.3344279521870485
13210,48,0.1897554669826564
13116,42,0.552
13316,0,-0.1073446327683614
13326,9,0.6196513470681457
13743,0,-0.0393996247654784
13520,0,0.6643495531281034
13244,12,1.838709677419355
13375,0,0.8052109181141438
13260,0,0.1190817790530847
13124,0,1.869931542917325
12981,0,0.1144508670520232
14339,7,-0.0139860139860138
13035,5,0.1039459542453555
14960,0,0.1069703243616286
13084,29,1.824
15543,0,0.2460655737704917
10966,0,-0.0625
15662,12,0.3240318906605923
13019,0,0.0974930362116992
13579,28,0.1121338912133891
13085,0,0.493342929111191
13105,0,0.3084468664850135
13202,0,-0.2840909090909091
13107,0,0.1965408805031445
13730,0,0.6101694915254237
13318,4,0.2396006655574043
13159,47,0.1164021164021162
13280,4,0.4215686274509802
14244,0,0.3290155440414508
13168,4,0.1483611270845313
12629,0,0.0470588235294118
90542,29,-0.051078431372549
13748,0,0.3090079817559865
90199,0,0.1384248210023866
90276,28,-0.0052205220522052
90178,0,0.2099219108865411
90188,0,0.2017370706671932
90164,4,0.084349593495935
92457,28,0.094646271510516
90233,7,0.1654411764705883
90097,0,0.3326086956521739
91609,29,0.193798449612403
90303,0,0.2704070407040704
13279,42,-0.0777272727272727
12615,0,-0.0789707187222714
14060,0,0.9428571428571432
14406,0,0.2260765550239234
54594,30,0.1024774774774772
14526,0,-0.0182516810758884
11581,0,0.0308157099697883
15203,0,-0.0758293838862559
16126,0,0.1162873399715505
17137,0,0.2550458715596329
20670,20,0.4933333333333332
64899,0,0.0536014615786508
23660,0,0.2806257937882461
82542,0,0.1454611738971929
30680,0,0.0094996833438885
56274,0,0.1397409679618269
31668,0,0.075268817204301
47511,0,-0.009052183173589
60628,0,0.0454395513772059
37875,23,0.3172216254923021
17144,0,0.1349251468637482
41452,0,0.1405957092272443
64020,0,0.2537313432835819
52090,0,0.1106861333697235
53613,0,0.138611507370423
54114,9,0.0153153153153153
57665,0,0.0536620739666426
35107,9,0.0563492063492063
61621,0,0.0890019071837253
64742,0,-0.0789237668161435
65307,0,0.1161344537815125
66852,0,0.0443864229765011
46922,7,-0.0446666666666666
77354,0,0.140447234209494
74500,0,0.0882437666037192
74740,0,0.2715874142417789
65306,0,0.1129127672248329
81294,0,-0.1322878201499716
19502,31,-0.0537704918032787
51086,0,0.5954692556634305
83601,0,0.0072380952380952
10044,0,-0.0520833333333333
10104,0,0.096006621146286
75510,0,0.1112368687543008
70092,0,0.4497237569060772
75033,15,0.6631578947368422
12211,0,-0.0172526752566062
75976,0,-0.0656814449917897
77488,4,0.0513513513513512
76605,0,0.2060520212765957
76752,0,0.2784374999999999
77637,0,0.3352638352638353
79094,5,0.1570382424735559
87055,13,0.0626731666257496
79866,0,0.1932515337423315
80719,0,-0.0428410372040585
81655,0,0.35493940506794
82777,0,0.0849554302346735
83148,28,0.2830840046029921
83597,0,0.0549332919646039
20598,0,-0.0561618917689858
89508,0,0.3681961731376557
85040,7,0.0896334478808704
85982,0,0.1749235474006116
85272,0,0.0419161676646706
85394,0,0.2091341579448145
85796,0,0.1094224924012159
88841,0,-0.0082041932543299
89216,0,0.0108568760214804
89900,0,0.1978112175102599
12488,0,0.1157894736842106
90179,15,0.0
