firms,clusters,mom1
54594,0,0.4578622816032887
14526,0,0.0983675177898701
11581,0,0.2557487380818846
15203,0,0.0641025641025643
16126,0,0.3274784161952961
17137,18,0.0636856368563685
20670,0,0.2881355932203389
64899,9,0.2009999999999998
23660,0,0.1295501551279654
82542,0,0.1133879781420765
30680,0,-0.0358353510895883
56274,0,0.0418922770019949
31668,0,-0.0541190619362597
47511,8,0.0741469816272966
60628,0,0.1044821752032989
37875,15,0.1564640883977899
17144,19,0.0287550744248985
41452,0,0.0653480978191931
20415,10,0.1650435674013326
52090,0,0.035842946974846
53613,5,0.2731426301152164
54114,0,0.1696750902527075
57665,0,0.1217521652231845
35107,0,0.202077431539188
61621,19,0.1325227963525836
64742,9,0.084090909090909
65307,5,0.039447265855675
66852,0,0.0805687203791469
46922,13,0.4442013129102842
77354,20,0.2004048582995949
74500,0,0.1904597701149426
74740,0,0.1148838045674269
65306,15,0.1286246260912031
81294,0,0.0449091954967539
19502,0,0.1166274970622796
51086,5,0.1273695420660276
83601,0,0.0510058931111563
10044,12,0.5932835820895519
10104,0,0.0286936374977722
75510,0,0.0701632504995919
70092,5,0.0914728682170542
75033,0,0.1359223300970873
12211,0,0.0999050332383666
75976,0,0.064238600516203
77488,0,0.1595064664783707
76605,0,0.0076795338744624
76752,0,0.1025570525158099
77637,0,0.2984633569739952
79094,19,0.1532890766445382
87055,0,0.0954923941614003
79866,0,0.2199999999999999
80719,18,0.2368421052631577
81655,0,0.1747171453437772
82777,15,0.1960953201263278
83148,0,0.077003121748179
83597,5,0.0889396737357259
20598,0,0.0203389830508475
89508,19,0.081443776029616
85040,13,-0.13653193458809
85982,0,0.3432610744580586
85272,0,0.3524590163934427
85394,0,0.1779710144927535
85796,8,0.163793103448276
88841,0,0.1275605214152699
89216,0,0.3318375588961184
89900,19,0.2177909450015194
12488,18,0.1294964028776979
90179,0,0.3752417794970988
47730,0,0.1088709677419355
13777,6,0.1185286103542235
60871,19,0.173373829410276
14702,0,0.3925375654229277
15537,0,0.2696202531645568
68830,10,0.0799284633374604
85631,0,0.1897343206985786
85914,0,-0.0246526221425369
49373,0,0.0892236384704519
18973,0,0.1712619300106044
19271,10,0.0219178082191779
29938,19,0.174980079681275
10866,7,0.5325520833333333
25320,0,0.0717805871009213
21742,5,0.0777717222654255
11267,0,0.3169934640522875
86474,0,0.1191588785046728
22825,0,0.2422658862876252
26201,0,0.323611111111111
65541,6,0.0506817442620828
27562,0,0.2263222632226325
27909,0,0.1539081385979048
49154,0,0.179411378268296
19350,0,0.1580717985038289
49429,18,0.0453834115805946
93096,0,0.0472904485989915
61313,0,0.1208421052631578
12008,0,-0.0320295657530027
33209,12,0.1923076923076923
77462,7,0.6441223832528182
62228,0,0.12363238512035
59010,0,0.0776349614395888
21055,7,0.7703160270880363
83233,0,0.1975856122197583
32678,6,0.1763921941932413
27828,0,0.2210467706013361
66181,0,0.040118519744986
32870,19,-0.0310125282398849
42922,0,-0.0010053619302949
12503,19,0.026675945256321
47571,12,0.1597560975609757
16678,0,0.0245265445513815
48347,0,0.0820917323984808
64282,0,0.2124336144954703
27617,7,-0.0128755364806867
60097,0,0.1305558317589739
53197,0,0.1381215469613261
14696,0,0.2194821208384711
57809,5,0.0536628782331012
57817,7,1.1421487603305789
79611,0,0.5517873510540787
59185,15,0.007903981264637
34948,0,0.3551129463201359
13936,0,0.3636987476411046
64785,0,0.1165331391114348
62033,0,0.1505474452554742
91556,10,0.262416343783022
50948,19,0.2291856440153032
42585,15,0.0445632798573976
76081,6,0.1410498935918658
60580,5,0.104872107186358
80179,0,0.0069597069597069
80857,0,0.0225165562913907
59627,0,0.1887755102040818
81190,7,0.7244094488188975
55976,0,0.101189117117117
82924,0,0.1156330749354004
83011,0,0.2001973467821511
15456,10,0.0140997830802602
40539,0,0.2501968503937009
10501,6,0.0593148529233749
70228,19,0.1199148533585618
10514,13,0.135128888888889
10645,0,-0.0811312007417709
27167,7,0.2815533980582525
11154,0,0.1887179487179486
11343,0,0.0684535437993278
11174,0,0.2078132223763291
12266,0,0.2579310344827585
12146,0,0.2949886104783599
13628,0,0.069817199695412
14609,0,0.0698924731182795
14182,0,0.1289388883149085
14141,0,0.2117323556370303
14231,0,0.0252546204500878
14296,0,0.2849999999999999
75905,0,0.5111275964391693
76052,0,0.0433212996389891
14544,0,0.5538940809968846
15145,0,0.2058064516129032
14939,0,0.144655287498808
76076,9,0.1983286908077994
15489,7,0.5782608695652174
15535,0,0.0111379033184062
90751,12,0.8244803695150116
77007,13,0.0805860805860807
76839,0,0.2521394814152509
15582,0,0.1063075832742734
77357,0,0.0637800430187973
77584,0,0.1193656093489148
77606,0,0.5124471582902774
77699,13,4.1
15729,0,0.134782608695652
78034,0,0.1159798994974874
15707,20,0.2777777777777777
15837,0,-0.0417209908735333
78975,0,0.1186602300324213
79007,0,0.1804389928986443
78963,12,0.4112149532710278
79881,10,0.2256042972247089
80274,0,0.0685358255451713
80233,20,0.1564102564102563
80320,0,0.0461217832548024
93397,20,0.0578452639190167
80432,10,0.3121808898614149
81165,0,0.0926341463414635
81481,0,0.2094774136403898
15014,7,0.4755244755244756
82598,0,0.2146274777853725
88988,0,0.2507869884575027
83399,0,0.0112359550561798
83391,0,0.1056115107913668
83822,9,0.4252971137521222
83976,10,0.4585091420534457
84084,0,0.0886008992330069
84275,18,0.1839396019217569
84255,12,0.2872000000000001
84588,6,0.1887606097552407
84519,0,0.1373445036811371
12493,0,0.3702198852772465
85390,7,0.7008310249307479
13687,13,0.351788284109767
89606,0,-0.0500301386377335
86580,0,0.0692117653823951
86594,8,0.3262669758198078
89416,6,0.1007272727272727
87432,0,0.145068077186796
89301,0,0.5816618911174782
89397,15,0.1739488870568837
89447,0,0.0670341129152392
89449,0,0.5398706896551724
89540,0,0.0028243601059134
89908,18,0.1830309498399147
90215,0,0.0582511732035992
90679,9,0.0341207349081364
90371,18,-0.009685230024213
90715,5,0.3246428571428572
13379,0,0.0310038391740981
13511,0,0.3288123784981238
91733,0,0.1182556312205342
92203,0,0.1595101268592775
92257,10,0.0866930785364716
92322,9,0.3319146394544663
92471,10,0.2188125416944628
92635,6,0.131868131868132
93373,12,1.4877250409165304
12363,0,0.3375394321766563
13399,0,0.4869706840390881
13181,15,0.2743731141400478
91964,13,0.7041420118343196
21020,0,0.2526595744680853
11499,15,0.0451977401129943
27991,0,0.0034326345470148
10517,5,0.2041714504401071
20482,0,0.0295880506136427
60038,5,0.1744680851063829
10779,0,0.0269360269360268
61487,0,0.388888888888889
61241,13,0.2307079293398857
28222,0,0.0141182310352676
11368,7,0.1406410402646285
28804,0,0.3452098178939033
11587,0,-0.0019130332890948
11691,0,0.1189605389797883
11790,0,0.0730609418282548
10145,6,0.2362534101242801
45911,0,-0.0008492462912623
28484,0,0.2675980655561527
81073,0,0.1931962495679224
93330,0,0.1816944847605226
12758,0,0.1104193971166449
24109,0,-0.0560435894584677
59176,0,0.2997588776852258
13507,0,0.2322674418604651
13769,0,0.1988950276243093
11144,8,0.1733746130030959
85257,0,0.2070264765784113
14008,10,0.0235087581819857
18075,18,-0.0229885057471264
83112,18,0.0479483633010604
39490,12,0.5530120481927709
14593,0,0.0936064670218628
14761,0,0.1435810810810809
10516,6,0.0763408304498269
77595,6,0.3731979030144166
29209,15,0.17665939144948
24272,8,0.0773971621040563
15457,12,0.7843749999999998
44644,6,0.1007849391754278
44601,5,0.0791242141773251
27684,0,0.2302391568706931
10318,6,0.0374187093546773
10239,0,0.0866920152091252
57568,0,0.0787640449438202
16505,15,0.1499999999999999
16548,0,0.2348284960422162
49656,0,0.1385331781140861
39693,0,0.2536784741144413
42358,0,0.258951258951259
27887,0,-0.0193373726956297
29612,15,0.2846846846846849
39642,9,0.0160515727079999
17444,0,0.2294220665499122
65875,0,0.0600105281628355
17778,10,0.1361586776859504
61508,0,-0.0855329780033841
61946,8,0.0735968937522062
19561,0,0.4593116559318515
52230,0,0.2661274413099233
12437,18,0.1938997821350763
60898,0,-0.0371584699453552
19393,10,0.0675791274593669
10874,19,0.1715586250196201
55597,15,0.1388943152959563
19880,19,0.1424254633360193
10890,0,0.1095890410958904
20117,0,-0.1146920865486458
64186,0,0.2525603401808707
20336,0,0.126925246826516
62148,19,0.1407398023815556
28564,6,0.1020260492040521
86290,0,0.2791327913279131
46690,0,0.0894501446987634
20512,19,0.1379177576367907
20750,0,0.1101637873008749
21371,0,0.1921816990609304
27334,15,0.1692096552837652
20618,0,0.3981693363844394
18542,19,0.1053167780961477
89792,0,0.0457185430463575
90011,15,0.0938148609381486
64194,0,-0.000146366446179
23182,0,0.0699516510647053
88208,12,0.4215644820295983
14541,0,0.2543884892086332
30509,0,0.0125595805529075
23297,10,0.150895728066146
23393,5,-0.0070143681411924
79026,0,0.2063024610326824
47677,0,0.0106312292358803
27422,0,0.3297101449275363
46578,0,-0.0206995898673099
11995,0,0.1430006551648832
11308,0,0.0736579275905118
24441,10,0.0028288543140027
24476,0,-0.0268499280805497
30648,0,0.3064887252646111
18729,10,0.0855621751806312
61735,6,0.1134721544194421
89525,0,0.1893939393939394
25081,0,0.0810810810810811
25129,0,0.0595983935742971
25452,10,0.0881612090680101
25487,0,0.0445500445500446
40125,0,0.1894679695982626
26084,19,0.2392086330935252
79618,7,0.1916342412451361
13625,0,0.0505729564553094
11404,0,-0.0285386673461587
26607,0,0.3369941506505909
26650,0,-0.0745524586449127
23229,6,-0.0282646455076582
91983,12,0.2784704904405655
27430,0,0.1552776970049432
59248,20,0.3045944412932502
22293,6,0.1704723177979357
20204,20,0.3700492610837438
17726,5,0.0984848484848486
59256,10,0.3396880415944543
31077,0,-0.0093046861783115
27888,8,0.1941084388786111
41080,5,0.0512983764609578
18091,0,0.3662873399715505
19828,19,0.006407322654462
92570,0,0.2037169406719083
28629,0,0.161290322580645
80912,0,0.106207050673222
91926,0,0.3136422976501305
61743,0,0.2005597014925371
11674,15,0.019364770701669
76708,0,0.2214163822525596
40440,0,0.5200642054574638
79322,10,-0.0349344978165939
44943,0,0.1751685976136952
26403,9,0.2207009484536082
10886,0,1.6821192052980134
64936,0,-0.0230271346776201
38682,0,0.1965811965811965
25953,19,0.1022491193207479
30681,0,0.3347457627118644
63132,15,0.5112462006079028
27959,15,0.0059711214851807
30940,0,0.1703296703296701
31051,0,0.1983612154318879
42200,0,0.026630644538788
31480,0,0.0796287249633611
14276,0,0.1026011560693642
11762,0,0.1668754215242316
70578,0,0.2100331717413801
32062,0,0.1965811965811967
22103,0,0.1856768019756132
32986,0,0.0460346896476491
52476,6,0.221815357114542
33532,0,0.0354648038688876
31691,0,0.0082088997845626
42550,0,0.0337443316838603
33770,0,0.1331615120274913
87717,5,0.0113160574855719
33823,0,0.1484396963733483
87725,6,0.0629595588235292
11850,12,0.1689147762109137
19166,0,0.1291609889040297
24205,12,0.0051905477393801
34367,12,0.282420749279539
47706,19,0.0819386331938634
21135,8,0.1127527216174184
34746,0,0.0913006029285099
35263,0,0.0611372381359556
10777,6,0.1424033252128089
35554,0,0.1246379609963312
36397,0,0.1738712776176754
54244,0,-0.0003521147774814
36768,0,0.0468694096601074
88924,6,-0.0589482612383374
88853,0,0.5215859030837005
37154,0,-0.0218940936863543
25785,0,0.1746442432082793
37402,0,0.0737463126843658
37568,19,0.131592164741336
37584,0,0.1727999999999998
58421,9,0.1089285714285714
12036,0,0.1681312243702402
38093,0,0.1128145791148393
47941,0,0.1978387364921032
20765,0,0.1545342381246144
12052,0,0.1372116804995049
12060,0,0.3719676549865229
46834,7,0.1678832116788322
14558,10,0.1113193403298351
12369,10,0.2696206197509412
55212,19,0.2085397499410237
46674,15,0.0878027203361715
57154,8,0.1268395234758232
16432,0,0.2584541062801933
53604,0,0.0595813204508854
85908,0,0.2582202805242584
39571,0,0.0943457189014538
60468,0,0.1962121212121212
52695,5,0.1950745727408311
39731,0,0.2933884297520661
90213,0,0.3165048543689319
23819,0,0.3756218905472637
25304,0,0.3139534883720929
52978,10,0.124637330754352
41188,6,0.0738485971413445
10294,0,0.2222222222222223
41241,0,0.0742881609933632
41292,0,0.034527972027972
76927,5,0.0877551020408164
32651,0,0.0436681222707424
15408,0,0.076822491010134
32707,12,0.5312710154673841
16600,0,0.0758765403843633
61567,0,0.4790919952210277
52716,15,0.0416163390798287
14338,0,0.180161712788976
32803,0,0.2636412749864938
42439,0,0.1201228878648235
21792,0,0.097491717936583
32942,6,0.1105079451933164
42877,19,0.1112206341383277
42906,0,0.1570881226053639
87464,18,0.0914454277286136
78892,0,0.0355276907001045
12570,6,0.2002974714923153
80210,0,0.1099290780141846
21928,8,0.032486036703522
56573,5,0.0776495813763529
43634,7,0.0674157303370786
12431,5,0.1016196610169493
14855,10,0.3646759847522236
44274,0,0.215450035435861
46463,19,-0.0275186567164179
59328,9,0.0919150858175248
44768,0,0.3613376835236543
12490,0,0.106215296435608
40272,0,0.0919540229885056
45306,0,0.070203644158628
21573,0,0.1309714285714285
53065,0,0.2316196793808735
45728,9,0.0517879161528975
82694,15,0.2638216747323656
22111,0,0.0552110714025233
46886,0,0.2778680027319202
12558,0,0.2084033613445377
46923,0,0.1941747572815533
47002,0,0.3184568835098336
12650,0,0.0569433405245827
24053,0,0.0038043478260867
26825,0,0.0162187947209413
47379,0,0.1772151898734177
44134,8,0.1287096774193548
47619,0,0.011780104712042
47715,0,0.0611650485436892
17750,0,0.0506825552454937
59045,20,0.3146271758898415
48072,0,0.041114377982359
48144,5,0.1648814078041316
89456,0,0.1432748538011696
49488,7,0.1255605381165918
12781,0,0.1413276231263383
48486,0,0.3232577561756828
48523,6,0.0192006741302517
48961,0,0.1463237078379033
50286,7,0.3570605556266804
60943,6,0.032830098250659
50876,10,0.1164339938345857
81678,0,0.1294441170693381
21178,10,0.0424699397366692
56223,19,0.1976906927921622
59774,0,0.3845376452753917
33849,0,0.0031217481789802
66245,5,0.1091452205882352
23835,15,0.0496632996632997
50623,0,0.4427512355848435
50789,8,0.0561365733620424
51263,0,0.4754316069057103
15069,12,0.494949494949495
51423,12,0.6016371077762619
45751,6,0.1080610864102069
34032,5,0.0013059701492537
39538,10,0.1249092229484387
51925,0,0.2071357779980178
43449,0,0.0208450704225351
89915,0,0.1149264190609671
17478,0,0.090013290056292
81061,0,0.2198114299402378
52250,0,0.0432525951557094
17005,0,0.2085933321447672
22752,10,0.0688738199707486
42796,12,0.8500000000000001
53074,0,0.0395930148043304
87437,0,0.1585073604929818
89857,0,-0.0192982456140351
53373,7,-0.0111420612813371
24010,0,0.0753803596127247
53859,0,0.0678203928905518
54253,5,0.13280776228017
22592,0,0.0798323906081275
24248,20,0.0903450949980613
54704,0,0.7062499999999998
76591,13,-0.2729882115252818
42614,0,0.2594927209965483
22779,0,0.0852208022270024
28345,12,0.3031088082901556
65365,15,0.1847977684797768
84372,0,0.361712598425197
13303,0,0.1304347826086955
55993,0,0.2645107794361525
78900,0,0.1189913317572892
25590,0,0.0302802802802804
52337,0,0.2807660961695191
34497,0,0.0235888795282224
56945,0,0.192898272552783
64450,0,0.1319396847155587
47466,0,0.0819465456379222
60986,0,0.2038505096262741
21207,0,-0.0639719923615531
34673,12,1.0976087260523006
64311,0,0.1334162203519511
28118,0,0.3724987172909184
44206,19,0.0027500859401856
38762,8,0.0535481062255116
23931,19,-0.0381265172069112
58246,8,0.1897278650824072
24766,0,0.0429231922254091
58318,9,0.2555690562980963
58334,20,0.0783078307830784
90458,8,0.1126031076155764
34817,15,0.1243718592964824
34833,12,0.7261774370208103
72611,13,-0.1500962155227709
58975,12,0.4877450980392157
67029,0,0.2944297082228115
23026,8,-0.1063257065948856
13610,0,0.3226586102719033
25232,0,0.2368965517241379
60098,8,0.0383311603650586
60186,13,0.0254777070063694
91531,6,0.1130288681839011
77157,0,0.200424178154825
44230,0,0.060891304347826
22509,19,0.1314369411039162
60506,5,0.0196767392832046
86136,0,0.0169112954690491
61146,0,0.4601027860427373
61269,0,0.4229989868287742
41355,19,0.2826838644653484
61496,0,0.1307623318385651
22517,8,0.0334545454545456
13856,0,0.0820767561014896
50550,0,0.0007401924500369
62341,12,0.4026845637583891
21936,9,0.0797632468996618
21776,0,0.0295813487089495
52898,0,0.0990291262135922
13901,0,0.1039356984478936
13928,0,0.3822501747030049
62958,0,0.0788677771993753
63125,0,0.3796159527326441
89968,0,0.1044937088076691
24459,18,0.0734463276836159
80185,0,0.3995901639344263
13828,0,0.5154639175257731
63715,0,0.0931019889970377
18163,0,0.0129102105827709
55511,6,-0.0178
23712,0,0.0022355975924333
54148,5,0.0704121687929344
64929,0,0.2946171861532149
64961,0,0.3044117647058824
65008,9,0.1597744360902255
65270,7,0.2519685039370078
69649,0,0.1898220826792256
66683,12,0.3025210084033614
65700,19,0.1941747572815533
58771,0,0.2066903193106943
76711,12,0.5324909747292419
76282,5,0.0803807509254364
80294,0,0.0193277310924369
84381,5,0.0777665317139
35991,15,0.2119287246328989
36003,0,-0.0115816767502161
67847,0,-0.0701961114384311
27633,0,0.202192448233861
68196,0,0.0732451678535097
36281,0,-0.0703251146589259
88518,13,0.5694347522679692
85926,15,0.1381662035867643
41574,0,0.3872
51625,0,0.0503131073202332
50243,0,-0.1408114558472554
88742,6,0.018798716185236
36468,0,0.0867031334254815
49138,18,0.070394366197183
70704,0,0.0079267037265802
65402,15,0.0893789901334882
60206,6,0.1162953723100361
71176,0,0.187563919001841
26614,20,0.1946030098598858
15720,0,0.0949321912919343
71475,0,-0.0116481456687642
18411,0,0.04177545691906
58683,9,0.1722742221097901
66093,0,0.0640266469282013
71985,0,0.3428275504919731
72304,0,-0.0169655172413794
39220,15,0.0106986899563319
43481,8,0.2153325817361893
43350,19,0.108965102286402
18438,0,0.4486692015209126
72726,0,0.1966044142614602
36898,5,-0.0024046719340432
72980,6,-0.0122670441141778
73139,19,0.1553883548036412
73219,0,-0.0840562369129523
52396,0,3.056910569105692
47861,0,0.0055504162812209
65429,12,-0.0215827338129495
43334,12,0.2244701348747591
52038,9,0.2889170131983367
65752,0,0.625
74908,18,0.0089285714285711
57007,20,0.0452224653537562
43123,0,0.4647122692725298
44329,0,0.2027464034583037
63773,0,0.1164705882352941
75460,0,0.1264676283126466
84375,7,0.2354988399071926
51369,0,0.2560045532157087
15579,0,0.1152223528598104
23579,8,0.2597765363128492
62092,0,-0.0172049163003044
93423,0,0.4213691026827011
14795,5,0.230150753768844
14816,8,0.036479250334672
76946,0,0.025558071821417
55001,8,0.2128450106157113
92583,0,0.0800591636412533
59600,12,0.2154150197628459
76185,0,0.1124408397939538
77730,0,0.1392626244976411
91103,0,0.3304784406379208
17929,0,0.0970933828076683
77973,0,-0.0530323270104193
78044,0,0.010006671114076
24985,6,-0.0411735700197238
48725,0,0.1517579998871268
78749,0,0.0330985915492958
92655,5,0.1022481122682008
78829,0,0.1172991621488419
87447,0,0.0888550060467188
78960,0,0.094289508632138
79039,13,0.0049751243781095
17830,0,0.3203240058910162
79338,0,0.1693851944792974
67360,0,0.1832127351664256
59619,0,0.0961332721992969
16555,0,0.1420326223337515
79637,0,0.191967138293017
79776,0,0.0401204819277107
43553,0,0.2410714285714286
79864,9,0.180939226519337
80128,0,0.1481507573089115
27043,5,0.0068287037037035
81116,0,0.3055773762765121
57808,0,0.1935881627620221
15202,19,-0.0358327119580226
53225,0,0.1753167954987644
24969,0,0.1294400963275137
46068,0,0.011829398663697
42059,0,0.048887910151949
62498,0,0.0113573340920596
66384,0,0.1895043731778427
38033,0,0.1313131313131315
39917,0,0.0641260534994503
25419,5,0.0521733860200375
38156,0,0.0932777488275142
15648,0,0.2392086330935252
23536,0,-0.0556936847339631
58819,6,-0.0484804630969609
42286,15,0.0821147356580427
84403,0,0.4057825267127593
27983,0,0.259493670886076
59483,0,0.5331632653061225
88857,0,0.0660355029585799
38295,0,0.1751362757165464
84129,0,0.1958475364115277
90756,0,0.1950712589073633
13600,19,0.0815025611838362
72996,6,0.1854259322613751
87426,19,0.1469998176180922
88664,6,0.0850590219224283
15318,20,0.1190650109569029
14318,0,0.019543973941368
80072,0,0.1963350785340316
85586,0,0.4318407960199004
35917,20,0.1147410358565736
13508,0,0.368421052631579
10028,13,0.1435643564356434
10138,0,0.1322438023053844
10107,0,0.0572924877759668
13983,0,1.4793103448275864
10200,0,0.1386803662916271
10333,0,0.3345425231761387
10382,6,0.1417322834645669
10397,6,0.051814834297738
10257,0,0.0178571428571425
10463,0,0.1312741312741314
70033,0,0.2253649635036494
10421,0,0.4788150189459179
91204,0,0.0529262086513997
10530,0,0.1020408163265307
79698,0,0.2656119900083264
10606,5,0.0575968222442899
10550,13,0.0733238231098432
79785,0,0.0111532596010226
75070,0,0.3501187648456056
10547,0,0.1361681796464406
76123,0,0.2207840236686389
10355,10,-0.0044248154710614
10661,10,0.0176318857990884
45225,13,0.1441176470588236
10693,6,0.3143043549176316
10649,10,0.1641414141414141
79909,0,0.1107038123167156
75517,8,0.1489084392310198
10696,18,0.2064522886770714
44813,13,0.0390689941812136
89891,0,0.270764119601329
71175,0,0.2587768969422424
93179,0,0.1284348864994027
35124,0,0.0074093331600155
22323,0,-0.0695652173913043
10026,8,0.0724348253717763
10812,0,0.0092845439650464
10909,6,0.0677700099871594
88779,0,0.0266393442622949
10860,0,-0.1967871485943775
10443,9,0.1317350469599603
10032,0,0.0743457003163645
85570,0,0.05130890052356
11701,10,0.0482431678750698
77453,0,0.1490132400699475
11292,0,0.1730131826741996
64390,0,-0.0521218715995648
65294,0,0.104152249134948
11403,0,0.0633628965895582
14135,0,-0.0878378378378377
11481,0,0.8831672203765226
75470,6,0.3661845489250552
11511,10,0.5571428571428574
75107,0,0.0882166507860886
11547,0,0.3067846607669617
11600,0,0.0784064420428056
13788,0,0.011542100283822
11043,12,0.1458885941644563
11654,0,0.2880103359173127
11636,0,0.0625383200490496
11394,7,0.1745283018867924
11533,0,0.2077659673581307
13652,7,0.337791932059448
81593,13,0.2647058823529413
11775,5,-0.0427115538761021
75233,0,0.2230685527747553
75186,0,0.1865726100705425
11809,8,0.3662450443647349
11731,0,0.3453082057322341
11825,19,0.1614583333333334
11803,0,-0.0538152610441766
88197,0,0.1210191082802547
85789,8,0.0828705681332764
11618,10,0.1438815637288921
11896,5,0.1922469490308687
84769,0,0.1592520382842963
11884,0,0.3226984900146128
75182,6,0.0565705480959717
13643,0,0.277797768981648
75241,0,0.2642031171442935
75320,0,0.0765796703296703
75285,8,0.2767054663326949
10901,9,0.2732174955062911
11891,0,0.3733592610597958
11955,0,0.1039755351681956
84176,0,0.4052863436123348
13969,0,0.1771479185119575
11752,0,0.4877941499890039
81774,0,0.3489042675893887
75573,13,0.4702564102564104
84387,18,0.4564369310793237
17743,8,0.0833333333333332
12226,9,0.0378391242265587
78664,0,0.6080843585237259
12062,5,0.0003504029634078
80926,0,0.8183556405353727
12209,0,0.5206073752711495
36346,0,0.1143624962675424
85269,0,0.3926443926443927
92029,8,0.0986436498150431
75591,19,0.1335758553905746
76573,0,0.1323885240235049
11203,20,0.0983744394618832
75694,0,0.2016560358147459
63467,6,0.0349344978165939
75649,0,0.0843621399176954
91279,0,0.2976939203354301
75607,0,-0.1137578998541565
14663,0,0.0913978494623655
13721,10,0.2289071680376029
13802,5,0.1233150274588117
75654,0,0.1402124430955993
12073,0,0.162136832239925
13825,0,-0.0556956222782488
75603,5,0.1630608392623782
93101,15,0.1832629749192946
75825,0,0.3691588785046729
13766,5,0.1268890046899426
75853,0,0.1745513866231647
14670,15,0.0238482384823848
75854,13,0.1991404011461319
13862,10,0.1703703703703702
15070,0,0.0873218852758495
75556,6,0.1349661281917664
86124,0,0.1102010424422934
11628,20,0.1902687000726217
75831,19,0.164969450101833
11748,0,-0.0058333333333333
75828,0,0.0660936326462489
14312,0,0.1532567049808428
11348,9,0.0325555400307393
23799,0,0.098786828422877
11285,0,0.3026151930261518
11442,0,0.0870428595068675
86896,0,0.0734609415416451
11018,0,0.2234206471494606
87952,0,0.1388268156424583
14440,0,0.1329051383399211
10252,0,0.1806598010123932
12189,0,0.0849136010298559
11208,0,0.1640027797081307
90983,0,0.4389820705610179
13799,0,0.1860696517412934
52936,0,0.0923605993613363
56710,0,0.0518104287004006
12068,8,0.1323319027181688
75860,18,-0.0336879432624113
11786,5,0.1863088343203014
10892,0,0.2032186809719154
10932,0,0.1747904377522509
11293,0,0.1786743515850144
12480,20,0.1935793004312409
11593,0,0.2154779969650986
69586,8,0.1759776536312849
14523,7,1.1873710276516718
35685,20,0.1223776223776222
76038,13,0.2535701846046674
10308,20,0.1360957313806037
77519,20,0.1046405823475886
92807,0,0.1884057971014492
14166,0,0.3034950071326676
13908,0,0.1341991341991342
83469,0,0.0493897246664774
86814,0,0.1394736842105262
13812,18,-0.1417004048582996
92716,20,0.1422722620266121
13877,0,0.0878247382706476
13870,0,0.4119850187265919
86384,0,0.0848952590959206
13816,0,-0.0218563724098778
15505,0,0.0498516320474777
10781,8,-0.0318318318318316
15056,7,0.0251256281407035
13876,0,0.3759590792838874
13943,0,0.1826846703733122
84725,20,0.2473997028231795
83642,0,0.1490602721970189
16252,13,0.4078624078624078
13924,0,0.1116504854368933
13890,5,-0.0895061728395061
91937,0,0.2132883088436616
13694,0,-0.0155516431924882
87759,0,0.1159737417943105
14051,18,-0.0666666666666665
13911,10,0.0974089163316502
14102,0,0.1112860892388452
10232,0,0.129542025962416
13962,0,0.3544338335607095
14239,7,0.3314606741573032
90534,0,0.0714285714285711
12166,0,0.3946188340807175
13963,15,0.344249809596344
13959,10,0.2306501547987616
10629,20,0.1679894179894181
14044,0,0.1559770401796856
14400,18,0.1062992125984252
89875,0,0.1596704590035307
77643,20,0.1218097447795825
14099,0,0.0818181818181817
77379,0,0.0907258064516127
10253,13,0.1699346405228758
14414,0,0.0865290068829893
11006,20,0.0894361633182112
14072,12,0.846153846153846
14097,0,0.0379400570884871
86382,0,0.1122846025569763
77889,0,0.2818791946308725
14161,0,3.1228070175438605
14159,0,0.0859826589595376
14934,0,0.0983006535947712
14076,5,0.0483277455229371
14176,13,0.128992159112641
11565,0,0.153225806451613
75714,0,0.5644171779141105
14273,13,0.0611383442265796
14149,0,0.4011684518013634
14245,13,0.3167792792792794
14145,0,-0.0535307517084281
14221,0,-0.0321583178726037
14169,0,0.0821875954781548
14317,0,0.010946856287425
14136,13,0.1498412557095301
14257,10,0.1885625965996908
76908,12,0.3055555555555556
14943,0,0.1417644059153493
75912,19,0.2857653791130186
85299,0,-0.0066497164091532
14238,12,0.1696512723845429
14258,7,0.3258426966292134
14274,0,-0.0231092436974789
14295,0,0.1245164410058026
14325,13,-0.1387155963302753
14359,0,0.1026576341844709
14263,0,0.5727062896710906
15383,18,0.6818181818181819
14213,10,0.1479346781940442
14550,0,0.5031446540880504
14472,0,0.0438695163104612
77415,0,0.0938641344046748
14449,13,0.0694444444444444
47723,12,0.2531645569620253
83155,20,0.0765997197571228
14352,0,0.1146131805157593
14436,0,0.1795024875621891
79851,0,0.1298245614035087
14422,18,0.1063348416289593
89211,20,0.2371732817037752
14433,0,0.1935266351989211
14532,0,-0.0157657657657657
92686,13,0.0880829015544042
11844,0,0.0637963544940289
14459,0,0.2006162273194112
89141,6,0.1021261130292567
76266,0,0.1032187670485542
91855,0,0.1477339611536199
14434,0,0.12118827464096
85726,0,0.2845982142857142
75906,0,0.1208791208791206
77236,12,0.1533333333333333
14426,13,0.2039066222010481
15351,6,0.3259212198221093
14503,0,0.4446987032799392
14457,0,-0.1067556296914095
14479,0,0.0914512922465207
14401,8,0.1468713789107762
14487,8,0.191578947368421
14590,0,0.1165048543689319
14451,0,0.1046511627906976
14490,12,1.4695652173913043
14781,0,0.0541012216404885
13328,13,0.037180910099889
15092,0,0.708779443254818
14608,0,0.7254601226993866
79747,0,0.1826809015421115
14667,0,-0.0305676855895196
14547,0,0.0597240728762396
14504,0,-0.1629213483146068
14580,0,1.1040974529346623
14456,9,-0.0219260533104042
89828,20,0.1544766708701135
14555,0,0.2548596112311014
14495,15,0.1839762611275965
14751,0,0.2902777777777776
14531,12,0.4909909909909908
11397,0,0.1643470535978677
14516,0,0.2425471284524332
14554,18,-0.1232021709633649
14567,0,-0.0489453758788532
14596,13,0.0229369891906141
14574,0,0.0548387096774192
14556,12,-0.1645021645021646
14684,0,0.2170542635658914
14619,7,21.3045727870228
14589,0,0.4901315789473686
14750,15,0.0411977065194308
84516,8,0.0685124354763022
14603,20,0.1490267639902676
14579,0,0.1455409102145075
14759,0,0.0996373955541543
14818,0,0.3559322033898306
14636,0,-0.0664909791202108
77300,0,0.1714095301566145
76215,7,0.3157894736842104
14763,0,0.0953628802552124
14641,0,0.2033531638723635
14632,12,0.3710073710073709
15527,0,0.1030042918454934
14625,0,0.0953389830508475
14682,7,0.8862973760932944
14677,0,-0.0642201834862385
76082,0,-0.0151770657672849
14810,0,0.1664275466284075
14694,0,0.1767676767676766
14690,18,0.2328767123287669
14688,0,-0.0934150076569677
14884,19,0.2062246963562752
15064,0,0.1943510423671823
14942,0,0.2714521452145215
14872,12,0.544943820224719
14830,9,0.0175438596491228
14714,10,0.2958354378092598
76095,0,0.0045045045045044
14782,0,0.4171093094772153
14807,0,0.0821192052980133
15226,9,-0.06234335839599
15429,0,0.2117863720073665
14836,0,0.2341935483870967
14823,0,0.8421052631578947
14879,0,-0.171641791044776
84184,12,-0.1687898089171974
14812,6,0.1097733711048158
14874,18,0.2569832402234637
14852,7,0.3638514821666738
76963,7,0.1396648044692736
76127,0,0.4594059405940593
76128,0,0.0507692307692306
92897,13,0.0224719101123596
15510,13,-0.0596590909090909
14941,0,0.199151343705799
15062,7,0.3135135135135134
76135,20,0.2749870533402383
78981,19,0.0538893344025659
15482,0,0.078963230861965
14983,13,0.0255211063177842
14908,12,13.493054115695625
88965,0,0.1802244039270686
14969,12,0.2648190916089299
15022,0,0.099341104916371
15079,6,0.1514778325123154
89655,0,0.1096900065033599
14926,0,0.111368909512761
76392,0,0.1002997002997003
15067,13,0.1954585152838428
14882,3,0.5198572066041947
15084,5,0.078566342273914
14970,0,0.3594304009573412
14953,0,0.2885696439725169
15065,0,0.0763418447107868
14353,0,-0.0112359550561796
15046,0,0.0806915702237403
15119,0,0.3558126920990778
15016,0,0.2251184834123223
15071,0,0.2403918613413715
15087,0,0.0965963566634708
92089,16,0.2168809390721073
88871,7,0.3359999999999998
15072,0,0.3393810032017077
85875,0,0.1708815028901733
15028,12,0.2589718719689622
15590,0,0.3554913294797688
15108,0,-0.0153313550939663
15180,0,0.1600000000000001
83671,0,0.2306701030927835
15125,7,-0.0053908355795148
12622,0,0.2111505567209941
76201,0,0.2263038166652626
87053,0,0.1760797342192692
14773,7,0.7686335403726707
76360,0,0.2790697674418603
15433,0,0.1633466135458168
15264,15,0.0740531373657433
89369,0,-0.0419906687402799
15168,0,0.0435002529084471
17073,7,0.4052044609665426
15167,0,0.2094194312796209
15172,0,0.2342038753159223
15220,0,-0.0168509741969455
15374,12,16.292993630573246
15144,0,0.0794686353198703
15398,0,0.2080436941410128
76230,0,0.2439227093289007
76461,0,0.2063492063492062
89948,0,-0.0252897787144362
15198,13,0.266258607498087
15178,0,0.2765957446808511
76261,6,0.1928437993964651
15315,6,0.1243992083686742
15400,8,0.064548919949174
76224,0,0.1675468074891983
15382,7,0.136518771331058
92020,12,0.1727103672710366
15272,13,0.0787380573557374
14543,0,0.4220103986135184
76279,0,0.2605263157894737
76478,6,0.1817421436252839
15395,0,0.143666376864564
90608,7,0.0403753198748932
15291,13,0.3216547413438604
15381,0,-0.0657276995305163
15397,0,0.137197236655751
15650,0,0.0239432456399646
15490,0,0.0446245011488692
79037,9,0.1383177570093456
78071,12,0.1573076923076923
15302,0,0.0659494855004676
76529,0,0.1123949579831933
76515,0,0.3656387665198237
76504,20,0.2005949851253718
15399,18,0.291814946619217
15371,0,0.0370162647223779
91902,0,0.3072177668106106
88284,0,0.3108974358974359
76582,19,0.034726111795676
76613,12,0.277027027027027
76614,0,-0.0506475274118771
15452,0,0.4617706237424548
15440,0,0.0943866586435142
15710,12,0.0023640661938533
15396,0,0.7721518987341771
76644,0,0.4689440993788818
15454,0,0.2067238912732476
76837,0,0.1163319814027104
76661,0,0.0762513312034078
15410,0,0.1404072933435991
15496,0,-0.0741543798785776
76686,10,0.3402985074626865
15409,5,0.3013886507800445
76856,0,0.2344350499615679
15534,13,0.3123699078203983
76709,0,0.0851184010847323
76934,7,0.2647873750150586
76712,19,0.0482051282051283
76721,0,-0.0183073887305416
76684,0,0.2282466112811543
15585,13,0.0117580672015642
76732,9,0.2239067055393584
91403,0,0.2391546162402671
76736,20,0.1236923076923077
88031,5,0.1072221496669714
76744,0,0.0930600883086965
76750,0,0.1176890156918686
76788,0,0.3403636363636364
76795,0,0.3341559605783399
15493,0,0.4606741573033708
76869,10,0.696808510638298
76798,0,0.141255605381166
76838,12,0.0311082307193779
76892,0,0.1397684712291453
15407,19,0.1144200626959248
76841,9,-0.047209146379611
15649,0,0.1959897627788762
15541,0,0.2100758921362828
15651,0,0.254413656027125
77235,0,0.167883211678832
15488,0,0.1503787675280719
77037,5,0.0682355413142827
15478,19,0.1434848104443886
13412,7,2.3954400588379507
77202,13,0.1666666666666665
77090,0,0.0948545861297538
77117,0,0.2398316970546985
77114,0,0.3443267055601857
77217,20,0.1758241758241758
77165,0,0.0199285321605275
77182,0,0.0991565990426259
77191,0,0.1817461103954019
77175,0,0.4291876347951113
77178,0,0.1930123216601815
90464,20,0.0825991189427313
77274,0,0.0433361994840928
15627,0,0.2308081660199088
77282,18,0.227112676056338
15643,13,0.231833910034602
15530,10,0.0504364694471386
77338,0,0.1498895890558518
77366,10,0.3718528082633956
77393,18,0.2999999999999998
13599,0,-0.0380090497737556
92871,0,0.1211532434973361
77425,18,0.0338389731621935
77447,8,0.0613645908861348
77496,0,0.2194011047582129
77501,18,0.1395045632333769
77505,0,0.0947666195190948
77515,0,0.680672268907563
77520,19,0.2009606646761002
83738,20,0.0818459969403366
15623,5,0.0331738437001594
77610,0,0.154959356562957
77605,10,-0.0326816457543042
77649,0,0.0937976183757549
77629,0,0.338963822009328
15539,0,0.1716937354988399
77660,9,0.0012076009660539
77661,0,0.1151025295614429
15533,13,0.2756324900133156
15531,12,-0.1626052281789988
89810,0,0.1527464258841235
15785,0,0.071993670886076
77702,10,0.1271849126034958
87505,20,0.1081677704194261
77780,19,0.0277207392197125
77900,12,0.3991228070175439
77902,0,0.2611036339165544
77918,6,0.2151662119834294
77917,6,0.1724655068986202
78018,0,0.064
78015,0,0.1093435728652405
78038,0,0.0518105849582173
15795,0,0.1196150320806599
15775,7,-0.1302083333333333
78054,0,0.0659340659340659
78077,0,0.1111014593467685
78066,13,0.066079295154185
78091,13,-0.1020408163265306
78081,0,0.0232868405093995
91402,0,0.2239194789816458
78189,0,-0.072992700729927
78170,12,1.627329192546584
78211,0,0.119486768243785
78137,0,0.0845576232451845
78156,6,0.1803155522163786
78213,0,0.3081395348837208
88944,20,0.1101159114857746
15779,7,0.1359516616314198
15658,0,0.211404728789986
15694,0,-0.1499061793663563
15833,7,0.2135922330097086
15774,0,0.1187279151943463
15856,18,-0.2173095014111007
15838,0,0.10310119695321
15826,13,0.36208684142562
15853,0,0.3893473368342084
15859,0,-0.0567490879610864
78841,0,0.8923713778829097
86889,13,-0.0272014753342554
78908,5,0.0780669144981414
79033,0,0.336662749706228
78875,0,0.4212264150943396
78876,0,0.2422434367541766
78915,8,0.4209390178089582
79019,0,0.0783333333333333
48653,0,0.0031055650170306
78955,0,0.303648068669528
75985,12,0.1918819188191882
78950,0,0.1278982797307404
78987,19,0.2789303387894937
79072,8,0.2200224971878512
79089,0,0.8563922942206654
79108,8,0.3017594108019639
79116,0,0.1323885240235049
79133,6,0.1071960732754842
79103,0,0.01337606474173
88597,0,0.1763759253299002
79150,0,0.1587982832618026
79166,8,0.0586675505469009
79198,0,0.8254545454545452
13949,0,0.0643557096247962
79237,12,1.7591349739000748
90783,18,-0.1814516129032258
79323,9,0.1532394366197182
79299,10,0.0490861618798956
79248,19,0.2283430546554332
79249,0,0.1259071729957805
79265,8,0.1023349668492361
18649,0,0.5666588839598412
79382,20,0.1511951083935521
79507,19,0.2726434662364601
79499,0,1.0038535645472062
79545,0,0.1106346483704976
79490,10,0.4851063829787234
88568,10,0.0255296034763714
79491,10,0.0625110678236231
15724,10,0.2906872954477835
80069,13,0.0912739965095987
85913,0,0.3659560723514212
79668,20,0.2461139896373056
79731,8,0.1237512085078955
79758,5,0.2134300126103405
79686,0,0.0048150925523937
79734,0,0.1257995735607675
79824,0,0.1211003019121101
79857,12,0.6835937499999998
79906,10,-0.0242382271468143
79862,5,0.1394255874673626
79839,0,0.1568800588668137
79791,18,0.2547770700636942
79878,19,0.0749348827890203
79841,6,0.1603938383357153
80223,0,0.1585760517799352
79879,0,0.0967611336032387
79885,0,0.0835456221587309
80034,0,0.3107038733860889
80080,15,0.2048490846115784
80050,6,0.1891527253103075
84723,0,0.1842490077292669
80054,0,0.4530570536652389
80167,0,0.2520325203252032
80236,0,0.2779043280182232
80204,0,-0.0027032475050404
80191,0,0.4587490612595215
80193,10,0.215927750410509
21186,0,0.1241011984021305
80306,18,0.3376963350785342
13006,8,0.0763948497854076
80375,0,0.3006134969325154
80343,0,0.1688432835820894
80362,0,0.2487562189054726
80341,0,0.3659198913781398
80336,0,0.0609808102345414
80415,0,0.0673313782991202
80478,0,0.1856357927786498
80539,0,0.0347222222222223
80534,0,0.3035714285714284
80498,18,0.1607508532423207
80563,0,0.2967765839199705
80575,5,0.0358431018935978
80640,12,0.4617647058823528
80633,0,0.100068073519401
80759,20,0.2244617498854788
80774,0,0.0665914221218961
80828,0,0.1152304609218437
80791,8,0.1819457436856875
80795,0,-0.0548649034749034
80812,13,-0.2003058103975534
80837,0,0.1681286549707603
80928,0,0.1227906976744186
80924,0,0.132635253054101
80955,9,0.0824877250409164
80864,19,0.0808331039544911
80951,0,0.0459016393442623
81010,0,0.3380281690140847
80960,0,0.0844645550527904
80957,0,0.2243875785447591
80969,0,0.3427741466957152
81084,0,0.2884615384615385
81095,0,0.1087160262417994
81055,9,0.1718664477285167
81182,9,-0.0230073952341823
81184,12,0.3314917127071823
88865,0,0.0845383759733036
85205,13,0.4475138121546962
81220,0,0.3398313027179007
81241,0,0.5629550321199142
81282,15,0.1169009256085018
81278,0,0.5254820936639117
81501,0,0.1966112531969308
87532,12,0.4957264957264957
81540,0,0.0732799000728636
81560,0,0.1035460992907801
90470,0,0.1145077720207254
81588,0,0.1325702811244979
81584,6,0.0683722981914423
87476,20,0.1512939615129396
81624,18,0.2479338842975207
81621,6,0.0993265993265992
81736,0,0.0920079712410129
85332,0,0.1287952987267384
81740,0,0.4671689989235739
81696,0,0.4072185170655158
81666,0,0.4628158844765344
81665,0,0.0823074217376012
81677,0,0.2360876897133221
88719,0,0.046580885481172
81893,0,-0.0556057866184448
82251,8,0.1264800861141013
81869,12,0.214037951438482
82171,18,0.4209088069956277
91262,0,-0.056626098715348
82212,0,0.1829971181556193
82179,8,0.2410430839002266
82234,7,0.1719745222929936
82281,0,0.3058252427184464
82272,12,0.5850980392156864
82261,0,0.1035688005886681
82486,0,-0.0311761927255549
82508,0,0.411102172164119
82518,10,0.3789719626168226
82515,0,-0.0106337366902135
82307,0,0.2736231884057971
82575,0,0.1209655546514782
82567,18,0.3181818181818181
82581,0,0.0114815979867883
82621,0,0.0909090909090908
82649,0,0.0475903614457831
82547,0,0.4296724470134874
82642,0,0.1168169443685696
82651,6,0.0412439618865467
82573,20,0.1102423768569194
82587,0,0.1401515151515149
82599,5,0.0738805970149254
82686,6,0.0940231305729673
82759,0,0.3516139141335006
89736,0,0.1833636915604128
82768,0,-0.1023622047244094
82775,9,0.1474558670820354
82800,5,0.1343141001146348
82812,0,0.0683229813664596
82848,12,0.2116892373485388
86122,18,1.6666666666666663
86098,0,18.355999280446124
87832,13,-0.1092318534178998
84825,0,0.1333631840796019
90710,0,0.1853876739562625
83145,0,-0.0393258426966292
87471,10,0.3563218390804596
83149,0,0.2958333333333334
83120,15,0.1150781941575684
84397,0,0.2546362339514978
37381,19,0.2039473684210526
83111,10,0.0605350008685079
83124,8,0.1451953537486801
82859,12,2.1365853658536587
83303,0,0.2665049851791969
83143,0,0.0552570990023024
83272,6,0.089567125473768
83304,0,0.2242647058823528
83244,0,0.5425531914893618
83762,13,-0.111111111111111
83390,0,0.185270425776755
86080,13,0.0978593272171253
83411,12,0.3755656108597285
84215,0,0.0621118012422359
83414,0,0.1621301775147929
83382,19,-0.0174820436373492
83422,6,0.0990070093457944
83520,13,0.1228070175438598
83509,0,0.066626041031891
83547,0,0.0647999999999999
83462,18,0.0608448928121059
83534,10,-0.0378027769332117
93312,19,0.163289429246876
86091,0,0.0905044510385755
83690,8,0.0807631160572337
89202,0,0.1160365058670145
83621,0,0.110687649899793
83683,20,0.1374407582938388
90082,20,0.1046511627906976
83774,20,0.0534402137608549
83799,0,0.1303876715627256
83734,0,0.3420279720279722
83756,0,0.0718390804597701
83916,5,0.2351223074114639
83879,0,0.2848612007746933
83844,0,0.1628787878787878
83856,0,0.0542425416505232
83910,0,0.1804195804195802
83906,0,0.1306581059390048
83885,0,0.3352601156069363
83969,0,0.5186232909005186
88436,18,0.1115973741794309
88905,10,0.1428571428571428
84026,18,0.2320394736842106
89425,0,0.1621458710066305
84062,0,0.1708613966678482
84042,19,0.0764268960125098
84010,0,-0.0062128222075347
84041,0,0.9954545454545456
84032,12,0.4595238095238094
84203,18,0.0833333333333332
12877,7,0.558139534883721
84234,0,0.2488520219226779
84172,10,0.0437689969604861
84262,0,0.150254129606099
84210,0,0.1207363291824581
84348,20,0.0029498525073747
84302,13,2.615894039735099
84373,5,0.0150646798755527
84319,0,0.2601819810871637
93131,0,0.0197769847227404
85176,0,0.3465473145780049
88984,20,0.1334405144694535
84438,15,0.1766252390057359
84385,0,0.1164794985635937
84413,0,0.2666666666666668
84511,0,0.3783054506206151
84563,0,-0.0188679245283021
84389,8,0.0825732899022801
84737,0,-0.0552147239263802
84761,0,0.165181964885102
84607,9,0.3328220858895705
84656,15,0.174802110817942
84734,0,0.1938671209540032
84780,0,0.1919720767888306
84827,15,0.1399564902102974
84788,0,0.0434399302880268
85035,0,0.2302134893216081
85002,0,0.0364211610624678
85072,0,0.2827225130890054
85067,0,0.0625924829831312
85013,0,0.1587982832618026
85020,8,0.1301960784313725
85059,6,0.1002183406113537
85168,0,0.5161290322580645
92245,0,0.3102866779089375
85187,5,0.0653711753174806
85177,0,0.1440972222222221
87364,0,0.0141342756183746
89022,0,0.05
85246,9,0.172160109870636
89038,20,0.1828145550197282
86818,0,-0.0008762231634292
13739,5,0.0763049667826636
89898,3,-0.0281690140845068
85349,19,0.0846343467543138
90012,10,0.0378634212305613
85372,0,0.0976095617529881
89270,0,0.2530674846625766
90875,12,0.1661129568106312
85418,0,0.0744447919924931
85502,0,0.0551301684532923
13935,0,-0.0094594594594593
85440,0,0.1765221200175208
85488,0,0.1417833074131673
85517,0,0.1408128219805382
85424,20,0.0972972972972974
13265,7,0.9425444596443228
87114,0,0.1358645928636779
85464,0,0.1146508612706056
85427,0,0.1200037707390648
85419,12,0.7536786938117315
85540,7,0.1783783783783783
85621,0,0.1524486923404524
92593,0,0.1543424317617867
85627,0,0.119800332778702
85539,0,0.3764705882352941
85593,0,0.1558975719782407
85567,0,0.2105263157894736
85576,7,0.1142857142857143
85526,0,0.321285140562249
93285,0,0.3133333333333332
85686,12,-0.3225806451612903
85725,0,0.2038523274478332
85645,0,0.0883058259274933
85710,9,0.1856834412888224
85663,5,0.2730944681751341
85883,0,0.1783216783216783
92878,0,0.291997116077866
92557,0,0.1527514231499052
85731,0,0.110209923664122
85751,0,0.2509186351706036
85656,0,0.1887468030690535
85757,0,0.2441860465116279
88183,0,0.1163542340012928
85744,12,0.2318160488033787
85753,10,0.0525432616675407
85768,0,0.1553884711779449
85724,9,0.0044286979627989
85738,19,0.03397212543554
14604,0,0.0549511854951185
85792,0,0.094666025949063
85966,0,0.1380686352753393
85886,5,0.0021953896816684
85889,0,0.0187755102040816
88384,0,0.2327586206896552
85931,0,0.0723127035830619
88203,0,-0.0980392156862745
86444,13,0.2406091370558376
86102,0,0.1230125523012553
86111,10,0.0067494451012168
87014,8,0.1088709677419355
85860,20,0.1868475991649267
85863,0,0.0984046118782679
15057,13,-0.0246433203631647
87488,0,0.1068211068211069
87501,0,0.0792767732962447
87508,0,0.3485477178423235
88820,0,0.3039099526066353
88951,0,0.1806831395348835
15840,0,0.1560137457044672
90603,20,0.0869051138043157
86302,0,0.1613793103448275
87614,0,0.0799640610961365
14175,0,0.2535469107551487
85992,0,0.1957894736842105
85972,0,0.1196581196581196
86047,5,0.2438818565400844
90544,0,0.1626873958911716
86062,18,0.4601769911504425
86026,0,0.244179014212277
86051,10,0.6386554621848739
86113,18,0.2470588235294117
86048,0,0.089783281733746
86128,16,0.0953969312875251
88341,8,0.160337552742616
86211,0,1.051654812255054
89279,0,0.2733397497593839
87318,20,0.2292780748663101
92919,0,0.1530758226037196
86158,6,0.0939512741528982
87067,8,0.0475572849113705
14778,0,0.4823008849557524
86288,0,0.1055839791355615
90221,8,0.1747815230961298
86228,0,0.0969717591017351
89643,0,0.2146375791695989
86287,8,0.0591059105910591
86233,0,0.5437693099897012
92935,0,0.3338926174496643
86728,10,0.1178787878787879
86312,8,0.1539598108747042
86339,10,0.072791357234315
15417,18,0.3644859813084111
14355,0,0.1705882352941174
86356,0,0.0587864791098047
86868,9,0.2197419180989166
87658,18,0.0
89109,0,0.2255790533736152
86435,12,0.0994152046783625
86432,0,0.1400834694247867
12380,20,0.0806451612903227
87753,0,0.0872483221476509
86489,0,0.0951704545454545
86544,0,0.3105527638190954
86526,13,0.0744944649446495
87069,0,0.1179600886917959
86573,0,0.0986569391477367
86578,0,0.2947122861586313
90591,0,0.1683270353830297
86582,0,0.1943198804185351
86547,0,0.1845238095238095
86560,12,0.6200000000000001
86719,8,0.1710526315789473
86717,0,0.149043303121853
90590,0,0.144626271561256
86763,18,0.0420711974110032
86778,19,0.2729956638066242
86783,9,0.2502002773497689
86810,0,0.0759275237273509
86820,0,0.0731707317073171
86822,0,0.3842364532019706
86819,13,0.3100436681222709
86827,0,0.1422319474835887
86799,0,-0.0298969072164947
86916,13,0.1346153846153845
92318,0,0.1963696369636964
86876,0,0.5814742967992239
12588,9,0.0447585394581859
86964,15,0.2246878290958327
86949,0,0.0555029959003468
86990,0,0.3575129533678758
88368,0,0.3477088948787061
86996,3,-0.0109860178393085
87006,0,-0.0118453400879088
87000,3,-0.1602759290326137
86965,0,0.1285956006768189
86979,0,0.1039553752535498
87016,10,0.1371900826446281
87077,0,0.069213905418102
87121,12,0.2849765822024739
87066,5,0.0452720785013378
87075,0,0.3201237477902181
87056,0,0.0573693403197634
87034,5,0.059522896267393
87086,5,0.1626659856996937
87162,0,0.1820474029248615
87179,20,0.1413255360623782
90539,12,-0.2719919110212335
87227,0,-0.2845425867507886
87267,0,0.1654511051066869
87268,0,0.1853046594982079
87361,0,0.2333333333333334
87269,0,-0.0557603686635944
87356,0,0.1837183718371837
87302,7,0.2368421052631579
90358,0,0.1885245901639343
87299,5,0.0882043734230446
87321,0,-0.0167652859960552
87337,13,0.885
13704,0,0.2128473107315829
89597,0,-0.1342756183745582
87439,0,0.3563535911602209
87430,5,0.1206987824245633
12308,0,0.0797753953202047
90808,9,0.3222517259691979
87394,0,0.3896103896103897
87373,0,0.6020942408376964
87510,9,0.0951612903225807
87445,5,0.222513382581704
87487,0,0.4033898305084744
87541,0,0.1354703467551752
87583,10,0.0027100271002711
87589,12,0.2479338842975207
87812,6,0.1439586179972671
87657,0,0.1701771516250523
87659,0,0.3253241800152555
88810,0,0.221774193548387
87789,0,0.0766787658802179
88152,5,0.0850270764470075
93368,6,0.0700934579439251
88167,0,0.0207650273224042
88468,0,-0.1428571428571429
88173,0,0.3783783783783783
88174,0,0.0927796483352039
88195,10,-0.0338491295938103
88159,10,-0.064453125
88182,5,0.1458748505380629
88260,0,0.3423423423423422
89572,0,-0.0257936507936508
88534,0,0.0880913539967374
88264,0,0.5916473317865432
90071,0,0.0357368753953193
88351,0,0.184274438372799
88343,20,0.2089397089397091
88319,6,0.3480200780814275
88352,0,0.0884001442585553
13198,0,0.2677484787018256
88281,0,0.029951690821256
88280,0,0.2586339217191096
88332,13,0.7500000000000002
88287,0,0.2948948948948948
88439,0,0.2387321118095493
88417,0,0.2224739465337561
88466,0,0.300859598853868
88485,0,0.5846994535519126
88421,13,-0.231567895473635
88446,10,0.1004099384895818
88511,18,0.2608695652173913
88542,0,-0.0161662817551964
88504,0,0.189703808180536
88564,7,0.2988505747126435
89617,0,-0.0457442296064798
48506,0,0.0739445064261887
14932,0,0.1215932914046122
88648,8,0.1002527379949453
88620,13,0.2891246684350133
88626,0,0.0249307479224376
88615,0,0.2333618477331052
88661,18,0.2739541160593792
91360,20,0.2281879194630873
13453,18,0.2109704641350211
89576,0,0.0731274900398406
14521,0,0.0882182240278584
88807,13,0.1413793103448277
88863,0,-0.0223693773722037
89029,13,-0.0764331210191083
88860,0,0.1295766553130082
88949,0,0.0210431654676257
88839,0,0.1597633136094673
90029,7,0.3619302949061662
90177,0,0.2198062432723357
88873,0,0.2374159225677745
88897,12,0.7831325301204819
92601,0,0.689189189189189
88895,10,-0.0277427490542244
89290,0,0.0143472022955521
89006,0,0.0815135542168676
89110,5,0.2114384748700173
88970,0,0.2800369685767097
88994,13,0.5776566757493189
89031,0,0.2708796764408492
89002,7,0.4190919674039581
89167,0,0.10828025477707
89036,20,0.1488193300384404
89044,10,0.1776947705442904
89215,19,-0.0018382352941177
89070,0,0.1288417010717866
89327,0,0.0950670033016118
89413,13,0.2983651226158037
89179,0,0.1419354890738817
90223,18,0.1984126984126983
89244,0,0.3946124763705105
89269,9,0.0431472081218273
89217,6,0.0028517110266159
89307,6,0.18634401972873
89252,13,0.2910284463894967
89262,20,0.1597222222222223
90125,0,0.3492252681764003
90081,0,0.3217115689381933
91379,13,0.0743918918918919
89297,6,0.0419354838709677
89353,0,0.2606516290726817
91015,0,0.1188118811881189
89393,0,0.0314457903780593
89424,0,0.1096774193548386
89387,0,0.0193617784152024
89394,13,0.2030303030303029
91975,0,0.1572256913470116
89445,0,0.2025316455696202
91665,0,0.0929332042594384
93016,0,0.1189801699716714
91152,0,0.2131920152489475
91727,13,0.3672268907563025
89753,0,0.4462081128747794
14610,13,0.0990099009900991
89575,8,0.0178571428571427
89453,7,0.6702657807308972
91269,13,2.307377049180328
89406,0,0.1997627922738054
89626,0,0.1612924628450105
89443,12,0.2339544513457556
89916,0,0.2773058252427183
89533,0,0.3875465967140685
90601,19,0.0578560211587735
89482,0,0.1083333333333333
90313,0,2.559322033898305
89941,18,0.2735849056603772
93150,0,0.137181663837012
14599,0,0.1598513011152416
89876,0,0.0925721301411908
89653,20,0.1547531319086219
89826,18,0.2422222222222221
89574,0,0.2197480222677996
89546,0,0.3264367816091953
89509,0,0.4170279858100119
89573,0,0.1936824605153781
90436,0,0.3964285714285716
92468,13,0.0906148867313916
91274,0,0.1476510067114094
89781,0,0.0947069233656887
89698,13,-0.012621359223301
89741,0,0.1804511278195488
89800,0,0.0321219987021415
89824,0,0.1551679285410463
90716,5,0.0962910128388017
13411,13,0.5619469026548674
89866,6,0.100969052829009
89889,12,0.14468085106383
89964,0,0.1123853211009175
89922,0,0.5387096774193547
89913,7,0.4232876712328768
91086,12,-0.2361015785861359
89973,0,0.4291938997821349
89971,0,-0.7169662921348314
89952,0,0.0344484928784365
89960,0,0.0322822822822823
90088,0,0.2631578947368422
89935,0,0.1076923076923075
90126,3,0.0930383864671438
90490,0,0.2291666666666667
90194,0,0.5431361909929464
90454,0,0.0006124339097126
91977,10,0.0425451807228915
93012,0,0.1538461538461539
90248,0,0.0376665246969094
91901,0,0.0867430441898526
91233,3,0.1658467237442238
14542,0,0.0861993319831504
90285,0,0.482587064676617
90533,0,0.4000000000000001
90708,0,0.0510558356970269
90427,5,0.082393260031415
14650,0,0.1090909090909091
90288,18,0.3018867924528301
90227,0,0.1865121180189672
90314,0,0.2153846153846155
90353,0,0.1853420195439739
13577,8,0.2981132075471697
90312,15,0.1113575865128659
90090,0,0.3895219222194699
19721,12,0.4984999999999999
90455,0,0.0011263453965473
90249,0,0.1425977653631285
90444,0,0.1120361224777761
90476,0,0.2103174603174602
90496,0,0.1874431301182895
90568,20,0.0851581508515815
90505,0,0.1591760299625468
90600,20,0.1773809523809524
90637,0,0.1242450388265745
90718,0,0.0979591836734694
90409,0,0.1640253565768621
90548,0,0.2393162393162393
90803,0,0.1991434689507494
90386,0,0.1870270270270271
15506,13,0.2120079720976582
92521,18,0.1048034934497814
90520,6,0.1393709805303498
90440,20,0.2891310124900343
13797,0,0.1886617100371745
90564,8,0.0768997880714501
90605,0,0.0902179422199696
90550,19,0.1780767181672882
90569,8,0.3689451600158042
90558,6,0.0197612186084807
90734,0,-0.0934194874163011
91500,19,0.0992870345920255
14689,13,-0.4065040650406504
90494,13,0.8623188405797102
13938,10,0.0030461270670147
90672,12,0.7549668874172184
12487,0,0.1293587362534169
91018,0,0.1404021937842778
90664,13,0.0003129107050787
13196,0,0.151750972762646
90720,0,0.2346534653465344
90636,0,0.0933544303797468
91114,0,0.2068658047258136
86165,13,0.0065681444991789
90993,6,0.1176906779661017
90735,0,0.342612419700214
90885,0,0.2357723577235773
14185,7,1.1618865519439137
90856,0,0.2581018518518516
90871,0,0.3926654740608228
90776,0,0.2444174757281554
90829,0,0.3509597971749365
15127,10,0.0967320261437909
90775,20,0.0589598352214211
90868,0,-0.0533066132264528
90955,0,0.296
90805,9,0.3295454545454546
90952,0,0.1442080378250589
90961,0,0.0405805687203792
90971,0,-0.014450867052023
91594,0,0.8691588785046727
90825,0,0.4535104364326376
90870,15,0.4182276354472911
90963,8,-0.0720583248558833
91356,8,0.1150602409638554
90988,0,0.4421768707482993
90989,12,0.6890380313199105
91090,0,0.1253583030766292
90978,0,0.3858661663539713
90979,0,0.1972543352601157
91801,12,0.2713675213675215
90925,9,0.1502077341003516
91083,0,0.0450346420323326
91408,0,0.0674883535638501
84185,18,-0.0862068965517239
91041,0,0.3452868852459019
91080,0,0.2775665399239544
15273,13,0.7907801418439717
89003,0,0.1911870936672284
13976,0,0.0075757575757575
91176,0,0.093544
91095,0,0.1148886283704573
93175,18,-0.0459363957597173
91186,0,0.1421889616463987
91234,0,0.1457528957528957
91627,13,0.0069444444444444
91348,0,0.2295081967213115
91237,6,0.2155009451795839
91215,12,0.3210735586481112
91359,0,0.5887480190174328
91395,0,0.1335740072202167
91366,12,0.0685920577617329
14174,13,0.7640067911714772
13532,20,0.2181638696939782
91299,0,0.2427480916030535
13377,0,0.0809484019218718
13956,18,0.3109452736318407
13921,0,0.2221418234442835
13534,0,0.0663744520976832
14094,0,0.1511111111111109
14707,0,0.1767337807606264
13188,0,0.0996507566938298
13407,0,0.052677627329924
13641,12,0.539291217257319
13356,0,0.2983283326189456
13621,12,0.3440860215053765
13559,0,-0.2490384615384615
13543,19,0.1527244819646969
13447,13,0.0743211593480079
13548,18,0.251788268955651
13337,12,27.18679007151872
13622,18,0.1030465949820789
91363,0,0.1230398069963814
91463,0,0.2063652437484211
91357,0,-0.0436363636363636
13967,0,0.1988886759915693
91277,0,0.546528803545052
93035,5,0.1487130600571973
91472,0,0.1471698113207546
91579,6,0.2458501570210858
91498,13,0.1323200715243628
91503,0,0.2127463054187193
12452,13,0.2987012987012987
91446,0,0.1904761904761904
91468,15,0.1076617219758373
92506,0,0.2100431965442764
91392,0,0.2889978547349066
91413,0,0.1431983907467939
91618,18,0.3302325581395349
91659,0,0.2629119369925747
92040,0,0.2837913628715649
91355,0,0.4318181818181816
93189,0,0.0239222097926168
91461,0,0.1604938271604936
91416,0,-0.1163658991910392
91611,0,0.073352863461428
91742,13,-0.0904183535762482
91615,13,0.2695810564663023
12049,0,0.0875912408759123
91612,7,0.0743333333333333
91622,20,0.1325051759834368
91625,0,0.4856706152082537
90077,13,-0.1251303441084462
92773,15,0.2851086380498144
91516,0,0.2864774624373958
91683,0,0.3739545997610516
91668,0,0.1131962726824975
91571,0,-0.0893631210403467
92589,0,0.5591054313099042
92252,0,0.1555555555555556
91658,5,0.3274087932647334
91678,0,0.1623931623931624
91754,0,0.4731707317073172
92035,10,0.8346774193548387
14548,0,0.3980030721966205
92449,7,-0.2773333333333333
91822,12,0.6977329974811082
91907,0,0.241637323943662
91836,5,0.951377633711507
91688,0,-0.0468603561387065
91826,13,0.1875492513790386
13796,3,0.207983193277311
91814,0,0.5326460481099655
92043,0,0.1091023754467099
91959,0,0.2446892210857592
91854,0,0.2604690117252932
91968,8,0.09484404837683
92091,0,0.2932692307692306
91900,0,0.4120111731843574
14137,0,0.2297905656684282
93177,18,-0.1358511071865235
91909,13,-0.1002710027100269
91849,19,0.0674417828894053
14310,0,0.2403204272363148
91915,12,0.8864468864468864
91979,10,0.2011385199240984
92052,0,0.1986301369863015
92050,0,0.1595500112485939
92345,12,0.0204081632653061
92095,9,0.3514376996805113
92096,0,-0.0235253279996301
92097,0,0.254957507082153
92121,0,0.1716658975542224
14328,12,0.8093220338983049
92111,18,0.0451745379876795
92143,0,0.5225417110401136
92102,12,0.2781954887218043
92220,0,0.1370297499316528
92172,20,0.136094674556213
13284,0,0.1355463347164591
14444,13,0.1515151515151516
15540,0,0.3772865853658538
92221,13,0.2794612215534278
93004,0,0.0033898305084745
68145,13,-0.0794223826714801
92293,0,0.1937942297223733
93130,0,-0.0125523012552302
89756,7,0.4905660377358489
92402,0,0.1703064543791448
12400,0,0.1356186663330412
92303,20,0.114026236125126
92326,12,0.2842870118074478
92354,0,0.2832369942196531
92428,0,0.0979837283339228
92432,0,0.2214479945615228
92400,0,0.3056057866184447
13712,12,0.0091116173120728
92443,20,0.0954724409448819
92448,18,0.0364705882352942
92493,0,-0.0226225387515711
92466,13,0.6074766355140186
92467,0,0.2177914110429448
92469,0,0.0263385146804835
13561,0,0.0844827586206895
92917,0,0.2526881720430107
92528,0,0.1102941176470586
92523,0,0.0959839357429719
91365,10,-0.0333800841514725
92614,0,0.0190685681395634
92611,0,0.1576137715253001
92648,0,0.3269584406031627
92588,0,0.1692961165048543
10258,13,0.4204545454545454
92602,0,0.0666009574767672
93347,0,0.1999999999999999
92597,9,0.2810256410256411
13262,13,0.1489583333333333
92753,5,0.1011351909184727
14797,13,0.1655453618756373
12577,0,0.0905923344947734
93345,0,0.391435011269722
92621,13,0.2965931863727453
93079,19,0.0526510938079347
92780,6,0.110046828437633
13343,12,0.3568075117370892
92852,0,0.0650759219088936
92685,0,0.2710505212510024
92688,0,0.1945945945945946
92810,20,0.1113312202852616
93065,12,0.4032258064516127
93339,13,0.104829210836278
79678,0,0.0495180245609401
92775,0,-0.2101733675329892
92729,0,0.3166607121591045
13305,0,0.1692643391521198
13604,0,0.1366073343341196
92782,5,0.1960233918128655
93089,0,0.1142889250997358
12527,13,-0.1436781609195402
92797,0,0.1352040816326531
92809,10,0.1655874190564292
87078,0,0.3571428571428572
91161,18,-0.0211920529801324
92808,0,0.3262858946039759
92854,0,-0.0602960969044414
13253,12,0.588235294117647
92902,7,0.0304709141274239
82163,12,-0.386434437836307
75754,0,0.0453187250996016
93274,18,0.1021897810218976
92987,20,0.0518623290900517
93073,0,0.0172184072973251
13863,0,0.098360655737705
93098,0,0.3052230685527748
93132,0,0.116517169520703
93085,0,0.1429980276134121
14262,0,0.1815561959654177
92596,0,0.2150700492237789
78003,0,0.8190637885035168
93246,0,0.0259339531731597
93128,0,0.1164958061509786
92486,0,0.3490196078431373
15645,0,0.0236151603498542
93272,13,0.0115335326783425
93356,5,0.2042294660591188
15186,18,0.1040609137055836
14172,7,0.3181818181818183
93233,0,0.3579418344519016
93304,0,0.0779036827195467
12591,0,0.1833966359196961
93264,0,0.165991902834008
93372,0,0.1468777484608618
93434,0,0.1447368421052632
93266,0,0.1149640737269603
11664,10,0.0045011252813202
93393,0,0.0941080196399344
93289,0,0.1819213313161876
11370,0,0.0458691686213188
14435,0,0.1099476439790576
12449,15,0.200534108913132
12559,0,0.183553597650514
12307,0,0.1679999999999999
12009,12,0.3656387665198237
12089,0,0.2388220506374572
93374,0,0.0863422291993718
93436,0,0.4627357111963788
12374,0,0.1099743209769834
12078,0,0.2141997593261131
10158,0,0.1604584527220629
93426,8,0.224361657597321
12592,0,0.0344827586206897
10220,0,0.0339938193055808
12497,0,-0.608887381275441
15254,12,12.62962962962963
12919,13,-0.0600560523154944
86092,0,-0.0715667311411991
13837,5,0.1168870192307691
12360,13,0.205949656750572
12476,0,0.4641744548286604
12502,0,0.0964015992892046
12639,0,0.1621479336667544
12521,18,-0.0105263157894737
12373,0,0.169480623894517
12515,0,0.1291089108910892
12583,5,0.1585086042065011
12366,0,0.1056050955414014
12573,0,-0.1228070175438595
12494,7,0.4659400544959129
14358,12,0.3987595767967895
12640,0,0.1079136690647482
13410,0,0.1601307189542484
12798,0,0.5149892933618845
12623,0,0.0861811771087606
12783,20,0.4013875123885035
13860,10,0.2670299727520435
12579,7,1.0833333333333337
12905,0,0.2893982808022921
14329,0,0.2617159336697909
14441,0,0.451824134705332
13844,7,0.016370307648885
12913,0,0.7045118343195269
12872,0,0.3179661016949153
15327,7,1.3015075376884422
13302,0,0.3154527559055118
13108,13,0.5554409489427539
12880,0,0.5515294117647058
13323,13,0.3922928942807624
13046,0,0.3367275470071655
14715,0,0.2495575221238937
13169,0,-0.0823136818687431
12920,0,0.244931350928363
13201,13,0.0297872340425531
13249,19,0.1700542005420053
13210,0,0.0433079125001485
13116,18,0.2461885940146808
13316,0,0.0320317266625991
13326,0,0.2241095890410958
13520,0,0.1291090995712245
13244,0,0.4398868458274398
13375,0,0.3599537037037037
13260,0,0.3201581027667983
13124,0,0.468905472636816
12981,5,0.032521330530481
14339,13,-0.0307898259705488
13035,19,0.1013311911865961
14960,18,0.362214983713355
13084,0,0.1751269035532994
15543,7,0.1016187050359713
10966,0,0.1332275971451229
15662,18,0.009090909090909
13019,0,0.0012062726176118
13579,0,0.067330016583748
13085,0,0.3181159420289856
13105,0,0.1907433380084153
13202,7,0.6749999999999998
13107,12,-0.0020283975659228
13730,12,0.5546038543897216
13318,0,0.6237925775292323
13159,18,0.25
13280,0,0.0428571428571429
13168,0,0.3657770800627944
12629,5,0.0255661066471877
90542,12,0.4568297246725477
13748,19,0.0639074863055386
90199,19,0.2130952380952382
90276,20,0.1165383056343736
90178,0,0.0564365292347726
90188,0,0.0425388251181633
90164,0,0.0069605568445476
92457,20,0.3632790567097137
90097,0,0.4861437294504462
91609,0,0.1842105263157896
90303,0,0.2567927543953114
13279,13,0.1330049261083745
14419,13,0.1027027027027027
12615,9,0.0084104289318756
14060,0,0.0901639344262295
14406,0,0.1783276450511945
