firms,clusters,mom1
54594,18,0.0133269871489765
14526,0,0.0037707390648566
11581,36,0.0055841924398625
15203,20,0.1032028469750889
16126,0,-0.0190365190365189
17137,0,0.0357739886325643
20670,0,0.0752941176470589
64899,13,-0.0529805052715337
23660,0,-0.0224627560521416
23975,45,0.0273154075970978
82542,62,0.0232861806311208
30680,0,0.0553160919540229
56274,0,0.0100864553314121
31668,13,0.0769230769230768
32046,0,0.0846681922196797
47511,0,-0.0115172759138708
60628,0,0.0301023479831425
37875,0,0.0341214400859752
17144,0,0.0414086002477438
39328,0,0.0
41452,0,0.0670247286561485
84226,0,0.0102519039250146
64020,36,0.1458333333333332
52090,0,0.0601341366374901
53613,31,-0.0362647325475973
54114,0,0.0183450429352067
55213,0,-0.0293577981651376
57665,15,-0.0067731011127236
35107,0,-0.1259213759213759
61621,0,0.0737567906393648
51692,0,0.2288557213930351
64742,42,0.1658291457286431
65307,0,0.040764331210191
66852,20,-0.0485436893203883
46922,13,0.0205391527599487
77354,0,0.0203903291581708
69199,36,-0.0248815165876776
38850,63,-0.1044444444444443
44951,0,0.123076923076923
74500,63,-0.0048467966573815
74740,52,-0.032258064516129
65306,0,0.0010446343779677
81294,0,0.0454985479186835
19502,0,-0.0097842448569994
81614,4,-0.0965346534653465
51086,28,0.0636002271436684
83601,0,0.0169990192873488
21785,31,0.0324483775811208
10044,0,-0.01434034416826
10104,0,0.0129440925364912
75510,52,-0.0446538763603723
70092,15,0.1233885819521178
75033,20,-0.0699300699300699
12211,18,0.0292863235712255
80297,12,0.0321324245374878
75976,0,-0.0561517822920659
77488,29,0.1971153846153845
76568,0,-0.0003403675970047
76605,52,0.0093563897189645
76752,0,-0.0258787176516029
77637,0,-0.0248447204968944
77669,0,-0.0380147835269272
79094,0,0.0472124560522351
87055,0,-0.007212811011117
79866,20,0.0884758364312268
80719,31,-0.0158546017014694
81138,20,0.0314861460957178
81655,0,0.0130034887408816
82777,0,0.0735997531245178
83148,0,-0.1612635078969243
83597,0,-0.0013934306569342
20598,0,0.0576580146621756
89508,0,0.0470801267541873
85040,13,-0.1386138613861385
85982,15,-0.0640599001663893
85272,0,-0.1967600404994938
85394,0,0.0091431556948797
85796,0,-0.0211598746081503
87184,0,-0.0670949321912919
87214,0,-0.0019047619047618
88668,0,-0.0067328918322295
88841,0,-0.0820648577101257
88873,0,0.0339270568278202
89216,0,0.0345798564728476
89900,0,0.1200714711137582
93065,0,-0.0500221336874723
93399,4,-0.2535885167464113
12488,0,-0.2432432432432432
90179,36,-0.0397526501766785
47730,0,0.0456210456210455
13777,0,-0.0339157245632065
38746,42,-0.0105867346938776
60871,0,-0.0161529892313404
14198,28,0.0122856757121643
14702,0,0.0691218130311617
15537,0,-0.1453154875717016
68830,0,-0.0548381059329964
85914,0,0.1596849266022197
49373,0,-0.034361233480176
18570,31,0.0481191988275524
18973,18,0.1644385026737966
19271,0,0.0068886337543052
29938,0,0.0028224668360146
10866,0,0.0543154761904762
25320,0,0.0946640666548483
21742,0,-0.1256418751035283
11267,0,-0.1024051574510288
86474,31,-0.0556900726392252
22825,62,0.0717534108135422
26201,0,0.052766393442623
65541,0,0.0900497209340238
27562,0,0.1281719119103865
27909,0,0.0063191153238546
49154,0,0.0832642916321457
19350,31,0.0411634852616542
49429,15,0.1886095725039056
61313,36,0.0021291696238465
30737,0,0.1449864498644986
12008,13,-0.1402052520374284
31500,0,0.0087229588276342
33209,13,-0.1054852320675105
77462,15,0.0692897797574858
62228,0,0.0506756756756756
59010,0,0.1185275080906149
21055,0,-0.0024191109767159
83233,0,0.0030268634127885
32678,0,0.0324955116696588
27828,20,0.1009268795056641
66181,0,-0.0130407124681933
32870,48,-0.4713344111428926
42922,0,-0.0388888888888888
12503,35,0.156808803301238
89757,35,0.0306784660766961
47571,5,-0.0314726840855107
16678,0,0.0283432105127543
48291,0,0.0419708029197078
48347,0,0.1357276119402986
64282,52,-0.1181487259490379
27617,0,-0.0543821205480946
60097,0,0.0193624868282402
52813,18,0.0989643268124282
53197,0,0.0963161933998466
57809,0,0.186000330961443
57817,15,0.0452138492871689
79611,0,0.1365758754863812
59185,0,-0.0175999999999999
34948,0,0.0396507300314914
13936,36,0.0786317797765059
49971,13,0.0028696826468601
64785,0,0.0713811420982737
62033,0,0.0179880079946701
91556,63,-0.0227515108425169
50948,0,-0.0467661691542289
42585,0,-0.0058448405669544
76081,0,0.0562654968529467
60580,0,0.0695115405260333
37807,0,-0.0011489850631942
80179,0,-0.1036948748510132
80857,31,0.0095201827875095
59627,0,0.0483870967741935
81190,0,-0.0391134289439374
55976,31,-0.0003013863773356
82924,36,0.0413875598086126
83011,31,0.0087108013937282
15456,52,-0.0748963883955002
40539,0,0.0401459854014598
10025,13,-0.0700614366729679
10182,0,0.1283653846153845
10259,0,0.0377073906485672
10501,48,-0.0102898550724637
77420,0,-0.133939393939394
10514,15,0.0823170731707316
10645,13,-0.0781129156999226
89105,12,0.2958876629889668
71837,18,0.0553877139979859
11154,0,-0.1482412060301506
11343,0,0.1236148731839448
11379,0,0.0348837209302326
11174,42,0.0716112531969308
75100,36,0.0178571428571427
89609,0,0.0029154518950436
12266,4,-0.591734693877551
75489,0,0.0594170403587444
75905,0,0.068679092382496
76052,15,0.1140624999999999
76076,0,0.1004623791509038
79315,0,0.0390720390720391
90751,0,0.0912119950020824
77007,0,-0.5827049180327869
76839,13,-0.0803096274794388
76847,7,0.1176470588235294
77082,0,0.1010638297872339
77357,0,0.043123543123543
77478,0,-0.1849710982658959
77501,0,0.0539499036608861
77516,35,0.1261852662290297
77584,0,0.1189303307529907
77897,0,-0.1034755134281201
77699,13,0.0712945590994371
77862,20,0.240234375
78216,63,-0.1363636363636363
78034,0,0.0230805463966083
78975,0,0.011831221861585
78990,35,0.2077727952167414
79007,0,0.0163863734368261
78963,4,0.2281039461020211
79195,18,-0.0284061020515519
79307,0,0.104325699745547
79881,15,0.1577797202797202
80114,20,-0.1209302325581395
80274,0,0.0151515151515151
80233,0,-0.1195516811955167
80320,0,0.1265293942106835
93397,20,0.1096979332273451
80432,0,0.0423497267759562
81165,12,0.205128205128205
82598,0,0.1326949384404925
88988,31,0.0259842519685038
83399,0,-0.0583333333333333
83391,20,-0.1626506024096385
83822,0,0.1515641855447682
83976,63,0.1070884146341464
84084,0,0.1038557213930349
84275,0,-0.1187892632781268
84255,0,-0.072347266881029
84588,0,0.0192799999999999
84519,0,0.1536297129994372
85019,0,-0.0698178664353859
12493,0,0.0572663425175579
85390,0,0.0466973886328725
89606,13,0.176252319109462
86580,0,0.0706725844998292
86594,5,-0.077572216812723
86881,0,0.244360902255639
89416,0,0.1118077324973876
87255,0,0.0513784461152881
87310,12,-0.4934684084244201
87390,0,0.1480314960629922
87432,36,-0.0079681274900397
90640,63,-0.0461538461538462
88172,0,-0.0013642564802182
89301,15,0.1758870660053415
89397,0,-0.0295001365747062
89447,0,0.0349758454106281
89540,15,0.0867451381780961
89908,0,0.3774350649350648
90215,31,-0.0045548045841904
90387,0,-0.0909090909090909
90679,29,-0.029673590504451
13110,63,0.2336986301369863
90657,36,0.0213766566908935
90715,0,0.1408061844284927
90706,0,-0.1050338818973863
91733,0,-0.0246961975695806
92203,0,0.0106331561140646
92322,62,-0.0882044488601865
92471,0,0.1213191990577149
92635,0,-0.0696920583468396
77186,12,0.0714285714285714
93373,0,0.0159198113207545
12080,0,-0.0517928286852589
12363,31,0.125169147496617
12915,0,-0.0082281952825015
13181,0,-0.1055595930232559
91964,0,-0.1786666666666666
21020,13,0.0515516799179276
11499,4,-0.2038461538461538
81912,18,0.0226480836236933
27991,0,0.0380033177499621
10517,31,0.0048076923076922
20482,0,0.0235138705416115
10656,0,-0.0612691466083151
60038,0,0.1032490974729241
10779,0,-0.0228426395939086
61487,4,-0.0282150282150283
61241,42,-0.0272727272727273
88845,0,0.0666732128829534
28222,0,0.0454581327440613
11368,62,0.2101694915254237
28804,0,0.0497159090909091
11587,0,0.0006125106682071
11790,15,-0.2117220941718801
10145,5,-0.0179263565891473
45911,48,-0.0358386535113174
24643,0,0.2249657064471879
28484,20,0.0258823529411764
81073,0,-0.0650211118238405
12758,0,0.0891963497203414
24109,0,0.0127931769722815
59176,0,0.0388785046728972
13507,0,0.0462029224120188
58560,20,-0.3393702981331847
13769,0,0.196078431372549
11144,36,0.1198934280639432
85257,28,-0.0136025504782146
14008,0,-0.068421397236954
18075,4,0.1525911708253358
83112,60,-0.0839303991811667
39490,20,-0.1001410437235542
14593,63,-0.0066776248202178
14761,0,-0.0817490494296577
10516,45,-0.011032531824611
77595,31,-0.0467608377983439
29209,0,0.107751937984496
24272,28,0.0055930772477839
15457,0,-0.0133374689826303
15553,0,0.0171491504090623
15721,7,0.1223491027732464
44644,0,0.019256228186304
16030,0,-0.0234833659491193
44601,0,0.0694695352274594
27684,0,0.030811623246493
40416,35,0.1238938053097344
53110,0,0.1766075586602185
75034,0,-0.0147092622385658
10318,0,0.1270039187744924
57568,5,-0.0089780038904683
16505,31,0.0540970564836913
16548,0,0.0595694977473719
49656,0,-0.0229155162893428
46877,0,0.0497080809734271
39693,0,0.0553675792063981
27887,4,0.0795081967213113
29612,28,0.0015608740894901
39642,0,0.0143083167090869
17444,4,-0.0712661106899166
65875,0,0.015209125475285
43772,0,0.0250678922080636
17778,0,0.0421635228296446
61508,0,0.0777091254752853
61946,0,0.1365665584415583
19561,0,-0.0162324148838757
52230,0,-0.1000685400959562
12437,35,-0.0904255319148935
60898,0,-0.020979020979021
17961,0,0.0818921668362155
19393,0,-0.0037001287001287
10874,0,0.0675031367628606
19880,4,0.0997409326424871
10890,20,0.0967413441955191
20117,18,0.1090909090909091
45655,35,-0.0505836575875485
64186,0,0.0449849517226834
67838,0,-0.0335594430560514
20336,0,0.0
62148,18,0.048653344917463
28564,0,-0.0819047619047618
86290,0,-0.0210035005834305
46690,0,0.103867129400099
20750,0,-0.0147469111199681
21371,0,0.0040555487280324
27334,0,0.0774378585086041
20618,0,0.0706051873198845
30402,12,0.1684782608695652
18542,0,0.0877249357326477
89792,0,-0.0324350107321727
60599,0,0.2033831628638867
90011,0,0.1049999999999999
64194,0,-0.0842360971895597
23182,0,-0.0106399872955376
88208,20,-0.0681818181818182
14541,0,-0.0350410547010524
30509,0,0.0399957788096241
23297,0,0.0012062726176114
23393,5,0.0804761904761905
79026,0,-0.018242362820327
47677,0,0.067901234567901
27422,7,0.3416149068322982
46578,52,-0.0203796977915536
11995,13,-0.0067083005519216
11308,0,0.0048928238583412
24441,0,0.746606334841629
24476,0,0.0948621716060567
30648,0,-0.0578034682080924
18729,15,-0.0279875610839627
61735,0,0.0849368097461005
89525,0,0.0362591994255967
25081,36,-0.0151603498542273
25129,18,0.0328227571115973
25452,60,-0.0637119113573406
25487,15,-0.0239817282070803
25778,0,0.0194918203967977
40125,0,-0.1016526348612411
26084,20,-0.1996615905245345
79618,63,-0.1390728476821191
26463,0,-0.0288842301420918
11404,0,0.0089350050439545
26607,45,-0.0250145175581604
26650,0,0.032508073196986
23229,0,0.0174897119341563
30840,0,0.0717358490566038
91983,35,0.0980577925153955
27430,0,0.0778935820076796
59248,0,-0.057581786030062
22293,0,-0.0166577109081138
20204,28,0.0270100502512562
27618,4,0.0813186813186812
38420,0,-0.0384908536585365
17726,0,0.0211421098517872
59256,0,-0.0070588235294117
31077,36,-0.1206206206206206
27888,0,0.0014625992478061
41080,36,0.0854377572588718
18091,5,0.0230434782608697
19828,0,-0.0840664711632455
92570,0,0.0462573591253152
28629,15,0.0412844036697246
80912,42,0.0723270440251573
91926,48,0.0891849175886205
29285,0,0.033012379642366
61743,5,0.0270125223613595
11674,0,-0.0104693565462886
76708,36,-0.0824120603015073
29867,13,0.070841889117043
40440,36,-0.1046176046176046
79322,63,0.0175879396984923
44943,0,0.0005227391531625
26403,0,-0.0031308703819661
10886,0,0.0321839080459771
64936,0,-0.0311763890813356
38682,0,0.0866141732283463
25953,45,0.0398631308810948
20626,0,0.1573809523809524
30681,0,0.0608043626448535
11703,0,0.1537149355572402
63132,0,-0.0283783783783784
27959,0,-0.0135458167330676
88590,18,-0.0267222109327371
30940,0,0.0874741200828157
31051,63,0.0518518518518518
12486,0,-0.0107502287282708
42200,0,-0.0219370860927152
63159,0,0.3900343642611683
31480,0,-0.0463576158940397
11762,0,0.1227479706988716
70578,0,-0.0493186242699545
82855,0,-0.0019545565599804
32054,0,0.1804635761589403
32062,63,-0.0202017291066282
22103,36,0.0619834710743802
81124,29,-0.0612244897959183
23042,0,0.1152010906612133
32548,0,-0.0804597701149424
26470,20,-0.2492203005387014
32986,0,0.0027448714244437
52476,0,-0.0086956521739131
24328,0,-0.097181729834791
33532,0,0.0413223140495868
31691,31,0.0357723577235771
50788,18,-0.2884004573751746
42550,0,-0.0372557290915634
87696,60,-0.0290909090909091
87717,0,0.0146276595744681
33823,20,-0.0949263502454992
87725,52,0.0681354549163606
11850,15,0.029543994861914
19166,0,0.0537513997760359
24205,0,0.0099364425745234
34367,0,-0.0541801219949766
92640,0,0.5220125786163523
47706,0,-0.1981068289384719
21135,0,0.0688912809472552
34666,35,0.0525359025631702
34746,0,-0.0341772151898734
35167,0,0.0128998968008255
35263,18,0.0110905730129389
10777,0,-0.0484841095667724
35554,0,-0.0692503176620077
36397,0,-0.0557737627651218
54244,0,-0.1163306258958432
36768,52,-0.0639614855570839
88924,0,-0.1660175267770204
88853,36,0.025618177767877
37154,13,0.1818835370237239
25785,31,0.0477386934673367
31974,0,-0.0532994923857867
37402,0,0.1916738941890721
37568,36,0.094208211143695
37584,0,0.034333525678015
58421,29,0.0874999999999999
37955,0,0.0298229263746505
12036,0,0.0495363591996096
38093,18,0.0587141339001062
47941,0,0.0262390670553935
12052,0,0.0186887941989983
12060,0,0.0013745704467353
46834,0,-0.076086956521739
12369,31,-0.0067476383265856
55212,0,0.2677419354838708
38659,0,0.0635500365230095
46674,0,0.0461877683648601
39029,63,0.0923076923076922
57154,0,0.2445799457994582
32299,63,-0.0703125000000001
16432,0,0.0601900739176346
53604,45,-0.006294256490952
85908,0,-0.1549053356282272
39571,0,0.0776004402861858
60468,0,0.061849710982659
52695,0,0.1027504702831867
39731,13,-0.0731046931407942
84808,12,-0.0527704485488127
23819,0,0.0154136520918528
25582,0,-0.1029090490973899
25304,35,-0.4114906832298137
52978,0,0.02140549273021
41188,48,-0.0552712384851585
10294,31,0.0314875135722041
41241,0,-0.1465172137710167
41292,0,0.0031099802092169
76927,42,0.0037174721189592
32651,4,0.3924731182795697
32707,0,0.0427165354330709
16600,0,0.0315514697537169
91575,0,-0.0638766519823789
61567,0,-0.0012083131947802
52716,0,-0.051759410801964
32803,0,-0.0328853302830998
42439,0,-0.0061728395061728
42455,7,-0.2287719298245614
91207,18,0.1103791773778919
21792,36,0.0425293788472298
42877,0,0.0493810178817057
42906,28,0.0198135198135198
88795,13,-0.0054054054054054
87464,63,0.0783699059561129
78892,15,0.2759643916913945
12570,0,0.0865947611710322
80210,20,0.0350877192982455
21928,0,0.0196867366000861
56573,0,0.0464083490618407
43634,0,-0.1852367688022284
43757,0,0.2021276595744681
51633,0,0.0879541108986614
12431,18,0.0794637653001748
44274,18,0.0044370493621741
46463,0,-0.0210803689064559
44506,13,-0.237833594976452
59328,0,-0.0460992907801418
44768,0,-0.0586145648312611
12490,0,0.0500040067313085
40272,0,-0.1168775649794801
45306,0,0.1041296625222023
21573,36,0.0435545162233266
53065,0,-0.0467914438502674
45728,18,-0.2141466580142764
46042,4,0.028391167192429
46077,0,-0.1336974110032363
52329,36,-0.0147846036196788
82694,0,0.0037199124726476
22111,0,0.0073726541554959
42534,0,0.0164482854753276
46886,0,0.0111957008508731
12558,0,0.0996960486322189
46923,0,0.2390000000000001
47002,0,0.1029116465863453
24432,0,0.0523672883787662
12650,36,0.1527934537246049
24053,0,-0.0022956841138659
26825,0,0.0078976034858386
47379,0,0.0392038600723765
44134,20,0.1372881355932202
47619,15,-0.0527704485488127
47715,18,0.092323651452282
17750,0,0.0146394642579039
59045,0,0.1176702862783811
48072,42,0.1436170212765957
48144,0,0.1166007905138342
89456,0,-0.0641247833622182
49488,12,0.0428571428571429
12781,0,0.024710666249609
48486,0,0.021033570135116
48523,0,0.0008851298190399
48531,0,0.0361102312321823
48961,0,-0.1620227038183694
50286,0,-0.0827586206896551
60943,5,0.0758853288364249
65330,36,-0.0672762900065317
20415,0,-0.127415458937198
50876,0,-0.0897597977243994
81678,18,0.0249812171299774
49905,31,0.1128579449747333
21178,0,0.0227013744075827
50017,35,-0.1972259810554802
56223,0,0.0108142493638676
59774,0,0.0247787610619469
33849,15,-0.0082920110192837
66245,15,0.0160845588235292
23835,36,0.078791469194313
50623,18,0.0290262172284645
50789,0,0.0018575851393187
89790,42,0.3378378378378379
51263,36,0.0069885641677254
15069,35,-0.1562178828365877
45751,0,0.0697543596474778
34032,0,0.068586585827965
51829,0,0.0632411067193676
39538,31,0.1786879304095687
51925,0,0.0207547169811321
51960,15,-0.1779053084648493
43449,0,-0.0532396186783001
89915,36,0.0077836952068823
17478,0,0.0555163490943306
81061,0,-0.0332960616225617
52250,0,0.1509754028837999
17005,0,0.0060047623977637
22752,31,-0.0090783501085455
42796,0,0.0278893878515718
53074,52,-0.1348076923076923
87437,48,-0.1649484536082474
89857,35,0.021551724137931
53373,42,0.128448275862069
53640,0,0.0924290220820189
24010,0,0.0230943610087843
53859,0,-0.0337931034482759
54253,28,0.0203271028037383
22592,0,0.0388741721854304
24248,0,0.0022684310018903
54675,0,0.01906941266209
54704,0,0.4766355140186917
76591,36,-0.0803990610328637
42614,36,-0.0401775804661486
22779,0,0.1006440017972143
28345,35,-0.123916369199388
65365,0,0.0561896400351185
69550,0,-0.1446194723856518
59408,31,-0.1145685997171146
84372,36,0.0946579194001875
13303,12,0.2163461538461537
90377,0,-0.0176928520877565
55993,0,0.1412844036697247
78900,0,-0.059929276009678
25590,0,0.0077211559673506
52337,42,-0.0848082595870206
34497,0,0.0292072322670375
56945,20,-0.0233100233100231
64450,15,-0.0170357751277683
47466,0,-0.0491679273827534
60986,0,-0.01985559566787
21207,63,0.2940881763527052
34673,20,-0.2340862422997947
61815,20,-0.0886623416743898
64311,36,0.0378723404255318
28118,15,0.0382433284303422
44206,0,0.0092936802973977
38762,29,0.0223702998572108
23931,0,0.0345368916797488
58246,0,-0.043492268041237
24766,0,0.038690154544472
58318,15,-0.0008928571428571
58334,0,-0.0396535129932628
90458,0,0.0632163323782233
34817,18,0.0069106731507551
34833,0,-0.00014528548598
72611,0,-0.0523809523809524
58975,0,-0.1840472673559823
67029,0,0.1971830985915492
59089,0,-0.3460877042132416
23026,0,0.0124016938898969
24440,0,-0.0514677849790317
13610,42,-0.1050767414403778
60186,0,0.1373737373737373
91531,0,-0.0707945442736521
77157,20,0.1561051004636786
44230,0,0.2247324613555292
90531,20,-0.2614006514657979
22509,0,0.0148233809924305
60506,0,0.0495210923170981
13688,0,0.033145146603533
86136,0,0.0185751978891821
61146,0,-0.0068728522336769
61269,0,0.0304942166140902
58675,12,0.1386861313868612
41355,0,0.0415808974886784
61496,0,0.2643776824034334
22517,0,-0.0019965772960639
13856,0,-0.0149043303121852
50550,4,0.011355034065102
62341,0,-0.118867592755407
62368,0,0.0357142857142855
21936,0,-0.0268940636274187
21776,0,0.0649306729793708
52898,0,-0.0304471931493816
13901,0,0.0075274095892652
13928,20,-0.1343398157625384
62958,0,0.0404599143406434
63125,18,0.0555555555555553
89968,31,0.2455882352941176
24459,0,-0.0745658835546474
80185,0,-0.1635065804149007
63715,0,0.0571086261980831
18163,0,-0.0171379605826905
55511,0,0.0162368672397326
23712,0,0.0329297820823244
64929,0,0.0373283562191706
64961,0,0.1861174675819985
65008,63,-0.1005291005291005
87043,35,0.0732323232323233
27756,18,0.2148111819519371
65270,0,0.1871227364185113
69649,18,0.0006847751654872
66683,0,0.0882117080994386
65700,0,-0.0325632162997998
24942,52,-0.0342327640180316
58771,45,-0.0289983988614126
76711,0,-0.040829986613119
76282,0,0.1900578034682081
66617,20,0.0298165137614678
80294,0,0.0132075471698114
84381,0,0.0891493146384849
35991,0,0.1253423214661893
36003,0,-0.000725952813067
45495,0,0.0529644268774702
67847,0,0.5565626049009735
27633,0,0.0667669738574383
68196,0,-0.0272680937818552
54199,0,0.1122699386503065
41320,0,0.1266666666666664
68591,0,0.0157018539538402
23085,0,0.0328832406671961
36281,0,0.0166840458811261
88518,7,-0.143939393939394
85926,0,0.1283000246730816
41574,0,-0.064
51625,0,-0.027697395618024
50243,0,-0.0220436644288205
88742,0,0.051348999129678
36468,0,0.0580044588727657
49138,35,0.0709677419354839
70704,42,0.4878048780487805
65402,0,0.0075876879026486
60206,52,-0.1045432037633078
71176,0,0.1060491014932929
26614,20,0.0237329042638776
63335,12,0.0
15720,0,0.1029126213592233
71475,63,-0.0658590308370045
18411,0,-0.0151267375306622
58683,48,0.1150983519404573
66093,0,0.0246810870770937
63765,0,-0.3498312710911136
71942,0,-0.0450777202072539
71985,0,0.2379310344827585
17523,31,-0.1616102683780631
72304,0,-0.0459418070444104
39220,0,-0.1929777539533638
43481,0,-0.024785378011631
43350,0,-0.0034979860080559
18438,36,-0.0207684319833854
72726,0,-0.0170464740714156
36898,28,0.104982206405694
72980,0,-0.048223350253807
73139,0,0.0073625819465454
73219,0,0.194732370433305
52396,0,0.0727865290602933
47861,0,-0.0044868199663488
43334,20,0.1304964539007092
52038,0,0.108515448379804
37161,0,0.0129056047197639
74406,0,-0.246885617214043
74836,42,-0.0968858131487889
74908,0,-0.4705714285714285
57007,36,-0.1002044989775049
43123,12,0.4296375266524519
44329,0,0.0525463188149457
63773,0,0.1522207848210435
75460,0,-0.1399002032895953
84375,0,0.1913111750850562
51369,0,-0.018013381369017
37284,0,-0.0753008595988538
15579,0,0.0017003589646704
23579,0,-0.0020455873758036
62092,0,-0.0217325458125094
50606,0,0.0828625235404896
93423,0,0.0117366222399044
14795,60,0.1235404896421845
14816,0,0.0152346130408287
62308,18,-0.0574162679425838
76639,0,0.0851593625498008
76946,0,-0.0450819672131147
55001,0,-0.2605042016806723
92583,0,0.1725490196078434
59600,20,-0.2403846153846154
45356,0,0.0229717941261995
76185,13,-0.2339233413981918
77730,0,0.2134557721139429
91103,0,0.1859983429991714
17929,18,0.0870588235294118
79244,0,0.1906092789267748
77973,0,-0.0904669260700389
78044,0,-0.0611646418098031
24985,0,0.0451914514692788
48725,4,0.0952777777777778
63781,12,-0.4860977948226269
78749,31,0.1206810215322984
92655,52,0.0342132684960054
78829,18,0.0471215351812366
87447,0,0.0359442060085837
78960,12,0.3432835820895523
79039,0,0.4015686274509804
79303,0,-0.0130609511051573
17830,36,0.1018360132284184
79338,0,0.4375
67360,0,0.0149677419354838
59619,0,-0.036701860231272
16555,0,-0.0045678786771423
79573,0,0.0269607843137256
79637,0,-0.0201526988636363
79776,0,0.0510910058541778
43553,15,0.0400958466453673
79864,0,0.0451666666666665
80128,36,0.0606060606060605
27043,0,0.0141319849604564
81116,0,-0.0048283261802575
61700,42,-0.3939393939393939
57808,0,0.0331588132635252
15202,0,0.1171201814058957
21231,0,0.0209612217397812
53225,0,0.0070560358167075
24969,5,0.0207939508506616
46068,0,0.1321906129408596
42059,0,0.0248645987198425
63829,0,-0.0078634014828128
79066,0,-0.1615067079463363
62498,0,0.0838867528836071
66384,0,-0.0927469779074613
59467,0,0.1021505376344087
38033,0,0.0156716417910447
39917,36,0.0144474814525576
92872,31,0.172150411280846
25419,0,0.155740828930724
38156,35,-0.1715025906735751
58819,0,0.0399449035812671
42286,0,0.1194559432288586
84403,0,0.0164537778739988
27983,0,-0.0143589743589743
63079,12,-0.2859370127845337
59483,0,-0.2214700193423596
88857,0,0.0416197975253094
38295,0,-0.0411861614497528
84129,45,-0.0599647266313932
88285,12,0.2204827136333986
90756,36,0.0476768903735196
72996,36,-0.1344889420203228
87426,0,0.0486062717770034
86191,63,-0.0182926829268291
88664,52,0.0130574033013055
15318,0,-0.01994301994302
71563,18,-0.0153092467850581
80072,45,0.0227272727272727
85586,0,-0.0143784786641928
35917,0,-0.0418818129661503
70332,20,-0.0291634689178817
90537,35,0.0693196405648266
10116,0,0.1675675675675676
10147,0,0.0549051271699636
10028,7,0.4999999999999998
69032,31,-0.0455950540958268
10138,0,-0.0259337561663143
10107,0,-0.0764204029769468
10200,13,0.1616252821670429
10302,42,0.0152671755725191
10299,0,0.0208284577580155
10363,63,0.1470973374072457
10333,7,-0.2475247524752475
10382,0,0.1643431635388741
10397,0,0.0993788819875778
10257,13,-0.1479452054794521
10463,15,0.0792540792540792
70033,0,0.07925
10421,0,0.2017310252996005
91204,0,-0.0210959608952919
10530,0,0.0467532467532467
79698,0,-0.0624644441916031
10606,28,0.0466815506393343
10550,0,0.3766233766233766
79785,52,-0.0084797092671108
75070,0,0.2017971758664953
10547,0,-0.0182432432432433
68857,0,0.0194296458790348
76123,4,-0.0439974858579509
79903,20,-0.0964912280701755
10667,35,0.1534526854219948
10355,0,0.0118948680656554
10661,15,-0.1097804391217565
45225,0,0.092436974789916
10693,0,-0.015646828723107
10649,0,0.1060782036391794
79909,31,-0.0195312500000001
75517,0,-0.0226460071513708
10696,0,0.0113155668358713
89386,0,-0.0108205590622181
44813,63,0.2087450073575782
87656,0,-0.1417624521072795
89891,0,-0.1409090909090909
71175,0,-0.003840782122905
93179,0,0.1023444544634806
75224,0,0.0307837074875656
35124,0,-0.0310924369747899
71191,42,-0.0346153846153847
22323,42,0.1388888888888888
10026,5,0.0260233376551213
10812,18,0.0728862973760933
10909,31,-0.1198069298396827
88779,42,-0.0110619469026548
90441,0,0.0018539117538005
75222,35,0.1098717233686559
10860,31,0.2266910420475321
10443,31,0.1179183135704873
10032,0,0.0412017167381972
85570,29,-0.1279279279279279
11701,0,-0.1206986444212722
10001,0,-0.0552884615384615
75215,15,0.1252505010020039
77453,0,-0.1145028335909325
11292,0,0.0136286201022146
64390,0,0.0214400000000001
65294,31,0.0585160202360877
12173,0,0.0535320088300219
11378,18,-0.1340333539221743
11403,5,0.1017382413087935
85991,52,-0.0053267772997337
11481,13,0.0852872215709261
75470,0,0.0247897299690127
11552,31,0.0050837320574164
75107,13,-0.062346185397867
11547,28,0.0757985923118571
89048,0,-0.0441176470588234
91954,12,0.263157894736842
11600,0,0.0351502801833927
75104,0,0.0176076555023922
11043,0,0.3493077742279018
11654,48,0.5572327044025158
11638,0,-0.2276693637950182
11641,0,-0.0670261941448382
11394,12,-0.1301450411603293
75526,0,-0.0125523012552302
11533,52,0.0413309615988282
11707,13,0.1134526558891455
11775,0,0.02
75233,0,-0.0038593481989708
75186,0,-0.0188014101057579
11809,36,-0.0385917400135409
11731,0,0.0795990566037734
11825,0,0.0868571428571427
11803,0,0.1939953810623556
75261,35,0.07
37217,0,-0.0512402088772846
75272,0,-0.0126050420168066
88197,0,-0.0186770428015564
85789,0,-0.0459770114942527
11618,31,0.1166173570019724
11896,0,0.0137724550898203
12448,0,-0.0949999999999999
84769,0,0.0706072221101472
10180,0,0.0230858022316275
11884,0,-0.0573556797020484
75182,0,0.1905471289274105
75241,0,-0.027591770875353
75320,0,0.0998937300743889
75285,0,0.0142763588736083
10901,0,-0.0016184971098266
75316,0,-0.0315027671349509
11891,0,-0.0572709163346613
11955,0,0.0547686496694994
84176,0,-0.0906217070600631
11752,0,0.0552884615384614
81774,7,0.6586956521739131
12149,0,-0.0566750629722921
12248,0,0.0400076923076921
75573,0,-0.0135922330097087
84387,0,0.0507848568790396
17743,0,0.0269192422731805
12226,13,0.0451295799821269
78664,12,0.3320848938826466
12062,0,-0.0223408989764128
12190,35,-0.1325906612941455
80926,63,-0.0686131386861313
12209,0,-0.1193447737909517
11992,0,0.0618330194601379
36346,0,0.0076108537392456
85269,52,-0.1147782525416237
92029,60,-0.0433776749566223
75591,0,0.0365466832161081
76573,36,0.0302554027504911
10375,45,-0.0557868442964196
75694,0,0.0380940863465957
63467,0,0.068099173553719
75649,0,0.0456968773800456
75654,15,0.1475968992248062
12073,28,0.0167014613778706
75603,0,0.0146889400921659
93101,0,-0.0238851969565636
75825,20,-0.0884257955505491
75853,10,-0.111358574610245
75854,31,0.3024691358024691
15070,0,-0.0490552325581394
75556,0,-0.0561904761904761
86124,18,-0.0419367136866184
11628,0,-0.0486873508353221
75831,18,-0.0690789473684209
11748,0,-0.0788623141564318
75828,13,-0.004725385390038
11348,0,-0.0259259259259259
23799,0,0.0833333333333332
11285,0,-0.0138666666666668
11442,0,-0.0087719298245614
86896,0,-0.0162061636556853
11018,20,0.0307692307692308
87952,0,0.009749894022891
10252,0,-0.0549113979435571
90086,28,-0.0072140158021298
12189,0,-0.0451995772701406
11208,20,0.0355871886120997
52936,0,0.1324574628472969
56710,0,-0.0019946808510638
10297,18,0.0647743813682679
12068,45,-0.0941558441558442
75860,42,-0.1425206124852768
11786,0,-0.1230754046585077
75509,0,-0.1343336906037869
81577,0,-0.0074941451990632
10932,0,0.0132649984926136
11293,0,-0.0258442453480358
11750,0,-0.0243902439024389
12480,0,0.0037157454714351
11593,0,-0.0180831826401447
69586,0,0.0
35685,18,0.0481249999999999
76038,0,-0.1306532663316583
89207,0,0.0879917184265008
10308,0,0.0080328454123526
77519,18,0.049090909090909
92807,0,-0.016025641025641
83469,0,-0.067964368195315
86814,0,0.0156
92716,0,-0.0240467193404327
86384,0,-0.0252886201209455
10781,0,0.0012484394506866
84725,0,-0.0200685266764562
83642,0,-0.0727600721587492
80517,15,0.019108280254777
91937,48,-0.0759651307596512
87759,15,0.0510114335971856
10232,0,-0.0204194260485651
90534,28,-0.0124069478908188
12166,0,-0.0218446601941747
10629,28,0.0190871369294605
91893,42,-0.1588785046728972
10913,0,-0.0474249722119302
89875,0,0.0328022492970947
77643,0,-0.0160366552119129
77379,18,-0.0030257186081692
10253,0,0.1046425939572588
11006,18,-0.040992077161557
86382,0,0.0282148670645685
12698,0,0.0370370370370369
77889,0,0.0702479338842974
11565,0,-0.0572652902220491
75714,0,-0.0190713101160863
81620,36,0.0033975084937711
76908,63,0.1630434782608696
75912,18,0.0439040864572779
85299,0,-0.0246631651061886
93191,7,0.1607142857142856
89738,13,0.0012254901960784
77415,0,-0.0038610038610037
47723,29,-0.0301204819277108
83155,0,-0.0305596211795092
79851,13,-0.0590717299578058
89211,18,-0.0160142348754449
11844,28,-0.032146957520092
89141,0,-0.1353781068217873
76266,0,-0.0331403926909544
91855,0,-0.0704129993229519
85726,0,0.1024546424759873
75906,0,-0.0529367280060499
77236,20,0.0769230769230768
77528,0,-0.0662717512032581
79747,0,-0.0091423595994775
89828,0,-0.029979674796748
11397,0,-0.0598073998986314
84516,0,0.0176678445229681
77300,0,0.0049504950495047
76215,35,0.3102409638554215
76082,20,-0.0298795180722891
76095,0,0.0203299941072483
84184,0,-0.1877110060769751
76963,35,-0.1440355329949239
76127,0,-0.1857835218093699
76128,0,-0.0119047619047618
92897,42,0.096
76135,5,0.0730002588661662
78981,0,0.0311792370667132
76138,15,0.0783683559950554
76868,0,0.1518810961449139
88965,0,-0.1312056737588651
89655,15,0.0256048387096774
76392,0,0.1365558912386706
85875,18,-0.0275981026304441
76544,31,0.0101382488479264
83671,0,0.004816112084063
12622,0,-0.0053176200057488
76201,0,-0.0606723692062861
87053,63,0.0493827160493827
76207,35,0.4199837530463037
76360,0,0.0192307692307691
89369,13,-0.0137201097608781
90053,15,-0.0174563591022443
77486,20,0.2734161229214902
76330,0,-0.1365461847389559
76230,0,0.2058061171591498
76461,42,0.4961240310077519
89948,29,-0.0509164969450102
11644,7,-0.5371428571428571
76261,0,-0.0900409276944066
76224,0,0.0309523809523808
77256,0,-0.066726780883679
76279,0,-0.0300632911392405
76478,28,0.0365959918675573
90608,13,-0.0765957446808511
79037,0,0.0685393258426967
78071,35,-0.0499573014517505
76529,0,0.0463003028991777
76515,36,-0.0148514851485148
76504,0,-0.0467857142857142
91902,36,-0.0374999999999999
88284,20,-0.2960893854748604
76582,0,0.1678983833718246
76613,12,5.890420093354079
76614,48,-0.0858625770668189
76978,63,0.0410256410256408
76644,0,0.3028571428571427
76888,35,-0.2105263157894735
76837,36,0.0139064475347661
76661,63,-0.1122527613665552
76686,0,-0.0016694490818029
76695,0,0.068041237113402
76856,36,0.187887323943662
76709,0,0.043056743655546
76934,0,0.0358565737051794
76712,36,0.0315789473684211
76721,63,-0.0905304690925031
76684,36,-0.0371452420701169
76732,0,0.0771314178049928
91403,0,-0.0145356315924877
76736,0,0.0081224617307094
88031,13,-0.0705769088350737
76744,0,-0.0579614325068871
76750,0,0.0398479087452472
76788,0,-0.1045918367346939
76795,31,0.0228476821192054
76869,0,-0.0857142857142856
76798,12,-0.0460526315789474
76892,36,-0.0227954409118176
81564,0,-0.0035527690700104
76841,0,-0.0499523547938182
89213,0,-0.0046811000585137
77235,0,-0.1066666666666665
77037,0,0.1774575962064564
77202,12,-0.0459770114942529
77090,0,-0.0655929341472918
77117,0,0.0605786618444845
77114,0,0.2691776088458879
77217,0,-0.0125
77165,13,0.1601933655609266
77191,0,0.0392600981502455
77175,13,0.0925039872408293
77178,0,0.1202029113365681
77259,20,-0.2087912087912088
90464,0,-0.0161021654636314
77271,0,0.1767634854771782
77274,0,0.0512048192771084
77279,0,-0.0994259471871411
77282,0,-0.21875
77281,0,0.0682360968952575
77338,0,-0.0440599419365855
77366,0,0.0206659012629162
77393,20,-0.0495867768595041
92871,0,0.0432954545454544
77413,0,0.2415519399249062
77418,0,-0.0601930721181146
77425,63,-0.0241187384044527
77437,12,0.2257142857142857
77447,0,-0.0451948051948051
77496,0,0.080043266630611
77768,0,0.0179
77505,15,-0.0242085661080074
77515,0,-0.0103626943005181
77520,28,0.0147631740824276
83738,28,-0.0204322200392926
77610,0,-0.0268839103869653
77605,0,-0.031374786081004
77649,0,-0.0710571923743501
77629,0,-0.0089931573802541
77630,35,0.2214111922141117
77660,0,0.1011957922890145
77661,0,-0.0287168302435478
77668,0,-0.0207318770001392
89810,0,0.085387323943662
84776,20,-0.2670648464163823
77702,63,-0.0421260490373539
87505,0,-0.0384504191962996
90352,42,-0.1486486486486486
77763,35,-0.0029097963142581
77780,0,0.0326167531504817
77785,0,-0.0287557108304219
77868,0,-0.1924242424242424
77892,0,-0.0618556701030926
77900,15,0.0102739726027396
77902,0,0.0331262939958592
77918,5,0.1150147203140332
77917,0,-0.1459249676584735
77971,0,-0.0427742870952151
78001,35,0.2432432432432432
78018,63,-0.0112612612612613
78015,36,0.2398145889241278
78186,0,-0.0957446808510638
78054,12,0.2715654952076678
78077,0,-0.0164905952074208
78068,0,0.0583333333333333
78066,0,0.1921686746987954
78091,63,0.2446043165467626
78081,13,-0.0769230769230768
91402,35,0.2442936458975941
78179,0,0.0431034482758621
78189,0,0.002659574468085
78172,0,0.7388451443569553
78170,12,-0.3533619456366238
78211,13,0.0416221985058697
78137,20,0.0517278852423386
78156,0,0.0929460580912862
78213,0,-0.1101243339253996
78840,18,-0.1447824412783981
91128,0,-0.1878172588832487
88944,0,-0.0242587601078166
78841,12,-0.2482269503546098
86889,13,-0.1329568788501026
78908,0,0.0569329660238751
79033,0,-0.1045096635647815
78875,15,0.1323581876560826
78876,0,0.0895218718209562
78916,13,0.0199697647916803
79019,0,-0.0176991150442475
79065,42,0.0555555555555555
79006,7,0.1788888888888888
48653,0,0.0871061543771825
78955,31,0.0774647887323944
78950,5,-0.0214972656986611
78987,0,-0.0071412631109127
79072,0,0.0100107257776189
79089,42,0.4389570552147237
79108,0,0.0992529348986128
79131,20,-0.1105331599479844
79116,0,-0.0278322226577812
79133,5,0.0111111111111108
79103,48,-0.0022229974021845
88597,18,-0.0055432372505542
79150,0,0.1996278575225945
79166,0,0.0034569453174104
79198,12,0.6900000000000002
79159,12,-0.1484284051222351
79237,0,-0.1698656429942417
90783,35,0.0898203592814372
79323,0,0.047194719471947
79299,15,0.2178010471204188
79248,0,0.042239440139965
79249,0,-0.1079908092928262
79336,0,0.0393749999999999
79265,0,0.0588235294117647
79313,0,0.026252983293556
79444,7,-0.4967532467532467
18649,0,-0.0051020408163264
79382,0,0.0066786539943488
79399,20,-0.0344827586206896
79666,0,-0.0746666666666666
79507,0,-0.0280193236714975
79499,36,-0.0456431535269711
79545,20,0.1130790190735695
79490,15,-0.0264255910987483
88568,31,0.3377192982456141
79491,0,0.0269181856718949
79564,0,-0.0620337652139771
85913,10,0.1121083550913839
79628,15,0.0054536440257808
79668,0,0.2820692883895133
79731,0,-0.0235191637630661
79758,0,-0.0275126333520493
79686,31,0.1435503437120906
79734,0,-0.0138888888888889
79824,36,0.0111026033690657
79857,0,0.0806675938803893
79906,13,0.0416666666666667
79790,13,-0.1526351813826145
79862,0,0.1636064030131827
79839,18,0.20873786407767
79791,0,-0.004437869822485
79878,0,0.1136594571055304
79915,15,-0.0632954936360509
79841,0,-0.0565338276181649
80223,18,0.0202898550724639
79879,20,0.306
79796,0,-0.015862524785195
79884,0,-0.0108827085852478
79859,0,-0.0226098191214469
79885,0,-0.010165073848827
80034,0,0.0901207804273769
80080,18,0.0480313674236236
80007,0,-0.0949820788530464
80050,0,0.0323027226580525
84723,63,0.1896838602329451
80054,0,0.0454702032380296
80167,4,0.0162177020340845
80113,0,0.1297229219143576
80112,0,-0.0074074074074074
80236,0,-0.0982236154649947
80204,0,0.1356903965599618
80254,0,0.108796296296296
80191,31,0.0680091185410334
80193,42,-0.143859649122807
80237,63,0.3526570048309179
80266,0,0.0054602184087364
21186,31,-0.0428004535147391
80306,63,-0.7144906743185079
13006,0,0.0328068043742404
80375,0,0.1477516059957173
80343,0,0.0462046204620463
80316,0,-0.3846153846153846
80362,0,0.1915232632249841
80368,42,0.0241443353674715
80341,13,0.0037823683444866
80336,0,-0.0096230954290297
80357,0,0.0478260869565219
80303,0,0.4019607843137254
80485,12,0.0297029702970297
82541,20,-0.0562700964630225
80415,15,0.1285020545386628
80478,31,-0.0088421052631579
80539,0,-0.1810850439882698
46392,10,0.0644973852411388
80587,0,-0.0165184243964421
80524,35,-0.0379008746355685
80534,12,-0.123801669930935
80498,0,-0.0670584168683028
80563,63,-0.0205237084217976
80575,0,0.0401471038921237
80625,0,-0.0243161094224924
89099,63,-0.2688172043010752
80633,0,-0.0373263888888888
80759,0,-0.0508916048887998
80774,28,-0.0182555780933062
80828,0,-0.0991158678455095
80791,31,0.0302863436123348
80795,13,0.0276923076923076
80812,13,0.1906542056074767
80837,0,-0.0734265734265734
80928,20,0.0022246941045604
80924,0,0.0054054054054053
80955,0,-0.0042857142857143
80864,0,0.0693712680014051
80918,0,0.0876494023904383
80951,36,0.0593220338983051
81010,12,0.156441717791411
80960,12,0.71875
80957,31,0.0163378545006165
80969,13,0.1346646185355862
80990,0,-0.0512658227848101
81084,63,0.0942760942760942
81095,28,0.0015910898965791
50972,0,0.0233990147783251
81055,0,0.001676318195672
81182,31,0.0096906187624752
81184,12,0.1652046783625731
81173,0,0.2809160305343512
81128,0,0.084870848708487
88379,0,0.027258960121151
90359,0,-0.0571428571428571
88865,0,-0.0400921658986175
85205,0,-0.0163934426229508
81220,0,0.1045281421921286
81241,18,0.0230849947534104
81254,0,-0.0943597020219936
81292,18,-0.0344462109167992
81282,0,0.0424581005586592
81278,0,0.0723368772149259
81501,0,0.012280701754386
82162,7,0.1251136363636362
87532,0,-0.0736648250460404
81540,0,-0.0328271549799017
81566,63,-0.0836363636363637
81541,0,-0.019280205655527
81560,0,-0.0066225165562913
90470,0,-0.0628502802241793
81588,0,-0.0750050271465916
81565,0,-0.0291262135922329
81584,5,0.0495049504950495
87476,0,-0.0855872545387179
81624,42,-0.1132075471698114
81621,20,0.0151515151515151
81705,0,0.1213250517598343
81736,0,0.0037037037037035
85332,0,-0.0463976945244956
13008,31,-0.1139641224059092
81740,0,-0.0645454545454544
81761,35,-0.128659793814433
81696,18,-0.0236171535114978
81666,13,0.2218119852314684
81728,13,0.562406015037594
81665,0,0.0364705882352942
81677,45,0.1039874902267394
88719,0,0.0038986354775829
89611,12,-0.1550802139037433
81893,0,-0.0750684931506849
82251,0,-0.0377115526122148
81869,0,0.0236966824644551
82171,31,0.1473087818696885
91262,0,-0.0141573645521371
82212,0,-0.2852017937219732
82179,0,-0.0014646053702197
82176,18,-0.0350058343057176
82234,0,-0.0810810810810811
82281,0,0.1908831908831907
82272,0,-0.0348401957961415
82266,0,-0.2099792099792099
82287,48,0.0766692053820765
82261,0,0.0412621359223301
82508,0,-0.1018732358224274
82298,20,0.0763851533082302
82518,36,0.0677146311970979
82515,0,-0.0500591715976331
82521,31,-0.0444444444444445
82307,18,-0.0171334922526817
82575,0,-0.0431325301204819
82567,63,0.1567164179104478
82581,0,0.0925118858954041
82621,63,-0.0351441436173323
82649,0,-0.2804761904761905
82552,15,-0.0360480640854473
82643,36,0.0996100673520028
82547,0,0.0623219373219372
82642,0,0.0713196480938416
82651,5,-0.0074251299397738
86042,0,0.1033187226048841
82634,0,0.0494281729428174
82573,0,-0.0613636363636364
82587,36,0.0044742729306488
82607,0,-0.0823952470293933
82599,35,0.0762800417972833
82762,20,0.0181818181818183
82779,13,-0.1533980582524271
82686,0,0.0026965654271928
82759,0,0.1066364152013614
89736,0,-0.018363939899833
82670,0,0.0195838433292534
82768,12,0.3235294117647058
82775,0,0.0482827277252364
82702,0,-0.1275687216439819
82699,35,-0.2249999999999999
82747,42,0.064
82800,0,-0.0763888888888889
82812,0,0.0467364490966064
83875,12,0.5304347826086957
86122,63,-0.0517146322637557
86098,20,-0.0214592274678112
87832,15,0.0060606060606061
88177,35,-0.054054054054054
84825,0,-0.0355125100887814
90710,0,-0.0318181818181819
83145,0,0.0581516095534786
87471,12,-0.258160237388724
91910,0,0.2329192546583851
83149,13,-0.2636986301369863
83120,0,-0.0314685314685315
84397,0,-0.1170858629661751
37381,63,0.1349206349206348
83111,63,-0.035153774765557
83124,0,0.0864338866628506
82859,0,0.1772620248906828
83303,0,-0.0181818181818181
83143,0,0.0668119099491648
83272,18,0.21168362323597
83291,63,-0.0472972972972973
83304,0,-0.0473684210526315
83244,0,0.5148305084745763
83390,45,-0.0538860103626942
86080,12,-0.0211764705882353
83411,20,-0.0729613733905578
83435,15,0.0772619451033547
84215,0,0.0113960113960114
83414,0,-0.0233082706766917
83421,0,-0.0345345345345345
83366,12,0.2078549848942597
83382,13,0.1234748657881894
83405,0,0.0215897939156035
83422,0,0.0349864130434782
83520,31,-0.0281879194630872
83504,31,0.0384180790960451
83509,18,-0.0289170846857481
83462,0,0.0760284298944649
83565,29,0.2095808383233532
83503,0,-0.0679660169915044
93312,0,-0.0933271115258983
86091,0,0.0395028850421659
83690,0,-0.0788072417465388
83651,42,-0.2685185185185185
89202,0,-0.040604343720491
83621,0,-0.0586234266923687
83622,0,-0.1470506784824148
83633,20,0.2089761570827488
83630,29,0.0050083472454089
83661,0,0.1440096813231142
83602,7,0.0331070620459688
83683,0,0.0028604118993136
90082,0,0.1333333333333333
83774,0,-0.041196388261851
83779,0,0.0361702127659575
91050,7,-0.2879256965944272
83799,0,-0.1547106199662857
83734,0,-0.0346845425867508
83756,0,-0.2098360655737704
83916,0,0.0370647697491575
83879,0,0.0181785777936196
83844,29,0.3581081081081079
83856,0,-0.071203244704822
83883,0,0.2067039106145252
83862,0,-0.0042444821731747
83910,31,-0.0633893919793014
83906,0,-0.0533444121312836
83885,13,0.0387323943661972
83903,0,-0.0095328884652049
83827,0,-0.0267737617135207
83831,0,-0.0082960413080894
83969,0,0.1225296442687746
92530,36,-0.1796211626387981
88436,0,-0.2462592392284117
83950,20,-0.0887096774193548
83961,0,-0.1235778736759513
83965,0,-0.0898587933247754
84030,0,-0.0963172804532577
88905,0,-0.2195121951219512
84026,0,0.0045045045045044
84103,0,-0.0386320455984799
89425,0,-0.0244444444444444
84062,0,0.0277453951970154
84636,0,0.0097410311237822
84042,15,0.2024226968441185
84010,0,-0.1117415287628054
84041,20,0.1945098039215687
84032,20,-0.1004917025199754
84168,0,0.2695035460992907
84203,20,-0.126126126126126
84234,0,-0.2071586949635729
84172,4,-0.036650868878357
84262,0,-0.0087193460490463
84210,18,-0.0265874257116045
84348,0,0.1681600000000001
84325,20,0.0889679715302491
84365,36,0.0309541150764747
84342,0,-0.4028056112224449
84302,35,-0.1333333333333333
84373,0,0.013095781940003
84319,0,0.2109181141439207
93131,0,-0.0241928418558274
86440,0,-0.0708215297450425
85176,35,-0.1332908163265306
88984,0,-0.074856046065259
84438,0,0.1696779261586802
84385,0,0.0569775205875806
84413,0,-0.0976058931860035
84511,63,-0.0426540284360188
84531,0,0.0926517571884983
84563,0,-0.0310194817476829
84624,63,0.1706063720452209
84604,42,-0.5699206349206349
84606,13,-0.1783878651121974
84389,0,-0.0658189977561704
84597,0,0.0362581580855692
84737,20,0.021788990825688
84749,0,-0.0167664670658681
84761,13,0.0371757925072044
84607,0,-0.1204620462046204
84656,0,0.0335668417980152
84734,0,0.0294906166219839
84780,0,0.0408719346049046
84827,0,0.0645424836601307
84788,13,-0.0587393185689948
85079,0,-0.0168514412416851
85035,0,0.1383838383838382
85072,0,-0.1932444444444444
85067,0,-0.0786958965711073
85013,0,-0.025
85077,42,0.1147132169576059
85020,0,0.0009741841207988
85059,0,-0.0102328863796753
85168,12,-0.0322580645161291
92245,12,-0.3349999999999999
85187,13,-0.1284796573875802
85177,48,-0.0740445859872611
85173,0,-0.0772189349112425
87364,35,0.2558139534883721
89022,15,-0.0313901345291479
85198,0,-0.14659449706811
85246,0,-0.2746588971006254
89038,0,-0.0180360721442885
85280,29,-0.207519351271655
86818,0,-0.0002957704821059
85320,42,-0.0625
85319,15,-0.0342205323193917
89898,7,8.53271028037383
85349,36,0.0878477306002927
90012,0,-0.0843507214206437
85348,31,0.0013817880337154
85372,0,0.2485391507596415
91908,0,-0.0413080895008605
93295,0,0.0076809764309764
89270,0,-0.0453047775947281
90875,0,-0.1608455882352941
85418,0,-0.0752918751489157
85502,63,0.1526315789473684
85440,0,0.0645446507515472
85488,36,0.1012404232032104
88635,0,0.0701125895598773
85517,0,0.1854986276303751
87139,0,-0.0209858467545144
85424,0,-0.0748635743519782
87114,0,0.0098434004474272
85464,0,-0.0033613445378152
89615,13,-0.093134328358209
87837,0,-0.0085106382978723
85427,0,0.0393289841565702
85419,18,-0.0681942171303873
85540,0,-0.031936127744511
85621,0,0.0065845930450825
85627,15,0.1185747663551399
85539,20,-0.1157894736842105
85571,0,0.0575539568345324
85798,52,0.0312499999999997
85593,0,0.0335345405767941
85567,35,0.0333024976873264
85576,20,0.0773480662983425
85522,36,0.0395683453237412
85526,31,-0.2341772151898734
93285,7,1.102941176470588
85686,0,-0.0039113428943937
85725,0,0.0491503267973856
85675,62,-0.0702281732477114
85645,0,0.0049642573471009
85710,0,-0.0275832802885636
85663,15,0.0763932373199749
85728,0,0.0104011887072807
85883,18,-0.0414265129682998
92878,0,0.0096153846153845
89938,0,0.021788990825688
92557,0,0.0197368421052632
92320,0,0.0716763005780345
85731,0,-0.0369961347321921
85751,0,-0.0120096076861488
85656,0,-0.0360128617363344
88183,0,-0.0172043010752688
85744,42,0.5335463258785942
85753,0,0.1175925925925926
85768,13,0.0505297473512633
85724,42,-0.125
85738,0,-0.144054478784704
85792,0,0.0850267379679143
85839,0,0.0354430379746835
85966,0,-0.0848549946294308
85886,0,0.0974745237040319
85889,0,-0.0646616541353383
88384,0,-0.0269953051643192
85931,4,-0.1465014577259474
85903,0,0.0643564356435644
88203,0,-0.1129032258064516
86102,0,0.0347963621984974
86111,0,-0.0226839092643629
87014,5,0.0313186813186814
85860,0,-0.0582437275985663
85863,0,0.0786516853932584
87488,0,-0.032258064516129
32687,0,0.1710173212978776
85829,31,0.0261551874455099
87501,0,0.0409556313993173
87508,0,0.0055944055944054
88820,0,-0.2309833024118739
13121,35,-0.0434782608695653
88951,0,0.0671912832929781
85939,15,0.3061946902654866
85951,13,0.0513501549358124
90603,52,-0.1215384615384614
85953,4,0.016949152542373
86302,0,-0.0489296636085627
87614,0,-0.1079393398751116
85994,0,-0.0561797752808987
89821,0,-0.1266149870801032
85992,0,-0.0414570685169124
85972,36,0.0585077831454643
86047,0,-0.1758957654723126
89681,0,-0.0583196876180878
90331,13,-0.0397350993377483
90544,0,0.0946058091286305
86062,0,0.0357815442561206
86026,5,-0.1293881644934804
86021,0,0.0040225950017116
86083,0,-0.2592592592592593
86051,31,0.0
86113,0,0.0755232558139535
86048,13,-0.0589031821259309
86196,0,-0.0220350167966748
86128,0,0.0490833826138379
88341,0,-0.0346858638743454
86211,0,-0.0673583599419372
89279,0,0.0405305821665438
86150,12,0.1913516312791301
87318,0,-0.0296359017781541
86157,0,-0.0127388535031847
92919,0,0.0138328530259363
86158,0,-0.0999842047069974
87067,0,-0.0130821559392988
88836,7,-0.1071428571428572
86155,12,-0.0468928707586732
86178,0,-0.0314083080040525
86288,0,0.0096367679762787
90221,0,0.0084889643463499
86228,5,0.045766590389016
88257,4,-0.0185387131952017
89643,0,-0.01193139448173
86299,0,-0.0375203915171288
86250,0,0.0099632931305715
86287,0,-0.041183077499064
86260,13,-0.108695652173913
92935,0,-0.1229508196721311
86728,0,0.0318181818181817
86312,0,0.0853947814300237
87160,0,-0.0027855153203342
86305,5,0.0548281505728314
86339,0,0.0034802784222738
88850,0,0.0071428571428571
86362,0,-0.0544844928751048
86356,0,0.0144927536231884
88940,0,-0.1158526691546324
86868,0,-0.0744615003713791
87658,0,0.3529411764705881
89109,0,-0.0238095238095238
91431,0,-0.0718232044198895
90914,0,0.0851105458814323
86435,13,-0.0339531123686337
86432,36,-0.0459905660377357
12380,63,0.0423825887743412
86489,31,-0.1500474833808167
86544,20,-0.287369640787949
86526,0,-0.0145985401459853
87069,0,0.1415844734330258
86573,0,0.0936855138258356
86578,13,0.0381143430290871
90591,0,-0.0232476224022543
87342,63,-0.0954653937947495
86547,15,0.1404056162246489
91608,0,0.0051094890510949
86560,0,0.0896091515729264
86719,0,-0.0755706354102406
86709,0,-0.096813725490196
86720,18,-0.0798575788402847
90590,5,-0.0405234276065851
86763,13,0.0520547945205478
86778,5,-0.0716704288939051
86783,10,0.1880240717022281
86810,31,0.1466986155484557
86820,28,0.0244498777506112
86822,0,0.0217391304347827
86819,63,0.0197368421052632
86827,0,-0.1088770864946889
86799,0,0.0869017632241813
86899,5,-0.1064622438744806
86916,0,-0.1869240348692403
92318,0,-0.085998951232302
86924,4,-0.3281679389312977
86876,0,0.0908865775136205
12835,0,-0.3304195804195804
12588,13,0.1818381706244503
86946,63,0.0096096096096094
86964,0,0.0254851780763489
86949,0,0.1677899964526428
88368,0,-0.007163323782235
86996,0,-0.044218372280419
87006,0,-0.0100665692482546
86989,13,-0.0250783699059561
87000,13,0.2633766787465359
86965,0,-0.0338797814207649
86979,0,0.0466101694915253
87016,0,0.0822942643391522
87077,0,0.0143979057591623
87020,0,-0.0868987509965454
87121,4,0.236503856041131
87066,0,-0.1111672561899949
87075,0,0.0078609846917665
87056,0,0.1060524182653337
87034,0,0.0783676347855117
87086,0,-0.0524934383202099
86793,13,-0.0684165232358003
87162,0,0.0992258972554538
87179,0,-0.0408352668213456
87172,0,-0.0475161987041036
87227,42,0.0
87264,29,0.2533500837520939
87261,10,0.1602262016965128
87236,20,-0.3393782383419689
87267,0,-0.0073188440361852
93313,13,0.0724637681159421
87268,36,0.1296139757678218
88475,0,0.0986842105263157
87361,4,0.1691022964509394
87269,0,-0.0069234097793162
87356,0,-0.0659217877094971
87302,62,-0.0731707317073171
90358,48,-0.0057395143487858
87299,0,0.1830337571240683
87321,45,0.157142857142857
87337,63,0.1122994652406417
87379,0,0.0459016393442621
89597,42,0.0779220779220779
87439,63,-0.04
87430,20,0.0470219435736676
12308,0,0.0478524743230623
90808,0,0.0303840063341249
87394,31,0.0625
87415,0,0.0117096018735363
87424,0,0.0309278350515465
87373,36,-0.0061728395061728
12312,36,-0.0455616653574234
87510,13,0.0436187399030694
87445,28,0.0483692307692309
87496,0,-0.0416107382550335
87487,0,-0.0557377049180327
87525,0,-0.0168539325842697
87632,0,-0.0869565217391304
87541,0,-0.0458390714145189
87583,63,-0.1206349206349206
87589,0,0.0605187319884725
87602,0,-0.0732600732600733
87612,0,-0.0176923076923076
87797,0,0.0603448275862068
87825,31,-0.0357142857142857
87814,0,-0.2962962962962964
87812,0,-0.0953947368421053
87657,31,0.1123897199846568
87659,36,0.0329685177678691
88810,42,-0.1745454545454545
87789,0,-0.0265763418447109
88152,0,-0.0536417322834645
88167,0,-0.0561643835616436
88468,35,-0.0846947051326613
88173,13,-0.0834151128557408
88174,20,-0.0936395759717314
88195,0,-0.1338842975206611
88159,63,-0.2121212121212121
90354,13,0.4190751445086706
88182,0,-0.0198598130841121
88260,0,-0.0783410138248847
91171,5,-0.0390707497360085
23887,31,0.189010989010989
89572,0,-0.1529157667386609
88534,20,-0.0303030303030302
90071,35,0.013157894736842
88343,0,-0.1233996186325252
88319,36,0.0454545454545456
88352,0,0.0410650287904235
88331,36,0.0078098471986418
13198,0,-0.023529411764706
91040,12,-0.2391304347826086
88281,0,-0.0107773137545466
88313,0,0.0270055599682288
88280,0,-0.0705543556515478
93190,42,-0.0006699419383652
88332,63,-0.1702127659574468
88287,15,0.4008298755186721
88439,0,0.0600343053173242
88417,0,-0.0458015267175573
19675,0,-0.1373288350863266
88471,0,-0.1249999999999998
88466,0,-0.0077519379844961
88485,0,0.0348525469168901
88421,35,-0.0132450331125827
88451,0,0.1388101983002831
88446,0,-0.0488128521684075
88511,0,-0.1646341463414633
88542,4,-0.2905982905982905
88504,0,0.1634572324227496
88497,0,-0.2068965517241378
88545,10,-0.0694444444444446
88564,36,0.0903426791277259
89617,0,-0.0221528472758848
89395,0,-0.0698094282848545
71862,35,0.0685714285714287
48506,0,-0.0038142248148979
88648,63,0.125214408233276
89169,7,-0.0667796610169491
88620,42,0.0588927380874566
88626,15,-0.0583333333333333
88615,63,-0.020979020979021
88661,63,0.0510121457489878
91360,0,-0.015970515970516
88740,15,-0.1343511450381679
88750,0,0.1922675026123301
89576,0,0.0571418045168183
89925,63,-0.2054794520547945
88792,0,-0.0520304568527919
88807,0,0.5185185185185184
88786,0,-0.0396659707724424
88863,0,-0.2343987823439878
89029,12,-0.3241758241758242
88860,0,-0.0016631387964922
90478,62,0.2990536277602524
88949,63,-0.0845967252880532
88839,0,-0.0740740740740741
90029,13,-0.3308426733084266
90177,0,-0.1657805703238278
88908,0,-0.0133897110641296
88897,20,-0.0750974140984768
92601,0,0.0121212121212122
88895,0,-0.0576923076923077
89004,20,-0.024652087475149
90238,0,-0.0177514792899408
89290,0,0.1077615604965214
89006,0,-0.0596287703016241
89110,0,-0.0221507681314754
88970,0,-0.0131348511383537
88994,63,-0.1340206185567011
89031,0,0.2592592592592591
89002,0,0.051754394702157
89014,0,0.0827151335311573
90176,13,-0.0523809523809524
89167,13,-0.1381944444444445
89036,0,0.0294784580498865
89044,0,0.0489381348107109
89215,48,0.0092296769613062
89070,0,-0.0246826516220028
89327,0,0.2404418011894646
89413,63,0.1257189811010681
89203,31,-0.3556915009831768
89179,0,0.0015326077452211
90223,0,0.0482897384305835
89244,0,-0.0724980299448384
93302,12,0.0699588477366255
89269,0,-0.0821785368997743
89168,0,0.0200892857142858
89217,0,-0.0237421900690563
90643,12,0.5219976218787159
89230,0,0.432795698924731
89307,0,0.0104058272632674
89252,20,-0.0669291338582677
89262,0,0.0476190476190474
90125,0,0.0465753424657533
90081,0,0.052491103202847
91379,42,-0.0125858123569794
12840,12,0.2325581395348839
89297,0,0.0984735109248728
89353,13,0.0323791647114031
91015,0,-0.0611270296084049
92174,0,0.1088235294117647
89409,0,0.1414492753623188
89332,0,0.2307692307692308
89424,0,-0.0723327305605787
89387,31,0.078621739958119
89394,15,0.2310286677908937
91975,63,0.0007288629737609
12501,0,0.002
89445,42,-0.0419753086419752
91665,20,-0.0116279069767442
93016,12,0.0248901903367497
89567,0,0.0408799868658678
91152,0,-0.049615093667957
91727,63,0.2346208869814021
89753,0,-0.0854392298435621
89453,0,0.0544217687074828
91269,63,0.1641791044776119
89406,36,0.1666291882167754
89626,0,0.0176961602671119
89443,31,0.0462025316455696
89916,0,-0.0117230701172307
89533,42,0.2248292248292247
90601,0,0.0208064516129031
93069,0,-0.2388860058813353
89482,0,0.0152317880794701
90313,4,0.0658227848101264
89941,0,-0.032059186189889
93150,4,0.0156729131175468
90067,0,0.0565805658056579
89876,0,0.0453610368236987
89653,0,-0.0534623217922607
89826,0,-0.0943977591036415
89574,0,-0.1798319327731092
89546,15,-0.0454545454545456
89509,31,-0.0964516129032257
89573,0,-0.0322327044025156
90436,31,-0.0761363636363636
90492,66,-0.503125
16852,7,8.556627613140362
92468,12,0.4750000000000001
12358,0,0.05
89781,0,0.1298488435621927
89698,63,-0.0407407407407408
89796,20,0.0778888888888889
89793,0,0.0623877917414721
89741,0,0.1966759002770084
89800,0,0.0572651859780573
93422,20,-0.2386895475819033
89799,0,-0.061148857319333
90170,0,0.0291262135922329
90080,0,0.0228690228690229
89824,0,0.0700450450450449
90716,0,0.1870503597122301
89901,7,-0.4544217687074829
89866,0,0.0072992700729928
89889,12,-0.1139455782312924
89964,31,0.1579919926085617
89877,0,-0.111111111111111
89905,0,-0.1101749837977964
91086,0,-0.1116241173275394
89973,35,0.0208877284595301
89971,0,-0.0442492542260524
89952,0,-0.0936539746158983
89904,0,0.0416939592908731
89960,35,0.3553191489361702
90088,0,0.1230366492146597
90129,35,-0.1003861003861003
92636,0,-0.1144262295081967
90126,0,-0.1818181818181818
90490,35,0.0599999999999998
90194,0,0.112249443207127
90454,13,0.0191860965327366
91977,0,-0.0502471169686984
93012,31,0.0234069063723745
90604,0,-0.2953125
90248,0,0.1677344860879486
91901,20,0.1333333333333333
90232,0,0.3490735206216377
91233,63,-0.0236998764461418
90700,0,-0.1837416481069043
90533,12,-0.0666666666666666
90708,0,-0.0126849894291753
90325,0,0.3014705882352939
90427,0,0.1325006787944611
90288,0,-0.1165644171779141
90227,20,0.0706190061028773
90314,0,-0.1903225806451614
92453,35,0.4453125
90353,0,-0.1086419753086419
90421,0,-0.0042979942693409
90423,42,0.1696606786427146
90312,0,-0.051890941072999
90090,0,-0.0702597961820008
91400,0,0.0065075921908892
19721,0,-0.0376654224635222
90098,12,-0.025
90455,0,-0.0560971711682914
90274,0,-0.0111642743221689
90249,18,0.0604996902746231
90444,0,0.0779661016949151
90404,36,-0.1167883211678831
90371,0,0.0917431192660549
90488,0,-0.3636363636363636
90476,0,-0.0170454545454545
88148,35,-0.1560975609756096
90487,0,-0.0511964385086254
90496,12,-0.0412820512820513
90568,0,0.0
90505,0,0.070509977827051
90600,0,-0.009925558312655
90637,0,-0.0204865556978232
90718,0,-0.0187449062754686
90540,0,-0.0925397472482674
90417,0,-0.0454545454545455
90409,0,-0.0105150597041524
90548,0,-0.051490514905149
90803,0,0.1671656686626748
90386,20,0.1058091286307052
90964,63,0.0
92521,0,0.1348511383537654
90520,0,-0.0523009266530547
90440,0,0.0019854401058903
90556,0,-0.0426540284360188
90564,52,0.0475578406169665
90605,0,0.2130131680867544
90550,0,0.0969175229103027
90569,36,-0.1006748381765597
90558,20,0.258400926998841
90734,0,-0.0603902953586498
91500,0,0.0785616124599177
90494,7,-0.2270270270270271
90948,63,-0.0552030456852791
90711,45,0.0247787610619467
90634,20,0.0798368298368299
90672,31,-0.2194225721784777
90748,0,-0.1006036217303822
12487,0,0.0063636363636363
91018,0,-0.094230532660844
90664,13,-0.0872615039281705
90742,42,0.0331914893617022
13196,0,-0.0422960725075529
90720,13,-0.0124533001245329
90636,0,-0.0322580645161291
91114,20,0.0360307147076195
86165,0,0.1289398280802292
92571,13,-0.1014925373134328
90993,0,-0.0960575472349334
90763,0,0.0117982099267699
90735,63,-0.0666666666666666
90786,15,0.0182957393483709
90885,35,0.0462633451957295
90752,4,-0.0299999999999999
91605,0,0.0530630835800502
90791,0,-0.0671186440677966
90856,0,-0.0520594965675057
90871,0,0.0812307692307692
90984,0,-0.0361125862984599
90776,0,-0.0877839165131982
90779,0,-0.2162162162162162
90829,12,0.2153333333333333
90775,0,0.0637600806451612
92619,20,0.0393013100436681
90868,0,0.0824324324324323
90795,0,0.0255023183925811
91141,0,0.0938837920489297
90955,0,-0.0380952380952381
90805,0,-0.0938745922435665
90952,36,-0.031650983746792
90961,0,0.0194945848375451
90971,0,-0.076333628057766
90956,0,0.1838351822503963
91594,0,0.0849056603773585
90825,36,0.2042833607907741
90926,0,0.0828025477707006
90870,0,0.073571548963425
90963,0,0.0096059596157616
90940,35,0.1285460992907803
91349,12,-0.0819672131147539
90951,7,0.3465553235908143
90900,31,-0.1170138888888889
90957,0,-0.2124735729386893
91356,0,0.0209248256264531
90988,20,-0.1173218673218674
90989,0,-0.2851485148514852
91020,0,0.1234806629834253
92044,0,-0.3071718538565628
91090,0,0.062975027144408
90978,0,-0.0715408805031446
90979,0,-0.0203675523820673
91547,0,-0.0628794449262792
91967,31,0.0262096774193547
91801,13,-0.1639240506329113
91488,0,0.5814889336016098
90925,0,0.018529956763434
91075,0,-0.0909691629955946
91083,0,-0.0244897959183674
91408,0,-0.0319535221496005
91073,0,-0.1893617021276594
91192,13,-0.2726315789473683
84185,42,-0.0899999999999999
91041,0,-0.0312775330396476
91080,29,0.1304721030042919
91096,0,-0.1242603550295857
91088,12,13.52991452991453
89003,0,-0.0247781684245772
91603,0,-0.5724777058926386
91176,0,-0.0052160953800298
91095,35,-0.282642089093702
93175,0,0.1696185286103544
91154,0,0.8690758293838863
91186,63,-0.0797186400937866
91234,0,0.0487210718635808
91627,35,-0.0273972602739726
91201,0,0.5263157894736841
91348,7,-0.5525200188412623
91237,0,0.0467836257309941
91215,20,-0.0705052878965921
91359,42,0.0344827586206897
91395,13,-0.1427064099182273
91366,0,-0.0858355091383811
91167,0,-0.0050724637681159
91299,15,0.0024875621890549
88258,7,0.2520868113522536
91363,0,0.0091836734693877
91463,0,-0.0013326226012794
91277,0,-0.0260936300844205
91283,7,0.0559999999999998
93035,0,0.0272822665267575
91472,63,-0.08
91579,0,-0.0301542776998596
91514,15,-0.091141833077317
91503,48,0.0089041095890411
12452,0,0.142857142857143
91446,0,-0.0277777777777776
91391,42,0.3032928942807626
91432,0,-0.0254957507082153
91614,20,0.0849868962935229
91468,0,-0.0125694241449868
92506,0,0.1763122476446836
91392,0,0.122342064714946
91413,0,0.0332078813371707
91618,0,0.1945205479452056
91659,52,0.0212500778961799
91355,0,0.0355029585798816
93189,13,-0.1112497076479301
91397,0,-0.0138888888888888
92093,42,-0.0469688694702348
91461,0,0.0235426008968611
92226,13,0.0395256916996047
91416,15,-0.0680405626431142
92682,0,-0.0687022900763358
91486,0,0.066986794717887
91611,0,0.04675211185552
91742,63,-0.20792
91615,0,0.763136527085025
12049,12,0.4626865671641789
92054,0,0.0232558139534884
91612,63,0.21875
91622,0,-0.0359052711993889
91501,0,-0.0204394481349002
91625,13,-0.0794392523364486
90077,0,-0.2522522522522523
92773,0,0.0475723393820499
91516,36,0.0478283350568768
91683,0,0.1458635703918722
91668,0,0.0201657800321661
91613,63,0.1395348837209302
92456,42,0.5344827586206897
91571,62,-0.0756830601092897
91616,63,0.162162162162162
92589,63,-0.115482233502538
92252,35,0.2820512820512819
91658,18,0.0823686553873552
91678,13,-0.0067365269461078
91754,0,-0.2010443864229765
91666,20,0.1145833333333332
91650,36,0.0637522768670308
92035,35,0.0746268656716417
91743,0,0.0119617224880383
12088,0,-0.1489071038251366
92449,15,0.063157894736842
91822,0,-0.0441176470588235
91907,0,0.0903290799194089
91836,20,-0.123033098209441
91688,0,0.1144118827780009
91692,0,-0.1239061953097654
91826,63,0.0
91814,36,-0.0525328330206379
91959,0,-0.0103626943005181
91854,0,0.0911627906976744
91968,0,-0.0315186246418338
92091,42,-0.0028014343343791
91900,42,0.6787330316742082
91965,12,-0.6119672131147542
93177,42,0.0078125
91905,12,-0.1470535714285714
91909,0,-0.0051282051282051
91849,0,0.04798356982823
93188,13,-0.0133333333333331
92210,0,-0.0481154771451485
91915,28,0.1224143777551713
91979,12,0.2431999999999998
92052,0,-0.1182389937106919
92207,0,-0.0998781973203412
92034,0,0.0297732387052103
92050,0,-0.076552139843279
92345,13,-0.1085271317829458
92038,35,0.1695238095238094
92095,0,0.0241514360313315
92096,0,-0.0556160435283484
92195,0,-0.0123552123552124
12347,12,-0.2033898305084746
92097,20,0.24
92121,18,0.0137584625464075
86812,35,-0.0300751879699248
93126,0,-0.2221084953940634
92143,20,-0.1050488599348533
92102,0,0.0679989618479106
92229,52,-0.2084078711985688
92220,0,0.0296598639455782
92177,12,-0.0494505494505495
92239,15,-0.0514033427940713
92184,0,-0.2216234422364432
92188,0,0.0518683770217511
92296,0,-0.0897742595204514
92172,0,-0.1643394199785177
93149,0,0.1301518438177873
92221,0,0.0358306188925081
92257,4,0.1036065573770492
93004,0,-0.0584677419354838
68145,42,0.0638297872340425
93071,0,-0.0933289516924088
92936,0,0.0416666666666667
92293,20,0.02506162695152
93130,42,-0.1261829652996845
89756,63,-0.0917647058823529
92402,52,0.0244044160371876
12400,36,-0.3349769888231426
92303,0,-0.0118255728011825
92308,0,-0.0102040816326529
92326,45,-0.3246716162193034
93052,12,-0.1030927835051547
92354,0,-0.1896103896103895
92445,7,-0.0122426265998887
92454,0,-0.0093131548311991
92428,0,-0.0221799746514574
92429,0,-0.4155813953488372
92432,29,-0.0864142538975499
92443,0,0.0148578811369508
92448,7,-0.0789423076923077
92493,4,0.0652883569096844
92466,4,-0.3054187192118226
92478,0,0.0737885462555065
92497,15,-0.1290183076257748
92467,0,-0.0055401662049862
92469,0,0.2724167378309137
92917,0,-0.1818669527896995
92528,15,0.0
92523,0,-0.0185053380782919
91365,0,-0.0106508875739644
92687,7,-0.1377728857090443
92614,0,-0.0013865352025882
12392,13,-0.1510714761080792
92587,48,0.2775423728813559
92611,42,-0.0281917035843736
92648,20,0.1431797651309845
92588,0,-0.1949685534591194
10258,42,-0.1807228915662652
92594,12,0.2388059701492535
92602,0,0.0113320742139761
93347,0,0.0249999999999999
92597,0,0.0384047267355982
92984,0,-0.0256508422664625
12413,13,0.1181434599156117
92618,0,-0.024616368286445
82831,0,0.0074927953890489
92753,13,0.1709677419354838
93031,7,-0.2153846153846154
12577,0,-0.0119225037257824
93345,0,0.0024691358024691
92621,12,-0.5458715596330276
92765,0,0.0653142008906482
93079,0,0.1590186278964107
92780,0,0.0568421052631578
92924,20,0.1480916030534351
92852,0,0.0353253652058431
92685,0,-0.0095294818344252
92688,7,-0.1637704918032786
12963,0,0.3368181818181817
92709,31,-0.0283746104641626
92692,0,-0.0293282876064333
92810,0,-0.0258722069776558
92696,63,0.0834388630927256
93339,0,-0.0692640692640693
92772,0,0.099320882852292
92771,15,0.128134296642584
79678,13,-0.0904652498564043
92775,13,0.1992129189849369
92729,0,0.1482209124645273
93384,0,0.4722222222222223
93095,0,0.1333333333333333
92782,18,0.1209395302348823
93089,0,-0.0021917808219177
12527,63,-0.0221666666666666
82526,12,-0.0909090909090909
92777,12,0.2203687445127304
92797,63,0.0762331838565022
92890,0,0.0175196578838461
92913,20,0.1876876876876876
92809,0,-0.0134328358208956
87078,0,-0.0914368650217706
91161,63,-0.2823218997361477
92808,0,-0.1539966461710453
12498,0,-0.0731807031888798
93344,7,5.242857142857144
92854,36,0.0385597548518898
92940,0,-0.1926047273578282
85909,35,-0.2416582406471183
75754,0,0.0707070707070707
93274,0,-0.1498749999999999
92987,0,-0.0345215759849905
93073,0,0.0702498821310702
93098,36,0.1931230610134435
93132,0,0.0092395167022032
12451,0,0.038793103448276
93085,63,-0.0602409638554215
92596,0,-0.0043103448275861
93185,31,0.0905309517983852
78003,0,0.4851485148514851
93246,36,0.2223786066150597
93128,63,0.1853146853146854
92486,0,0.0612244897959184
12696,0,-0.0280373831775702
93272,0,-0.0950520833333332
93371,13,-0.1179775280898876
93356,5,-0.3149509803921568
93305,0,-0.0952910641453467
12384,20,-0.1418247515808491
93301,0,-0.0297029702970297
90295,5,0.0432900432900433
93400,12,0.1676646706586826
88244,63,0.1724137931034484
93401,0,0.0347222222222223
93233,20,-0.0611778158947968
93304,0,-0.0055658627087198
12591,60,0.1450662739322534
93264,0,0.0455037919826653
93372,5,-0.0151057401812688
93434,15,0.0120772946859906
93266,20,-0.2204724409448818
11664,0,0.1626336522228475
93420,12,0.0074766355140187
84581,0,0.0091743119266054
93429,0,-0.0618432903032123
93428,0,0.078339666764104
12402,13,-0.0010729613733905
93393,20,-0.0642722117202267
93289,13,0.0461638491547464
93418,42,0.2320916905444126
11370,15,-0.1253731343283581
90954,63,-0.0563674928087863
12026,0,-0.0726837060702875
93106,13,-0.0867924528301886
12051,18,-0.0359801488833747
12449,0,0.039482253337675
12559,13,0.2218506131549609
12307,35,0.0272108843537415
12009,0,0.2559523809523809
12340,0,-0.0677671589921806
12089,0,0.0393986521513738
93374,0,0.0773930753564156
93433,0,0.1625683060109288
93436,0,0.0038179393305439
12374,13,-0.0882882882882882
12356,0,0.3255319148936171
12078,63,2.006172839506173
10158,0,-0.0568807339449541
93426,36,-0.0084602368866327
13081,4,-0.0487210718635811
12592,0,0.3217391304347827
12348,20,-0.0929152148664343
10220,28,0.0654642618570473
12473,0,0.044757817290006
12919,13,-0.0194285714285714
86092,20,-0.052863436123348
12557,0,-0.1295454545454546
12360,13,-0.2245088868101029
12575,35,-0.1014925373134328
12446,42,0.0764604810996563
12476,0,0.1962616822429905
12502,0,0.0354309888947645
12330,0,0.0597232337946103
12660,0,0.0167797215280256
12639,0,-0.06158357771261
12521,0,0.0813492063492062
12373,15,-0.0235715037356624
12515,0,-0.0468842729970327
12583,0,-0.1247054863682262
12366,0,-0.0243902439024389
12494,20,-0.0952707333790268
12916,28,0.0071248952221292
12695,0,-0.0615486432825942
12640,0,0.049095607235142
12971,31,-0.0740740740740741
12798,15,0.1754098360655738
12509,0,-0.0097087378640776
12795,15,-0.1442141623488774
12623,0,0.024867062871442
12894,7,-0.5813008130081301
12742,0,-0.4078621595674802
12884,0,-0.0110633066994467
12922,0,0.1132075471698113
12783,36,0.0077288941736028
12579,7,-0.199578947368421
13014,0,-0.0248698669751301
12873,29,0.0514403292181069
13111,63,-0.1362889983579639
12797,12,-0.0545454545454544
12905,0,0.2513227513227514
12645,13,0.204783044536732
12913,0,0.4349809885931559
12872,0,-0.180425939219909
12927,0,0.0682971850484539
13141,12,-0.2416974169741697
12792,18,-0.1099009900990098
13108,0,0.7573529411764706
12880,0,-0.099601593625498
12960,0,-0.1560758082497213
13046,0,0.1033434650455928
13080,0,-0.1491466252909232
13169,36,-0.1422764227642277
12920,0,-0.0149833518312985
13049,13,-0.0081826012058568
13201,0,0.0519480519480519
13116,0,-0.3473684210526315
12908,36,0.1328609388839681
13109,4,0.1413612565445028
13160,20,-0.0689655172413792
13106,42,0.0871613663133097
12981,0,0.0335459971187486
13035,0,0.0406119610570234
13037,0,-0.0095022624434389
10966,13,0.0483870967741935
13036,0,0.0142857142857142
13019,0,0.1022592152199761
13041,0,0.0621761658031088
13085,0,0.2259566713909697
13105,0,-0.0920858594134033
13203,0,0.0172599784250269
13168,0,-0.0623127621330138
57913,35,-0.0434782608695653
12629,35,0.1419213973799127
92185,29,-0.0968660968660968
90542,63,-0.2052785923753666
91021,12,0.1052631578947367
93270,12,-0.062708843840499
13112,0,0.0574506283662477
90199,0,-0.0915266356810868
90272,0,0.1828112661226639
90276,0,-0.0805139882888743
90178,13,-0.1504206556425877
90188,0,-0.0936686903729401
90187,63,-0.2509341764874964
90164,4,-0.030277544154752
92457,28,0.0944498539435247
90233,15,-0.323268921095008
90097,0,0.0135658914728682
92870,0,0.0413333333333332
90200,18,0.1404801521274066
90207,63,0.2666666666666666
91609,0,-0.0320568927789935
90303,15,0.029781601588352
90399,0,0.0
92894,20,-0.2037867463876432
92155,42,-0.1487109905020353
27204,0,-0.043956043956044
82678,0,-0.0888446215139441
12615,31,0.0239616613418531
