firms,clusters,mom1
54594,39,-0.0322097378277153
11790,0,0.0095414789292342
13056,0,0.0805529075309818
50091,34,0.0128272251308898
14526,0,0.0656436487638534
11581,0,0.0982388552559161
15203,0,0.038
15748,0,-0.0615384615384615
16126,0,0.0256410256410257
17137,0,-0.0430157261794634
85885,0,-0.0416666666666666
85914,0,0.056757293113713
18092,0,0.0082772891877909
18244,0,0.0291595197255574
84839,0,-0.0517241379310344
20670,0,0.0123966942148761
64899,0,-0.0587885985748218
22905,0,0.1440635866865376
47175,0,0.0448598130841122
23660,0,-0.0515212080834999
23975,0,-0.0046136101499424
82542,58,-0.0035971223021583
30680,0,0.0443037974683544
56274,60,0.0481881264456438
27642,57,-0.1220930232558139
55589,76,0.0625
31318,0,0.2111925383077948
31668,0,0.0142857142857142
54391,34,0.0052562417871222
32046,76,0.0
32054,0,-0.0664062500000001
47511,0,0.0584905660377357
33188,0,0.1049999999999999
48143,35,0.1107078039927405
60628,28,0.0208085612366231
57330,0,-0.0663507109004738
37875,0,-0.025
20765,0,0.0641509433962264
17144,60,0.0121065375302662
39328,0,0.0983050847457627
26657,76,0.0037878787878788
40540,35,-0.0454545454545455
22250,0,0.0810810810810811
41452,0,0.0142757660167129
44821,0,-0.0489649681528662
84226,0,-0.0502020846628377
89181,63,-0.0049180327868851
46843,0,0.0073394495412844
46907,0,-0.283289817232376
64020,0,0.3143631436314362
51423,75,0.0599999999999998
67002,60,-0.0214961306964746
52090,0,0.0535714285714286
53613,0,-0.0664183736809435
54114,34,0.1591566763125258
55160,0,0.0194332862881336
55213,0,0.1338582677165354
64442,0,0.1111111111111111
56363,0,0.0240963855421687
51377,0,0.0231349103197295
57665,0,0.0515360321561872
67010,0,-0.0331991951710262
34948,0,0.1475195822454309
35107,0,-0.0055762081784386
61621,0,-0.1448772678762007
51692,0,0.1281927710843373
43692,76,0.0896551724137932
65307,0,-0.0390532544378698
66852,0,0.006588579795022
46922,0,-0.0346020761245674
67193,34,0.0044532409698168
67732,9,-0.0252100840336134
77354,76,-0.0024922118380061
69199,0,0.0764367816091955
38850,0,0.1293560078059661
72128,0,-0.0303030303030302
72486,0,-0.0743471582181258
27764,0,0.0810564663023678
44951,0,-0.0207612456747403
74500,0,-0.0246753246753247
74740,20,-0.051383399209486
65752,0,0.0324032403240324
40061,0,0.0315416800772447
75433,76,-0.044776119402985
40694,0,0.0203380120309366
76129,42,-0.0909090909090909
65306,0,0.0635593220338983
92874,0,0.175638506876228
81294,0,0.0950819672131146
19502,0,0.0321273516642546
81614,39,-0.132142857142857
51086,10,-0.0425745412844036
83601,0,0.0612369871402327
62042,0,0.1709090909090911
68304,0,0.0666666666666668
10012,0,-0.2541436464088398
88867,9,-0.0696173351775012
21785,0,-0.1382716049382715
65067,0,-0.0742857142857141
10044,0,-0.3275261324041811
69032,0,0.02662772719464
10104,0,-0.0714285714285714
75510,0,-0.0274151436031331
11353,34,-0.0021715526601521
75033,0,0.1501057082452432
11185,0,0.014344262295082
11833,0,0.2053571428571428
75110,68,-0.112280701754386
11794,0,-0.1142857142857142
12211,0,0.0332398878654385
12171,76,0.0149659863945579
75434,0,-0.0914285714285714
80297,34,-0.0259287925696594
75976,0,0.0765765765765766
75857,0,-0.0999999999999999
75993,42,0.2032332563510392
77488,0,-0.0263157894736842
76858,9,-0.1176470588235293
76279,0,0.162162162162162
76568,0,0.0369691414604338
76990,50,-0.0607604166666666
76605,0,0.0638045540796965
76623,0,0.2304832713754647
76752,0,-0.0697362539114887
77163,0,-0.0229885057471264
77478,0,-0.0441251924063622
77637,0,0.0037174721189592
77667,0,-0.0018552875695733
77669,50,0.0179411764705881
77803,0,0.0561050170832584
79094,0,-0.0547297297297297
79255,75,-0.0180978051597997
79505,0,-0.0885286783042393
87055,0,0.0519761775852734
79866,0,0.0743047830923246
79950,72,-0.0007843137254901
80032,76,0.0308219178082191
80393,9,-0.1291291291291292
80599,0,0.0561510353227769
80553,9,-0.0925516224188791
80719,0,-0.0522222222222222
80763,0,-0.1577269010629599
81078,10,-0.1520547945205478
81181,16,-0.1578947368421052
81300,0,-0.0843887044551006
81655,0,0.2199999999999999
82533,0,0.1204444444444443
82535,76,0.0350218886804252
82738,57,-0.0777777777777777
82777,0,0.0141592920353981
83597,0,-0.0320630749014454
83957,10,-0.02
84240,0,0.0903426791277259
20598,17,0.0882694541231126
84746,0,0.0362880886426593
84785,0,0.0154867256637167
85272,39,-0.2297297297297298
85394,35,0.1389337641357027
85431,0,0.056323912607737
85796,0,0.0344827586206895
85972,0,0.0235155790711345
86724,0,-0.2328767123287671
87092,0,0.0255754475703324
87095,0,-0.1046153846153845
87184,40,-0.0626943005181347
87214,0,-0.0441176470588235
87484,0,0.1797235023041474
50906,0,-0.1467576791808873
11157,76,0.0063694267515923
50032,20,0.0590753424657533
47730,0,0.0005540166204984
13777,0,-0.0785070785070783
38746,0,-0.0101651842439643
60871,0,0.0428422152560084
14198,0,-0.027071178529755
45583,0,0.0749999999999999
14702,76,-0.0202858460119871
15537,0,-0.0220883534136546
68830,0,0.0671814671814672
85631,39,0.1195017516543401
49373,0,-0.0669773865009494
18570,0,0.0689655172413792
18973,0,0.0245576973857934
19271,20,-0.053218571948115
29938,0,0.0291750503018106
10866,0,0.064882400648824
20248,0,0.0285046728971964
25320,34,0.0619065704519561
21726,0,0.109375
21742,0,0.0270270270270271
11267,0,-0.0038186157517898
86474,0,-0.3
22825,0,0.1068403908794788
65533,0,0.0966503093663324
80416,0,0.0018157058556513
24572,0,0.0161290322580645
24951,0,-0.0669330669330668
26201,10,-0.118855009334163
82165,78,-0.0574712643678161
65541,0,-0.0225206611570246
27562,57,0.0122568611777245
27677,0,-0.0681352459016392
27909,0,-0.0960207612456748
63546,79,0.1895910780669145
49154,0,0.1580611169652266
19350,0,0.026038338658147
76769,0,0.2503937007874017
49429,0,0.0377358490566037
61313,0,0.0557201036653089
80971,0,-0.0193591455273698
12008,39,0.0019327406262079
31500,0,0.0198675496688742
87581,26,0.044
33209,76,-0.0825641025641025
50788,0,0.0018018018018017
33690,0,-0.239171374764595
34121,76,0.0749999999999999
34287,76,0.0999999999999998
77462,0,0.1029907329401853
46295,39,0.0778688524590165
37058,35,0.0382352941176469
47036,54,0.05
21055,0,0.1630057803468207
47888,0,-0.0644753476611883
83233,0,-0.0531605395398043
40468,0,0.0522556390977442
39765,0,0.0214513920584207
85987,0,0.1855670103092783
32678,0,0.1152542372881355
23077,0,0.0799886941775014
41663,0,-0.0357798165137615
27828,0,-0.0453972257250945
66181,76,0.0236819847758671
32870,75,0.0278086763070077
66587,0,-0.0364004044489384
42922,9,0.5943600867678958
12503,0,-0.0199789695057832
45744,0,0.0101694915254235
46149,0,-0.1580928481806774
47133,57,0.1426684280052841
57437,0,0.0281793678020092
47571,0,-0.047979797979798
16678,0,0.0372369131138692
48291,0,-0.1046242774566473
48347,75,0.0220422852001798
64282,0,0.0851648351648353
53612,0,-0.0619667714414009
61399,0,0.0457516339869281
13100,0,0.0705167173252279
51984,0,-0.0304709141274238
27617,0,-0.0059347181008901
64637,0,0.1269035532994924
60097,0,-0.0471353108492482
60548,0,-0.0650887573964495
54843,0,-0.0999999999999999
56777,0,-0.0283553875236295
57745,0,0.1699829931972789
57809,0,0.0104914411927112
57817,0,-0.0040712468193383
57884,0,0.0519125683060108
79611,0,0.0697755960729313
56733,0,-0.2677824267782426
59185,0,-0.002967359050445
35051,0,0.0065384615384616
90924,71,-0.1205897840968931
18403,0,0.179144385026738
35238,0,0.0703266787658802
13936,0,0.0957020057306592
49971,0,-0.001435063381966
63686,10,0.0800508259212198
63715,0,-0.1485900216919741
42307,0,0.0409212880143112
62033,0,0.1215880893300247
67177,0,-0.0370484956299791
91556,0,0.1508078994614001
68065,0,-0.0688673875924872
39773,20,0.0460251046025104
50948,0,-0.0324909747292417
70923,0,0.1116905693176877
42585,0,0.0856406954282034
72005,60,-0.0195020746887968
72961,0,0.0205128205128204
76081,75,-0.0103333333333333
60580,75,0.1565126050420167
61065,0,0.111898016997167
50278,0,0.1066907775768535
66368,42,-0.0252525252525253
37807,75,0.0074747474747474
80179,75,0.0488977955911824
80857,0,0.0037902716361339
59627,76,-0.0108843537414966
81190,0,0.0628701594533029
55976,0,0.1060352831940576
82924,75,-0.0171962616822429
82991,0,-0.0429906542056074
83011,0,-0.0037371535347243
15456,0,0.059013742926435
40539,0,0.0243584167029144
34228,57,-0.0999999999999999
10025,0,0.0036363636363636
90609,68,-0.1971608832807571
75494,10,-0.1159135559921414
69411,0,0.1752136752136752
67467,0,0.019108280254777
10089,35,-0.0314465408805031
10182,0,-0.0234073359073359
10259,40,-0.0429835651074589
10501,0,0.0224538893344026
77420,0,-0.0046445158985352
10514,39,0.1999999999999999
10659,0,-0.0683718642400391
10645,0,0.1580381471389647
10709,0,0.0925925925925925
86917,0,-0.0183574879227053
75527,0,0.1905339805825243
10942,0,0.1236467236467235
10984,5,0.2162162162162162
11132,0,-0.0951822112415072
71837,0,-0.0069238377843718
11154,0,-0.1023255813953488
11343,51,-0.2806267806267806
71685,0,-0.0673880964092472
11382,0,0.0247058823529413
11379,0,0.2445095168374818
11426,0,0.2024013722126929
11278,10,-0.0146570796460175
75066,57,-0.0041371158392434
11174,0,-0.2035746743411087
75100,0,0.0607971745711402
87281,0,0.0231884057971012
11663,39,0.0163934426229508
11805,0,-0.0038022813688212
11081,0,-0.0236244019138756
12266,39,0.1481481481481481
75489,0,-0.0172867343104096
76008,0,-0.1171717171717171
12106,57,0.0155555555555555
75905,57,0.1176151761517616
76052,20,0.0772357723577235
76215,0,-0.0476190476190475
76076,0,-0.0991831971995332
85735,0,-0.2413793103448275
76322,0,-0.0118343195266271
76937,0,-0.0860215053763441
76671,0,0.1308641975308642
76217,76,-0.0491428571428571
56354,0,0.0824742268041236
79315,0,0.0360850222441917
76673,0,-0.0016694490818029
77007,0,-0.057029926595144
86590,0,0.0130111524163569
76839,0,0.0781344639612355
76847,51,0.0664505672609401
77077,0,0.0845170454545454
77045,0,-0.0517241379310344
77357,0,-0.16066874468688
77403,35,0.0629370629370629
85837,0,-0.0039840637450198
77501,0,-0.0388272583201266
77505,0,-0.2747252747252747
77530,57,0.0386064030131827
77584,0,-0.0007766990291262
77606,76,0.1625282167042889
77897,0,0.1037463976945245
77699,0,0.0053846153846153
77830,0,-0.0726124704025256
77862,0,0.1190247801758592
78216,34,0.0543130990415334
78034,0,0.0283720224548627
78050,0,-0.132921174652241
78200,0,0.2269649690903739
78816,0,0.0105263157894737
78881,0,-0.1970345963756178
78975,0,-0.1181258685725629
78999,0,0.0399132321041213
79007,0,-0.0578817733990146
78963,0,0.1604234527687296
78956,0,0.0399159663865544
78953,10,-0.0115113256591161
78972,57,0.0088919288645692
79156,0,0.0942675159235668
79195,0,0.1088129496402878
79307,68,-0.0795580110497238
79411,40,0.1504874947011445
79667,0,0.0310192023633677
79742,35,0.020949720670391
79683,0,-0.1988716502115656
79881,0,0.0770560632254877
79922,0,0.043076923076923
79847,0,-0.086214845550945
79808,76,-0.0259740259740259
79797,0,-0.1029411764705883
80114,71,-0.1335740072202166
80290,0,0.0428571428571429
80274,0,-0.2346938775510204
80233,0,0.0297332750327941
80245,0,-0.2857142857142857
80359,0,0.1532258064516127
80348,0,-0.0320987654320986
80320,39,0.1655786350148367
80432,0,0.3104189044038667
80544,0,-0.2481203007518797
80549,57,0.2628571428571429
80592,0,0.0204388337841898
80669,0,0.0455840455840457
81165,42,0.0187667560321715
81212,35,0.900763358778626
81553,0,0.2238705327039782
82160,0,0.1158221302998965
82737,35,0.0209205020920502
82467,9,0.1179487179487179
82598,42,-0.0321715817694369
83163,39,-0.3006993006993007
83170,0,-0.1455938697318007
83111,76,0.2593612334801762
83275,0,-0.0451306413301662
83399,0,-0.1177722152690863
84326,0,-0.2179487179487179
83351,0,-0.0042075736325386
83391,0,0.0487012987012986
83429,0,-0.1970802919708029
83526,20,0.0162337662337663
83808,0,-0.1621411947245926
83861,0,-0.0277777777777777
83926,0,0.0278645207782848
83956,0,-0.1568627450980392
83976,0,0.2173745173745174
84044,0,-0.2993844432008954
84084,0,0.1093247588424437
84275,0,0.1581722319859404
84255,0,-0.1456888007928642
84229,0,0.1294117647058823
84329,71,-0.3416666666666665
84416,0,0.3518518518518518
84588,0,-0.0379173740803623
84519,35,-0.209655172413793
84534,0,-0.112577144073207
84625,9,0.030878859857482
84721,0,0.0929308975377283
84761,0,0.0793103448275862
84730,0,-0.2689295039164491
84834,35,-0.0422077922077921
85019,57,-0.1285403050108932
85232,0,0.0969976905311778
85314,0,-0.007766990291262
85390,0,0.1361100780959465
85402,0,0.1845878136200718
85477,0,0.0041666666666668
85464,0,-0.075886524822695
85550,0,-0.1008583690987123
85729,0,-0.0182248520710059
85819,0,-0.0400711058440114
85900,0,-0.0117888262429523
86037,9,0.0758196721311474
86055,39,-0.1154873164218959
86189,0,-0.0730245231607629
86209,57,0.1684210526315788
86187,0,0.1871794871794871
86139,0,0.0608695652173914
86259,0,0.0793335977786593
86580,0,0.0
86594,0,-0.03046875
86735,0,-0.1050129645635263
86913,0,0.1141304347826086
86878,76,0.0094161958568739
86881,35,0.0874999999999999
86959,0,-0.1070234113712373
87057,35,-0.0430107526881721
87149,76,0.25359477124183
87153,0,-0.1039461020211741
87255,16,-0.0065116279069767
87356,0,0.0180315552216379
87310,71,-0.165079365079365
87333,48,-0.1330868761552679
87343,0,-0.1592128801431126
87390,0,-0.1483679525222552
87432,39,-0.072436245252306
87377,0,0.6490945674044264
87498,71,-0.0451127819548872
65832,0,-0.0119705340699814
66413,0,-0.0681818181818182
21020,79,-0.073170731707317
11499,20,-0.0372340425531914
62500,39,-0.047554347826087
81912,0,-0.0327398047099368
27991,34,-0.004076433121019
20482,34,-0.0064995357474466
10656,28,-0.0836976889444098
11647,24,-0.0386071158213475
60038,0,-0.009090909090909
85084,0,0.1326530612244898
79678,39,0.1116402116402117
61487,0,0.0072289156626506
61241,42,0.009421265141319
28222,0,-0.0334602284111399
11368,0,-0.1238460198571677
11456,0,-0.1290322580645161
28804,0,-0.0741007194244605
11587,0,0.0162100456621003
42083,0,-0.3446075303126994
48514,57,-0.0134340890008396
11691,0,0.0468701819303114
71271,0,0.0089699570815451
10137,0,0.0451664025356577
10145,0,-0.0296234772978959
41443,0,0.0640920295809366
45911,0,0.062205466540999
24643,0,0.0962551199531889
84260,0,-0.1036585365853658
28484,0,0.141159780102855
80778,63,-0.0232350312779267
81073,31,-0.0086956521739129
39482,76,0.2443438914027149
10225,0,0.01895937277263
12758,10,0.0878787878787878
24109,0,0.0566615620214394
57904,34,0.1011388286334056
15667,20,-0.0354090354090355
66800,0,0.0655147588192943
10488,0,0.0556079170593779
13470,0,-0.0303867403314918
13507,0,0.0460941828254848
13603,0,0.105906313645621
58560,0,0.0185810810810811
13769,0,0.0066006600660066
81285,0,0.0259887005649717
69200,0,0.1707035755478663
10401,0,0.0292908530318602
11144,0,-0.0882730305363099
85257,0,-0.0359223300970874
14008,0,-0.0174914939684502
14059,39,-0.0798122065727698
18075,75,0.0110294117647058
62770,75,0.0242914979757085
14219,76,0.0134228187919462
14227,42,-0.1177072671443193
87119,76,-0.2174113311837862
29073,0,-0.3818181818181818
14323,42,0.0396732788798133
83112,0,0.0767955801104971
29102,0,0.0761363636363636
59184,34,0.0492902208201893
77828,0,0.0400811770674784
29145,0,-0.0361713967723983
39490,76,0.069906444906445
14593,0,0.0602836879432624
10516,0,0.0983397190293742
14868,0,-0.0034899328859061
77595,58,-0.0369978858350951
29209,0,-0.0807174887892376
24272,0,0.0345497732671127
15457,76,-0.1042900735954046
15553,0,-0.0231607629427792
15721,0,0.1281353883348441
69542,0,0.0193050193050194
44644,0,-0.007017543859649
15991,0,-0.070519296827642
16030,0,0.0038119440914865
44601,0,0.0194658944658945
80073,0,-0.0012987012987012
27684,39,-0.1062618595825427
40416,0,0.1149715729627289
53110,0,0.0550724637681159
85754,0,-0.1385835285637051
62797,0,0.0128410914927767
52484,0,-0.0091743119266054
75034,34,0.072405929304447
10318,0,0.0543478260869565
58755,60,-0.0004299226139296
57568,0,0.0319642000958924
24221,0,-0.0119313944817299
16505,0,0.0122006326253953
16548,0,0.0422470883763417
55781,0,0.1476974469100453
49656,76,0.0393700787401574
16890,0,-0.0356521739130435
46877,0,0.0020169851380043
39693,0,-0.1478873239436618
26518,0,0.1049302325581396
27887,76,-0.0010291595197254
29612,0,-0.1575536654515998
39642,28,0.0796715490457167
17444,0,-0.0160891089108911
65875,20,0.0398806294085729
29639,0,0.0714285714285714
65883,0,-0.0571330824495381
65509,37,0.012704174228675
43772,75,0.0538477408706417
11510,0,0.1224516988674215
85640,0,0.0025062656641603
61508,0,-0.0388170055452865
18033,76,-0.15625
20220,0,0.0056585365853658
61946,0,0.0268456375838925
62519,34,0.0305263157894737
65154,9,0.0627853881278539
19561,0,0.0388023952095808
42024,0,0.0385208012326656
18650,0,-0.1684901531728666
52230,0,-0.0434227330779054
87146,60,0.0449438202247189
66130,34,0.0256983240223462
11901,0,0.0466666666666666
60898,0,0.0380622837370243
39757,0,-0.0691676436107853
47642,75,0.0671936758893281
17961,0,0.0349788007268321
86079,0,-0.2908356475637464
19393,76,-0.0081996434937611
10874,0,0.1294117647058823
55597,0,0.1842882457176611
19722,10,0.030708488703663
50227,0,0.0015561780267661
19880,0,-0.035031847133758
10890,0,0.0209537572254336
79732,0,-0.1454545454545456
20117,0,0.0198952879581151
20125,0,-0.0209580838323352
45655,0,-0.1154791154791154
64186,76,-0.1062560464366334
67838,0,0.0413333333333332
47626,76,0.0671323244082267
20299,0,-0.0335527371969819
20336,0,0.0635179153094462
62148,34,-0.0009505703422052
28564,0,0.0361532899493854
86290,42,0.1627906976744186
20459,0,-0.02
46690,0,0.0991105463786532
20504,5,0.1171497584541063
20512,0,0.0027130906624464
20571,0,0.0135849056603774
56602,0,-0.1808080808080808
20750,60,0.0336960336960336
85073,79,-0.0555149744338933
84837,0,0.0915841584158416
21371,0,0.0174699734830761
27334,28,-0.0208046767537826
23114,0,0.0308173291648055
20618,0,0.128883013879709
56952,60,-0.0228623685413809
30402,0,0.0079575596816976
18542,0,-0.0304620504287724
53831,10,0.0084985835694049
22032,0,0.0553299492385785
22437,75,0.0644742535698832
64557,76,0.0440286186020912
63503,0,-0.0694736842105262
60599,20,0.0821969696969697
22374,5,-0.0875
22518,0,0.0810810810810811
41419,39,0.5943113772455091
22913,0,0.2021857923497267
22921,0,-0.0651629072681704
64194,0,-0.105580215599239
21960,0,0.0679405520169851
23182,37,-0.0034897246994959
14541,0,0.0231615518239722
30509,0,0.0976909413854352
23297,0,0.0644978783592644
23318,0,-0.0612284069097889
23393,0,0.0459222082810539
79026,0,0.0630985915492958
47677,35,-0.0636363636363636
22680,35,-0.2610966057441253
23537,0,-0.0363636363636363
86685,75,-0.0062836624775584
23916,0,0.0270984798413747
24046,0,-0.0433429651033563
27422,0,0.3325073214687992
24097,10,0.5164506480558326
46578,75,0.0036824877250409
56741,0,-0.1104525862068963
24193,0,0.1707317073170731
11995,60,0.0244286840031522
11308,34,0.0146222583265638
24441,0,0.2990825688073395
64901,0,0.0619469026548673
24476,0,-0.0681520314547836
30648,0,-0.0720588235294117
18729,20,0.0815291593524478
24548,0,0.1908256880733945
25081,0,0.0075293293643845
25129,75,0.0100163532297627
25348,0,0.1119869529763522
25452,0,-0.0264367816091952
25989,0,0.1106927710843375
25487,0,0.0022075055187638
30744,0,-0.2126334519572954
25778,0,0.0160673297628155
25786,0,-0.0161702127659575
26009,42,0.0263653483992467
40125,0,-0.0640537513997759
26084,0,0.2285012285012284
26252,0,0.0119331742243435
79618,0,0.0676156583629892
86743,76,-0.0008333333333333
26463,34,0.0410714285714284
11404,0,0.0077572438968742
41929,60,0.041014402003757
26607,0,-0.009009009009009
26650,0,0.1279999999999999
23229,76,0.0478359908883827
30840,0,0.0072727272727273
38914,60,-0.0792801556420232
21979,28,-0.0602131438721137
27430,0,-0.0157868771583621
59248,0,0.1987973116377785
22293,0,-0.0286377708978327
64565,0,0.0967085577498503
27474,75,0.0672963400236128
20204,0,0.069906790945406
27618,0,-0.2594752186588921
38420,76,0.0507042253521128
53575,0,0.0385802469135803
17726,39,0.1217183770883054
31077,0,0.1655235482395975
27888,75,0.049220875587435
41080,0,-0.0262172284644194
18091,0,0.0519167579408543
83186,0,0.045550105115627
19828,76,-0.0566523605150214
86786,10,0.0526315789473683
11607,0,0.0283653846153846
66472,68,-0.0768292682926827
28629,9,-0.15
28840,60,-0.026034133641886
11183,0,0.1759999999999999
29050,0,0.1
29058,20,0.0224403927068723
22859,34,-0.0118577075098813
60273,0,0.1627906976744186
45110,0,0.0993002332555814
26112,76,-0.1447619047619047
29285,0,-0.014176245210728
61743,0,-0.0250061896509036
11674,34,0.0347826086956521
76708,0,0.0030374620317246
29736,0,0.0
29752,0,-0.0043343653250774
65226,57,0.0505050505050503
29867,0,-0.0252454417952313
40440,0,0.0057262836419162
79322,0,0.0744006955657683
44943,9,0.0447488584474886
30147,0,-0.0102707749766572
26403,0,0.1054166666666667
10886,0,0.3192904656319291
30307,9,-0.0273684210526315
38682,0,0.0163200000000001
30593,0,-0.040112596762843
25953,0,-0.0515488867376573
20626,0,0.036233611442193
58990,0,-0.0157639450282941
54279,0,0.0466653704063775
30681,34,-0.0072815533980583
30761,0,-0.1083805923125392
11703,34,0.027107061503417
63132,0,-0.0910931174089069
27959,76,0.0105844454670962
25072,0,0.0467436974789916
30940,0,0.1288311688311689
31051,0,0.1244019138755982
31070,0,0.0957055214723925
31078,0,-0.0498938428874735
42200,0,0.0092009685230025
63159,0,-0.1346666666666666
31480,0,-0.0344403444034441
11754,76,0.0045758535726856
11762,0,-0.4959965561773569
70578,76,0.0051527419948471
31552,0,0.0594142259414227
82855,60,-0.0264663805436338
77481,35,-0.1247058823529411
44185,0,-0.0557491289198605
32062,0,-0.057815845824411
32110,0,0.1065801668211308
22103,60,-0.0222222222222222
81124,0,-0.0551181102362204
23042,34,0.0444954128440366
32540,0,-0.1455952819756726
26470,0,-0.0344186046511627
32636,76,-0.0841013824884792
32791,0,0.1111111111111109
62834,0,0.0229115262601338
32986,0,0.029296875
33137,35,0.2771535580524344
52476,34,0.0076893502499038
24328,0,-0.0182273866484392
33420,0,-0.1355555555555555
33532,0,0.0501083423618635
31691,0,-0.0388349514563106
33567,5,0.008284023668639
42550,0,-0.1561076604554865
33612,76,-0.002262443438914
87696,0,-0.1166253101736971
87717,0,0.0286019780807271
33815,0,-0.1624999999999998
33823,0,0.1418685121107266
11850,0,0.0338318215248836
19166,0,0.0953495174027494
24205,0,-0.0015209125475283
34367,0,0.031714253968254
34463,0,-0.013089005235602
47706,34,0.0189189189189189
21135,0,0.0019267822736031
34818,0,0.0035063113604487
34981,57,-0.0212646894236151
35044,75,-0.016
10342,0,-0.0706247574699262
35167,34,0.0181047765793527
35263,75,0.0286774628879891
10777,0,0.0588883240128792
66157,75,0.0091970286522815
36397,0,0.0409725348941918
36469,37,0.0374134948096884
36709,0,-0.095076400679117
54244,0,-0.0461538461538461
36768,0,-0.0232774674115455
27748,0,0.059214501510574
37023,0,0.1104331909701037
56784,75,0.0616686819830711
37154,0,0.0283687943262411
25785,76,-0.0543328748280604
45241,0,0.0132903745469192
37234,0,0.044265593561368
37402,0,-0.0077419354838709
37568,0,-0.0186376381329375
37584,0,-0.0219837285788472
58421,0,-0.1139240506329114
37832,0,0.0946166394779772
37955,0,-0.0614669421487602
12036,76,0.0407079646017698
38093,0,0.0757672634271098
47941,75,0.0065336600163341
87031,0,0.1297382198952879
38333,0,0.0287990196078431
12052,0,0.0075467570819205
12060,0,-0.0330062444246208
46834,0,-0.0986842105263157
12079,0,-0.0314009661835749
83596,76,-0.2007512520868114
55212,76,-0.2597814592879802
38659,0,-0.065750286368843
46674,0,0.0537014563106794
23915,0,0.1405693950177935
39029,0,0.1057142857142856
16424,0,0.0617931034482759
57154,34,-0.0291666666666666
53479,0,0.1126964234069218
32299,57,-0.2151898734177215
12140,0,-0.0440842787682335
16432,0,-0.1136842105263158
53604,75,-0.0233478432924416
85908,0,-0.0865384615384615
39571,0,0.0298326461314577
60468,0,-0.0727902946273829
52695,0,-0.0184877440797673
39731,34,-0.0408587257617728
32379,34,-0.0078125000000001
75897,0,0.1916771752837325
63976,0,0.1318397242567859
40097,0,-0.0014641288433382
19721,34,-0.0247307538891105
84808,76,0.1472222222222221
65939,0,0.0289931470743278
67942,0,-0.0909090909090909
23819,0,0.060033167495854
40970,42,0.0754716981132073
50905,0,0.0736654804270462
25582,0,-0.0293755135579293
25304,0,-0.012391304347826
52978,0,0.1073417721518987
41188,0,0.0532407407407407
10294,0,0.0075685903500473
41241,0,-0.0667726550079491
41292,0,0.1528822055137844
32651,0,0.0213333333333334
41444,31,0.2016129032258065
41487,39,0.0790133779264212
32707,34,0.0241212956581666
18016,0,-0.0245901639344261
16600,0,0.0978678320752217
61567,0,-0.006578947368421
41807,0,0.0467372134038799
52716,0,0.0567999999999999
23309,0,0.001875
42140,39,0.1741573033707866
42439,0,-0.0979221399570097
42455,76,-0.0886627906976744
32897,76,-0.0714285714285715
21792,0,-0.0038095238095237
32934,0,-0.006225680933852
44150,76,-0.1905737704918032
42877,0,0.0402888635499811
42906,0,0.0358262427227944
88795,0,-0.0358956992888588
87464,0,0.1634349030470914
42981,39,-0.0434782608695651
43028,0,0.2486938349007312
38973,0,0.1164144353899883
64258,57,-0.0300429184549357
64004,65,-0.0468750000000001
12570,0,0.0128789911456934
80210,34,0.0901265822784811
21928,0,0.0146103896103895
56573,0,0.0181818181818183
43634,9,0.0171428571428571
43757,35,-0.1221532091097308
51633,0,0.0068714632174615
12431,28,-0.0007515406583495
12458,0,0.1728608470181503
88990,39,-0.1881656804733726
44274,76,-0.0131578947368421
65293,0,0.0356347438752784
46463,0,0.0311926605504586
44506,0,-0.0982436882546651
59328,0,-0.0432503276539973
44637,0,0.068904593639576
77855,0,0.0728282168517309
44768,0,-0.013089005235602
44792,57,-0.1570078092889435
89093,0,-0.1201478743068392
58608,0,0.261194029850746
12490,34,-0.0275118411770634
40272,0,-0.0019094380796506
45277,0,0.0475173518419647
45306,0,0.090311986863711
21573,60,0.0470783061272768
27705,57,-0.0877470355731225
45373,10,0.101246105919003
45437,0,-0.0583050847457626
45560,0,-0.3034257748776509
53065,76,0.0247883917775091
45728,0,0.0434376459598317
45891,60,-0.0604026845637584
57066,34,0.0149689667761956
45955,68,0.0296495956873314
46042,0,-0.1326315789473684
46077,0,0.081374321880651
47984,0,-0.0401606425702811
46229,39,-0.2273262661955242
52329,60,-0.016711229946524
82694,0,-0.0823327615780445
86804,0,-0.0247759620453347
80543,60,0.0853801169590642
22111,76,0.0091725945338823
42534,34,-0.0090059473237043
46886,0,-0.0755875131532796
51596,0,0.0459322033898306
46923,10,-0.0874189690981182
46931,0,0.024390243902439
46950,0,0.090558766859345
47002,0,0.0649056603773583
42067,0,-0.016
24432,0,0.0430463576158939
12650,0,-0.0468113975576661
24053,0,-0.0168539325842695
45890,0,0.0153583617747439
47205,0,-0.0166606302064469
47248,0,-0.0812151270923743
26825,0,0.0444326897646125
47379,75,0.0195876288659793
44134,0,0.023820754716981
25769,0,0.0724548440065682
47619,0,-0.0535714285714284
83726,61,-0.0837696335078533
47707,0,0.0672059738643433
47715,0,0.0263319044703003
17750,34,0.0951574669827295
33398,58,0.0303030303030302
59045,0,-0.0325524794645573
47969,0,0.0418250950570342
48960,75,-0.0280811232449297
48072,0,0.1157894736842104
48101,0,-0.1031613976705491
48144,39,-0.1513292433537832
89456,0,-0.0836972343522561
48267,0,-0.0184645286686102
47255,0,-0.0067340067340067
12781,0,0.0410084033613444
65656,0,-0.0378504672897195
48486,0,-0.0387218045112782
33603,0,-0.1176470588235295
48523,0,-0.0098107918710581
48531,0,0.0736975857687418
48697,0,0.3650275453988982
48961,0,0.1363333333333334
50286,0,-0.0026542800265427
60943,0,-0.0068993506493507
65330,0,0.0653867871259177
10092,0,-0.0626750700280112
49227,0,-0.0769230769230768
20415,0,0.0571254319983736
47802,75,0.0733262486716259
76966,0,-0.1196721311475409
49534,0,-0.0963730569948185
50876,0,0.0867136978248088
81678,75,0.0566572237960338
49905,0,0.0315907184791723
21178,0,-0.0481283422459892
26710,0,0.1235557212076035
89675,76,0.0510948905109489
24360,0,0.0419522895530573
68523,0,0.4050632911392406
56223,10,0.162670427832628
43721,60,-0.0154330708661416
76489,0,0.0072799470549305
62906,0,0.8071428571428572
59774,34,0.0410256410256411
33849,0,0.2232558139534883
66245,0,0.1241819632881087
23835,34,-0.019051651143099
34067,39,0.2501160092807424
50623,10,0.1518010291595197
50666,0,0.1081948089822106
89771,0,0.1118881118881121
50789,0,-0.0070242656449552
89790,0,-0.1562499999999999
33937,0,0.0060150375939851
51263,0,0.037483266398929
81311,0,0.0410256410256411
15069,0,0.0818965517241381
45751,76,0.0225868314510975
51693,0,0.0709677419354837
51706,0,0.0336551004435168
34032,75,0.0517629407351838
35705,0,0.2714776632302405
39538,75,0.0047593865679533
51925,0,0.0609357997823722
51933,35,0.0035087719298245
86281,0,0.1081081081081081
51960,76,0.2206517930148346
13119,34,-0.0143156424581005
43449,0,0.0994560994560995
89915,75,0.0328702134869536
17478,0,0.0419888029858706
81061,0,-0.0704560925799864
52231,16,-0.1574468085106382
10507,0,0.0134680134680134
52469,10,0.1164705882352941
59379,0,-0.010088657902782
17005,0,0.0498320268756999
90051,57,-0.160427807486631
52792,0,0.0059859154929577
52813,0,0.0660317460317458
52840,60,0.027644505368974
22752,76,0.0100840336134453
42796,37,-0.0021821067248561
52919,0,0.0411634631740092
53015,0,-0.0433482810164425
53074,57,-0.0662470333298937
53082,0,0.1047835990888381
87437,68,0.0340909090909091
55546,0,-0.0885311871227365
53373,0,0.0475000000000001
53480,0,-0.0271957200178332
53640,39,-0.4880210042664916
53656,0,0.0666666666666666
24010,0,0.0138508891928865
53859,20,-0.0284063553201733
54181,0,0.0076997112608276
54253,0,-0.1785338477727113
54341,0,-0.0196078431372548
22592,0,-0.0135288911366798
24248,28,-0.0131297709923664
54675,0,-0.0520710059171597
54704,0,0.0497032640949555
54798,0,0.0297756343048858
54827,0,-0.0880829015544042
76591,10,-0.150990099009901
42614,0,-0.3246511627906977
22779,0,0.1127864897466828
55467,0,-0.0051559047385217
28345,0,0.0358322324966973
65365,0,-0.0168
59408,37,0.0056469432850478
84372,0,0.0772563176895306
13303,0,0.1092250922509223
80345,76,-0.0491228070175439
90377,42,-0.1156901688182722
55993,0,0.3373956815472247
56040,0,0.1417361451692005
45487,0,-0.0435754189944133
80004,0,0.1837381203801478
78900,0,0.0153448275862069
56232,0,0.034183082271147
25590,76,0.0079681274900398
52337,76,-0.0306451612903226
58501,0,-0.0160213618157543
34497,0,0.0360215053763439
56937,10,0.0146430750457595
56945,0,0.506024096385542
57067,10,0.0036014405762305
38658,0,0.0241423125794155
57251,0,0.0113207547169811
57286,0,0.0457734714333444
64450,0,0.0080331692148223
34649,0,0.1101871101871101
24096,0,0.0280851063829787
47466,60,-0.0609053497942386
60986,34,0.0474826033565287
21207,0,0.042966874699952
34673,76,0.0264227642276422
57534,0,-0.1265570503238664
61815,75,0.0583710407239819
57780,0,-0.0078454511680762
64311,75,-0.0062780269058295
28118,0,-0.048396501457726
84402,0,0.0226659471127899
44206,34,-0.0005194805194805
38762,0,0.0338095238095239
23931,0,0.0086605080831407
58246,0,0.0461441213653601
24766,0,0.04549684624134
58318,0,0.1866531165311653
58334,75,0.037987012987013
38703,75,-0.0010451140916215
34817,0,0.1170307227845852
11406,20,0.0877712031558184
58756,0,0.0
77555,57,0.0577942735949099
58836,0,-0.0229885057471264
34833,0,0.0079455164585697
72611,0,-0.0705882352941176
58975,0,0.0972712680577849
80378,0,-0.051859649122807
59089,0,0.0768149882903979
23026,0,0.0295842217484008
59222,0,0.1219728949122416
24440,0,0.0540319279574295
13610,60,-0.047718930256948
63714,0,0.0461049284578696
25232,0,-0.0211546936976642
90705,0,-0.095004095004095
59871,0,-0.0169739894981071
90721,34,0.0237209302325582
60098,34,0.0048964218455742
51457,0,0.0193072118114707
60186,0,0.0793028322440088
77157,0,0.1967799642218248
44230,0,0.040391676866585
60354,0,-0.0575079872204471
22509,0,0.0078997080542675
60506,0,-0.2955383246472607
13688,0,0.0491620111731843
86136,0,0.0179833012202954
75083,75,-0.0078403421240199
61138,72,0.0061280438638928
61146,0,0.1365740740740739
61218,0,-0.0889929742388757
61269,9,-0.0591836734693878
58675,0,0.2225433526011562
41355,37,0.0214584469903618
61322,76,-0.0513112884834663
61496,0,0.0810810810810809
57509,0,0.3233082706766916
61787,0,-0.1422444603288063
44353,0,-0.074635922330097
61955,0,0.0233653323673248
22517,0,0.0177165354330708
62034,0,0.1823555166374781
35203,57,-0.1602564102564102
13821,0,0.0501648610456901
13856,0,0.0981802793059669
50550,10,0.0919904837430611
27713,76,-0.0355329949238578
62341,51,0.3503305004721435
62368,0,0.1076363636363637
21936,0,0.0005460005460005
17806,0,0.1399497819479318
21776,75,0.0023887727679903
52898,34,-0.0087155963302753
13901,0,0.0352581399532287
13928,0,0.0453855494839103
62958,58,-0.0799031476997578
63125,0,0.0145038167938931
24459,34,0.0189748644652538
63240,0,0.0535384615384615
80185,9,-0.0032459425717851
53815,0,0.0335820895522387
60695,0,0.1370927318295738
56143,0,0.0399032648125756
49744,0,0.1367292225201073
23501,0,0.0556383507203179
63811,0,0.0412461605967531
63830,0,-0.0350502244069246
77880,34,0.0419103313840156
64152,0,0.0032660332541567
64195,0,-0.1794736842105263
18163,0,0.0141472101305897
55511,0,0.0119601328903653
23712,0,0.0374119718309859
25443,60,-0.0478205670757511
64929,0,-0.0007686395080707
64961,0,-0.204766107678729
65008,0,0.0134003350083751
87043,76,0.0547945205479452
65083,0,-0.0300973070830504
27756,0,0.0204953031596926
65163,0,-0.0748955596709591
65270,57,0.0324324324324323
69649,0,0.0047318611987381
66683,0,-0.0148992112182295
65518,40,-0.0787269681742043
65700,0,-0.0233644859813085
18286,0,-0.0722222222222223
24942,0,-0.0036053752867912
91380,0,0.0265600825167613
66078,31,-0.051383399209486
58771,60,0.0317848410757948
76711,0,0.0004629629629628
66369,0,-0.1023622047244094
76282,0,0.0183150183150182
66799,60,0.0492296129274709
66967,0,0.1237590999338187
80294,0,-0.0008688097306689
84381,0,-0.0647835431378569
35991,0,0.117078410311493
23990,0,0.0122230710466004
36003,0,-0.0818181818181817
23472,0,0.0553359683794467
45495,34,0.027097902097902
67847,0,-0.0069970845481047
54818,0,0.0576719576719577
66050,0,0.1381599747075561
47490,0,-0.0039750141964792
68049,0,0.0590383444917832
27633,0,0.0010869565217392
68196,76,0.053703157273532
81028,0,-0.0028490028490028
68233,0,0.1378238341968911
54199,0,0.1890410958904109
68340,0,-0.0660136286201023
46340,0,-0.1478599221789882
76149,76,0.0123948649845064
68591,0,0.0111343075852472
91687,10,0.2229617304492512
22840,60,0.0234521575984991
91708,0,-0.083009708737864
23085,75,0.0077764976958525
25013,76,0.0239452679589511
12253,20,-0.1857394366197182
45671,39,-0.0218676122931442
36281,0,0.1003279016393443
85926,0,0.0012050612572807
14322,0,0.0623728813559321
86865,0,0.0077519379844961
41574,0,0.0397350993377483
51625,0,-0.0145560407569141
71116,34,0.0147465437788019
50243,0,-0.0567164179104477
67723,0,0.1370748299319728
49138,0,-0.0176322418136021
70536,0,-0.0238989416182997
70616,0,-0.0882061446977205
70659,39,-0.0396629675297985
65402,0,-0.0035245113745594
45794,0,0.0456046223689641
60206,60,0.027287319422151
14461,76,0.0383064516129032
71176,60,0.058100084817642
26614,0,0.022837706511176
63335,63,0.2952380952380953
71395,76,0.0017730496453902
15720,0,0.0495454545454545
71475,0,-0.0352941176470588
18411,75,0.0174496644295301
76091,0,0.0812917594654789
77015,0,-0.0198436560432951
71686,0,-0.0155928214180641
58683,0,-0.0762541806020066
71782,34,0.0865522174535049
66093,20,-0.0584313725490195
63765,0,0.0876513317191285
71942,0,0.0311284046692608
71985,0,0.1055276381909549
17523,0,-0.0516332982086407
72232,0,-0.0062995326153222
72304,39,-0.1058020477815698
16715,31,-0.1215777262180974
39220,0,-0.0028735632183907
72494,60,-0.0652173913043477
43481,0,-0.0639834881320948
71124,0,0.0555555555555553
43350,0,0.0224392819429777
18438,0,-0.0685984624482555
92073,0,-0.0204558404558405
36898,60,-0.0223463687150837
27254,60,-0.0141914191419141
72980,10,-0.2192513368983957
58464,0,0.0127586206896552
73139,0,-0.0001126887536623
73219,0,0.0951585976627711
72733,0,-0.08506151142355
14656,0,0.1091073038773668
37022,0,-0.0214521452145214
52396,0,-0.1735137747704205
47861,0,0.014
73681,0,-0.06497461928934
66739,0,0.1390887290167866
73940,0,-0.016184971098266
43334,0,0.0105421686746989
52038,0,0.0453466912733984
74203,0,0.022962962962963
37161,76,0.0560616678346181
62420,0,-0.1434977578475337
74406,0,0.022332506203474
74580,0,0.0162601626016261
15560,0,0.0607734806629836
42219,20,0.0595959595959596
92340,9,0.0392156862745098
44513,76,-0.023404255319149
74908,0,0.3964285714285716
92399,0,-0.2763754045307443
74932,34,0.0262417994376755
57007,0,-0.025935162094763
43123,0,0.3510638297872339
44329,0,0.0546012269938651
63773,0,0.0870549185274591
60142,0,0.1346153846153845
75257,0,-0.0102459016393442
66114,0,0.1033022861981374
75460,60,0.0029784065524942
84375,0,0.260828625235405
51369,0,-0.0836431226765799
37284,9,0.2006578947368422
79641,0,-0.0602950609364977
15579,0,-0.0223285486443381
24563,76,0.1720833333333333
23579,0,0.0386636636636636
62092,0,0.0071761750986722
38578,0,0.0414857694163048
45129,0,-0.0467784642541925
76100,0,-0.1558441558441559
50606,0,0.0368174726989078
76209,76,0.0234806629834254
14795,0,-0.0031746031746031
76340,0,0.0181347150259068
48696,0,-0.0317387304507819
37399,0,-0.0465393794749403
14816,34,0.0347222222222223
62308,0,0.0986509274873523
76639,0,-0.0708971553610503
76807,0,-0.0851851851851851
37460,0,0.0872675250357652
76946,0,-0.2063492063492062
61209,0,0.0729729729729729
65787,75,-0.0244188318030865
12010,0,0.1007194244604317
55001,0,-0.0934579439252336
92583,0,0.1025641025641026
48389,28,-0.0101626016260162
59600,0,0.0123456790123457
45356,0,0.06803738317757
76185,10,-0.0689999999999999
77730,58,0.0325097529258777
17929,0,0.0263565891472867
79244,9,-0.0504385964912279
77893,0,-0.1687499999999999
77973,0,0.0598290598290598
78044,76,-0.0522088353413655
24985,0,-0.0184303168357837
48725,60,-0.0118012422360249
78263,0,-0.0095804426825238
63781,0,0.0704792589609344
78749,57,0.0052151238591917
53663,34,0.0286508445584776
41371,0,-0.0218855218855219
78829,60,0.0242609582059123
87447,75,-0.0089799354567139
79039,0,-0.1067073170731706
15077,0,0.0663679641556986
79303,0,-0.0005033979360683
17830,28,-0.0359011932175006
39087,0,0.0183802412406663
79338,10,0.1288384512683578
67360,0,0.0153846153846153
59619,34,-0.0332843857072931
79637,0,-0.0180262199563001
14891,60,0.0320478001086366
79776,0,-0.0294695481335952
26606,35,0.0259740259740259
43553,0,0.0571764705882353
79864,0,0.2196861626248218
79944,0,0.1171974522292993
80128,75,-0.0178571428571429
27043,0,0.0096455268869062
81116,0,-0.0308970099667773
77006,0,-0.0535248041775456
79860,0,-0.2048192771084336
61700,0,0.013671875
80900,35,-0.1071428571428572
57808,39,-0.0314113597246126
45348,0,-0.0002222222222221
15202,60,-0.0083857442348009
56063,0,0.0826306913996628
86008,76,-0.013113525665043
21231,60,0.0368515205724508
53225,28,0.0593606218807509
24969,0,0.0123249299719887
81700,0,-0.0827178729689807
46068,0,0.1828743545611015
81702,60,0.066876475216365
42059,34,-0.060492040520984
46076,0,0.6718213058419245
63829,0,0.145945945945946
63060,0,0.0236597029952179
38906,0,0.0602493074792243
79066,48,0.0375
62498,0,0.0359550561797752
66384,0,0.1133919843597262
59467,57,-0.0005861664712777
38033,0,0.1093247588424437
39917,60,0.0616661243084932
17337,0,0.2596491228070174
25419,0,-0.03963133640553
77053,60,0.0645641917059844
38156,0,-0.0660749506903353
64135,0,-0.0853700516351119
83030,0,0.0002678810608092
38172,0,0.0062597809076683
83142,0,0.22991347342398
24803,76,-0.0670731707317072
66747,0,-0.0529556650246304
58819,0,-0.0054074932406334
25099,0,-0.0095813372214121
83345,0,-0.0535506402793944
42286,0,0.1311239193083573
83433,0,-0.1054665930425179
84403,0,0.0315789473684211
15472,0,-0.0005331437711035
27983,0,-0.0341530054644808
63079,0,0.2093023255813952
83863,0,-0.0203794799718904
59483,24,0.0060509554140126
38295,0,-0.0642201834862384
84129,60,-0.0063096862210094
84161,42,-0.1485507246376812
88832,76,-0.0274436090225563
90756,28,0.0097803706245709
11262,0,0.0413476263399692
80098,0,-0.0029761904761904
72996,0,0.1552044609665428
87426,10,0.3336996336996336
88664,76,0.0158817086527929
87856,0,-0.1390685640362224
15318,75,0.0230467849734961
71563,60,0.0013477088948785
80072,34,-0.0094869992972592
89763,0,-0.0709459459459459
85586,0,0.0140845070422535
90916,50,0.1638795986622072
35917,60,0.016641452344932
70332,0,0.0270541082164328
90537,34,0.0943396226415094
68742,0,-0.0124333925399645
75216,26,0.1111111111111111
89499,0,0.0135135135135133
10147,0,0.0199430199430199
10100,9,-0.0574712643678161
38149,31,0.0066390041493775
75491,0,-0.0132013201320132
87637,0,-0.031322505800464
10028,79,0.1703252032520326
77576,0,0.0544850498338869
90879,0,0.0867579908675799
10078,0,0.004350293171931
10138,0,0.0082438650306748
10042,72,0.3756756756756756
10107,76,-0.0405063291139239
10108,0,-0.0661741085769354
10143,0,-0.0581127733026466
10200,0,-0.1351351351351352
10163,0,0.0866666666666666
10272,39,-0.0481572481572482
10302,0,0.0179245283018867
10299,0,0.0015011258443833
85845,0,0.1707212287202621
10324,39,-0.0790434465133259
12217,0,-0.0690134321445112
10363,0,-0.0917107583774249
10333,76,-0.0797546012269938
10353,0,-0.0203862660944205
10382,0,-0.0199261992619926
10397,60,0.0392370572207083
10383,0,-0.0488527017024426
10404,0,0.1287027579162412
10257,76,-0.0889830508474576
76565,0,-0.0905752753977968
10418,0,-0.0918114143920595
10463,0,-0.0559936908517348
70033,0,0.0407523510971785
10371,50,-0.0931827349737797
10421,0,0.0020714655618851
10530,0,-0.0597402597402598
79698,60,-0.0061565523306946
10606,0,0.0423423423423423
10550,0,0.1365461847389557
79785,0,0.0644418872266974
70156,0,0.0297029702970297
75070,0,0.0366568914956011
10597,39,-0.0135869565217392
10547,0,-0.2039473684210526
10586,0,-0.0622788393489031
76123,0,0.0374683544303797
79903,34,0.0207373271889401
10667,0,-0.1423357664233577
10355,0,0.0444444444444445
10661,68,-0.3588516746411482
45225,0,-0.0464441219158199
75596,0,-0.0076335877862595
10691,0,-0.0689228229467603
10649,0,-0.0265237020316025
79909,57,0.1650686706400621
75517,0,0.0085470085470085
75071,0,-0.0198675496688741
10696,0,0.0318437249130318
10785,68,0.1883802816901409
10791,42,-0.0092307692307691
10644,0,-0.0952380952380952
44813,42,-0.1666666666666666
70500,0,0.0179039301310044
10828,0,-0.0478873239436619
70965,0,0.0090361445783131
75224,0,0.0506533746463693
89659,0,-0.0050062578222778
10881,0,-0.3977777777777778
71191,0,-0.0205882352941175
10026,0,0.1225653206650829
86758,60,-0.0300751879699248
10994,0,-0.1011235955056178
10812,0,0.0091074681238614
10908,0,0.0046511627906977
10909,0,0.1418367346938773
62296,0,0.0778625954198473
88779,0,0.01
10924,0,0.0934083099031553
75222,0,0.0509849362688297
10935,0,0.0321615557217651
10860,0,-0.0580645161290324
10443,0,-0.0226193800614353
10032,0,-0.1172127365020767
11701,0,0.065965583173996
71538,40,0.0163934426229508
10001,76,0.0798668885191349
11038,0,-0.0256217030896759
10657,0,-0.0015451174289244
75215,10,0.0356816102470265
75035,68,-0.0289855072463767
64515,0,0.1754180111469638
77453,0,0.0362500000000001
71909,0,-0.0509585052171803
77081,0,-0.0214941022280471
11082,0,-0.1304347826086956
11137,0,0.7079405655855566
11923,0,-0.0678304239401496
10838,68,-0.04
10362,0,0.2483221476510066
77150,0,0.1926091825307951
11194,0,0.0495049504950495
80037,0,0.0228552500828087
11292,57,0.0964801215497594
11162,0,-0.1675925925925926
29621,0,-0.0405244338498211
11347,79,-0.0280373831775699
75545,0,-0.098173515981735
11358,65,-0.0351758793969849
64390,0,0.0001209921355109
65294,0,-0.0157480314960629
11415,0,0.0281577898791338
12173,0,0.0412486064659975
11371,76,0.064
75058,0,-0.0161538461538461
11378,0,0.0231213872832369
11384,76,0.0163934426229508
11403,0,-0.0687990343995171
11478,0,0.1286974571873378
76310,0,-0.1534883720930232
85991,0,-0.2833333333333333
11411,0,0.0564186426819295
11481,0,0.085932085932086
11531,0,-0.0341296928327644
75101,0,0.2392613408269772
75470,70,-0.0053436968666504
11552,39,0.0128490239683716
75107,0,-0.1083870967741935
11547,0,0.1260733801717408
75554,0,-0.0135951661631419
11441,47,0.0859728506787329
75150,0,0.1132075471698113
11600,0,0.0449892882646989
75558,0,0.0862884160756498
75104,0,-0.0446142469805275
11043,0,-0.0625514403292181
11315,0,-0.1142857142857142
11473,0,0.1022727272727272
11654,10,0.1609022556390975
11638,0,0.0164705882352942
11636,0,0.0666666666666666
11641,0,0.0
11394,0,-0.0613718411552346
11622,0,-0.0357142857142855
75526,39,0.0751733365770588
11533,0,0.0045477513895908
11656,0,0.1026418786692757
11707,76,-0.009376126938334
82811,76,-0.2038961038961039
11681,76,-0.255663430420712
75172,0,0.0249999999999999
11775,0,0.108695652173913
11781,39,-0.1422018348623853
75233,0,0.0555555555555555
75186,76,-0.0277998411437648
11671,0,0.2484662576687117
75244,0,0.0888888888888888
11809,0,0.0682414698162729
19289,0,0.0087960417811985
11731,0,-0.0102325581395348
11825,0,0.4835796387520525
17559,79,-0.0326530612244898
75162,0,0.0149672591206735
11910,0,0.0756756756756755
11873,0,0.0477611940298505
75261,0,-0.0338123415046492
37217,0,0.0085846867749419
75272,0,-0.0090634441087613
88197,34,0.0198614318706698
11599,0,-0.0934203917629331
85789,75,-0.0236501561802766
75262,0,0.0597519729425028
11618,0,0.0112734864300625
84666,79,-0.2033898305084746
82107,75,0.0165788406972029
11881,0,0.0757381258023106
75902,0,-0.0909090909090908
10623,0,0.0488250652741515
84769,0,-0.0638716512789464
10574,0,-0.1156249999999999
11898,9,0.0372670807453414
11884,10,0.2561686855091969
75182,0,0.0213458755426916
75577,0,-0.0124999999999998
75241,0,0.0062656641604008
75259,0,-0.0008841732979664
62084,0,0.1154347826086958
75320,0,0.0643500643500643
75285,28,-0.0351444588184562
75308,39,0.1133828996282528
11927,0,0.06072298943948
86168,39,-0.0676676676676676
10901,0,-0.0044117647058823
75316,0,0.0285306704707561
11903,0,-0.0668662674650698
11891,0,0.0777035387280375
75228,39,-0.1095999999999999
79634,0,0.1316526610644257
75286,9,-0.0330378726833199
11509,0,0.1510791366906474
80186,0,-0.2283272283272283
11955,60,0.0266570605187319
84176,0,0.0236568184207759
11752,0,0.0533220482437579
11970,0,-0.0827250608272506
81774,10,0.1570808464460118
12149,0,-0.1734265734265734
12188,0,0.2570093457943925
12248,75,0.0083769633507853
12067,76,-0.0552453717308257
75573,0,0.0927899686520377
11917,76,-0.2681481481481481
11887,0,0.0830830830830831
11306,0,0.0021222410865873
11976,0,-0.0150753768844219
75326,0,0.0601013758146271
84387,0,0.1703470031545741
11998,0,-0.1031518624641835
28223,0,0.5733333333333333
17743,0,0.0815372630485589
10119,0,0.0188153310104528
12022,0,0.0323636363636363
75585,76,0.0
12113,63,-0.2142857142857142
12226,0,-0.1005405405405405
12260,40,-0.0915254237288135
12265,39,-0.0861291937906859
12074,0,-0.0907161803713528
12236,39,0.1496062992125983
87137,0,0.0056677293659228
12214,0,-0.0670103092783505
12062,0,-0.0822014051522249
12190,0,0.507042253521127
80926,39,0.0288770053475935
75333,58,0.0694190719766167
12209,0,0.7681241584579406
75432,0,0.144505033557047
75383,0,-0.0354063474591818
75444,0,0.0390898483080512
77579,0,0.0382916053019144
12174,0,-0.3218623481781376
36346,0,0.1406844106463878
58094,0,0.0018979833926453
75684,79,-0.0804020100502511
75729,35,0.0297766749379653
85269,0,0.1337868480725623
12169,0,0.0508161379735139
75591,0,0.0215827338129495
82540,60,-0.0508333333333332
83189,0,0.0746705710102488
75734,0,0.0686184812442818
75477,0,0.0699999999999998
75447,42,0.0410309278350518
76573,0,0.046073977936405
75730,39,0.0808510638297872
75625,0,0.0705882352941176
75721,0,0.0547619047619045
10375,0,0.0383539752297241
75694,0,0.0430190623390005
63467,0,0.0646278130409694
75649,0,-0.0900383141762452
75740,10,-0.0602409638554217
86787,39,-0.0338028169014084
75646,0,0.0566083283041642
75609,0,-0.0754545454545455
75606,76,-0.2072978924189996
75607,76,0.0559566787003611
75764,0,0.0160078405749755
75654,0,0.0377535101404056
86861,0,0.0108147080028839
12073,0,0.1857029807438672
75603,79,-0.0266311584553928
75998,0,-0.2234641566518194
10051,0,-0.136
80422,0,-0.0613767895217787
75825,0,-0.0178807947019866
75962,40,-0.174863387978142
75853,33,-0.205298013245033
75854,0,-0.0372786579683132
10304,75,0.0579136690647481
76148,0,0.140362659503022
78717,0,0.0734715297822092
15070,60,0.0807829181494661
85922,0,0.019074844074844
16644,34,-0.0410639290713952
92663,0,0.0029165147648559
75556,0,0.0067462376751425
86124,0,0.0331096196868008
11628,34,0.006605504587156
75831,0,0.0796296296296295
75828,76,0.0064020486555698
11646,0,-0.0441176470588235
22198,39,-0.0069686411149826
11348,0,0.0610071942446042
12165,0,0.0088888888888889
11506,0,-0.0184065934065934
23326,0,0.0101071975497701
23799,0,-0.0621650589496248
11285,0,0.0093712212817413
11389,60,0.0613065326633166
11442,9,-0.0205320994794678
10769,0,-0.0190808922332706
86896,0,-0.0272822665267575
10916,75,-0.0466305655836342
75503,0,0.0
11018,0,0.0491843796342066
11513,0,-0.0120754716981131
75851,0,-0.0088743577767399
10974,0,0.0660660660660661
87952,0,0.0490259740259739
35503,75,0.008078088185796
11216,0,0.0095978062157222
11847,0,0.1153654070251373
35829,0,0.0995403472931564
75605,34,0.0236
88007,0,0.0426829268292681
88015,0,-0.0338284084214441
10650,0,-0.0142857142857142
75616,0,-0.0339130434782609
88891,0,-0.0421052631578947
10252,0,-0.0161535722378686
44688,0,-0.0570652173913044
89440,75,-0.0335135135135136
10271,60,0.0106251544353841
90086,60,-0.0416918429003021
10290,0,-0.0397643593519883
10638,60,-0.087962962962963
11652,0,0.1295681063122922
12189,0,-0.0831996332798533
11208,0,0.1266666666666667
75550,75,0.0235050120981679
11713,76,-0.0350877192982456
10906,0,0.0350931677018631
11823,0,0.0773751224289911
52936,0,0.0715034598448312
11625,0,0.0246305418719212
56611,75,-0.0194444444444443
10297,0,-0.1671537112799532
10056,0,-0.0223385689354275
75860,79,0.0420420420420419
75856,0,0.1091549295774649
11786,0,-0.0104016180294712
10562,0,-0.0203449800973021
75509,34,0.0139251523063534
11634,60,0.0199556541019956
10932,0,0.0
11293,75,0.0797700323392023
93105,0,0.0198473282442748
67046,0,0.1154058531198232
11750,0,0.0097965335342879
11593,0,-0.0800942285041225
69586,20,0.1288043478260869
35685,34,0.0523150932050511
75861,0,-0.0271111687637825
83729,0,-0.0523224773091297
10308,75,0.0245726495726497
77519,60,0.0022238695329872
10085,0,0.0740157480314962
10682,0,-0.0352504638218923
92807,0,0.0247524752475247
83469,60,-0.0118784820771576
86814,75,-0.038095238095238
84409,0,0.0237154150197629
86384,0,-0.0039990421455937
10781,34,-0.028268551236749
79031,0,0.0766713417484805
84725,0,0.0355
83642,34,-0.0887005649717513
76037,0,0.0078659370725033
76331,0,0.007805325987144
83641,0,0.0018559762435039
75773,0,-0.0095648015303682
86566,0,0.0105900151285931
10232,0,-0.0006666666666667
12166,0,0.0368464052287582
10629,0,0.0886198547215497
81652,0,0.0105105105105105
75866,0,0.2592202318229715
10913,60,-0.063169164882227
78922,0,-0.0749999999999999
77643,75,0.0222531293463141
77379,0,0.0227805695142377
11006,0,-0.0048270313757039
86382,75,0.0226765799256507
77889,0,-0.10703125
39766,0,0.0086666666666668
81620,0,0.0642217932970696
75912,0,0.0883054892601429
75888,0,0.0564655172413794
85299,0,-0.0048543689320388
11705,0,-0.0318279569892472
77181,60,0.0080304311073542
10002,58,0.1204220980757293
76000,0,-0.066588785046729
77415,75,0.0171455050973123
90561,0,0.0023584905660378
83155,0,0.0360985768830268
79851,0,0.0065217391304348
77798,34,-0.0142757417102966
11844,0,-0.0252016129032257
76266,60,0.0133620303111827
91855,34,0.0088365243004417
79189,0,0.0622073578595319
79113,0,-0.030745179781136
75881,0,0.5532425940752601
75906,0,0.0619544390036195
77236,0,0.1296296296296295
76060,0,0.0117599351175992
85749,75,-0.178072625698324
11056,0,-0.0387862796833773
91265,0,0.1377551020408163
77528,75,0.0019887305270136
79747,0,-0.0478971962616822
75755,0,-0.0232558139534884
11397,75,-0.0176216505485264
81019,0,0.0458715596330274
20395,60,0.018
75900,0,0.0035955056179775
76023,0,0.0
33647,0,0.0173160173160171
75925,0,0.0325203252032522
84516,0,0.0060832943378568
63562,60,0.0119617224880383
77300,0,-0.0009507209633973
75930,0,-0.0039447731755425
76371,70,0.1261950286806885
76090,0,-0.0198113207547169
76082,0,-0.0042622950819671
76085,76,-0.0259740259740259
76095,0,0.1415525114155251
76374,68,-0.1442857142857142
76101,0,-0.0820276497695851
85671,0,-0.0868055555555555
79148,0,-0.2442857142857143
76445,0,-0.0419354838709677
76299,0,0.1666666666666667
76391,76,0.0827832783278328
76963,68,0.0081743869209809
76127,0,0.0366361365528724
76128,0,0.0516666666666665
76110,9,0.2639007698887938
76314,0,-0.0950226244343891
76435,0,0.0075566750629723
11396,9,0.0118577075098815
76336,0,0.0445238095238094
76135,34,0.1374296435272044
78981,76,-0.0033510192683608
76138,79,0.1699463327370305
76317,42,-0.2872340425531914
76139,0,-0.0007917656373714
76415,0,-0.2218798151001541
76302,0,-0.0410958904109588
76165,19,0.032590051457976
76868,0,0.0514705882352941
79584,0,0.0833333333333332
76931,0,-0.6176381757777106
76306,0,0.0598825831702543
76448,35,-0.0558882235528941
76383,0,-0.0773195876288659
76392,9,-0.0627843494085531
76372,0,-0.0632911392405063
85875,75,0.0953722334004023
84669,0,0.1144088080421255
76887,0,-0.0747252747252746
76544,53,0.0753813939575231
83566,35,-0.2386363636363636
76195,0,-0.098575712143928
83671,0,-0.0494296577946767
76171,0,-0.0530066815144765
76202,0,-0.0389182058047493
76367,0,0.1016635859519408
76201,0,0.002147971360382
87053,0,0.0600858369098713
79259,0,0.1090261282660332
76207,0,-0.0043358297201419
84911,0,-0.0202247191011235
85685,0,0.1015037593984962
76214,0,0.0831234256926951
76360,0,-0.156441717791411
81651,10,-0.1398747390396659
76443,0,0.0714548802946593
77486,76,-0.1362007168458781
76240,0,0.1060296371997955
76228,34,-0.0502136752136751
76230,0,-0.1079407806191116
76223,0,0.0293288212069937
76366,0,0.1379310344827586
76421,0,0.0829585798816567
76272,20,0.1605431309904152
76254,72,0.0312322274881515
11644,0,0.1041189931350115
76261,0,-0.0787828261775738
76259,0,-0.0943396226415095
78106,0,-0.0426481715006303
76264,0,0.0008250825082509
76224,0,-0.0099544937428894
76265,0,-0.100418998340879
77256,0,0.09984496124031
76385,0,-0.1266666666666666
76477,76,0.019642857142857
76478,0,0.0078037904124861
79037,0,-0.0052631578947369
78071,70,-0.0398963730569947
85520,0,-0.0991735537190082
76529,0,0.1018069634200087
76515,0,0.7964071856287427
76504,0,0.10508166969147
76507,79,0.0660633484162893
83551,75,0.0820752127367554
80634,76,-0.1680161943319837
76553,0,-0.0780141843971631
76879,9,-0.1650943396226415
11493,0,-0.0796226415094339
76582,0,0.1648969394128667
76584,0,-0.0254596888260255
76586,0,0.0310842019848947
76598,0,0.1316079295154184
76613,0,0.2818181818181817
76614,76,-0.0471063257065947
77004,0,0.4153846153846154
76619,0,-0.3428355957767722
76978,0,-0.0679611650485437
76622,0,0.3911845730027548
76624,71,-0.0892448512585813
76625,0,0.0904245543098696
76627,0,0.0005376344086021
79910,0,0.0514874141876429
87035,0,-0.0736842105263158
76644,0,0.0792951541850222
76653,0,0.0266009852216748
76888,0,-0.1359223300970873
76656,35,0.0936568752660707
76837,0,0.0171929824561403
77010,0,0.0433825840930524
76638,0,0.0948048136190196
76661,0,-0.102708803611738
76686,10,0.0254071661237784
76691,29,-0.0780346820809249
76693,0,-0.1260273972602739
76695,0,-0.0497670997793576
82478,0,-0.0500000000000001
76856,0,0.1656357388316152
19968,0,-0.0980280080022865
76702,0,0.0913396481732069
76706,0,0.0273972602739727
76709,0,0.0426704777460189
76710,0,-0.0902872777017782
76934,76,-0.2957198443579766
76712,0,-0.0717213114754097
76714,0,-0.0729166666666666
76720,0,-0.1026785714285714
76721,0,-0.0546163849154747
76684,75,0.0092077831827659
76960,75,0.0066526610644257
76732,0,0.0630985915492958
76980,0,0.0041052631578946
88031,10,0.3277777777777777
76744,35,0.1372351160443996
76750,0,0.0342906129447064
76764,0,-0.0665024630541872
76945,0,0.1545150024944765
76779,0,-0.0049792531120332
76795,0,0.1065015479876163
76792,0,-0.0050878815911192
76796,0,0.10546875
76798,0,0.1675126903553299
79500,0,0.0922330097087378
76999,0,0.1311377245508982
76892,0,0.0330788804071247
76943,9,-0.0144404332129963
81564,0,0.0320013264798539
76841,0,0.2901349464867382
76845,0,0.0492957746478872
76846,76,-0.1428571428571426
77204,76,-0.0025165146272412
76843,0,-0.1099999999999999
76830,60,0.0061438380917961
77018,0,-0.1422287390029326
77032,0,-0.0409577819785758
77042,0,-0.2596363636363636
77074,0,0.309854655805782
77063,0,-0.00812324929972
77235,0,-0.0997150997150996
77037,0,0.0780897063568892
85426,0,0.0041336548398207
77099,0,-0.2148465381870092
77087,0,0.1523911491791576
77095,26,0.1507246376811595
77207,0,0.130514705882353
77103,42,0.02490234375
77106,34,-0.010043352601156
77090,0,0.1000709723207948
77117,0,0.0341693929480189
77114,10,-0.0249207068418668
77165,0,-0.0817934782608694
77180,0,-0.0963949843260189
77182,0,0.170059880239521
77191,0,-0.0273972602739724
77184,0,0.1905241935483872
77175,42,-0.1697772426249247
77178,39,0.0764374680088721
77173,0,-0.0315151515151514
77257,0,-0.0231394621638524
77259,0,0.4711428571428571
77261,76,-0.1783783783783784
77262,0,-0.058091286307054
77263,0,-0.1714285714285714
77264,9,0.1791044776119403
77271,0,0.3011494252873565
77274,0,-0.0098522167487684
77284,16,0.0076074553061999
77279,0,0.0010526315789474
77282,0,-0.0733944954128441
77281,0,0.1458425967096488
77289,0,0.5006257822277846
77326,9,-0.1808873720136519
77327,0,-0.2105263157894736
77338,0,0.0012373685295936
77347,0,0.083953241232731
77334,45,-0.0271844660194175
79200,0,0.0134629768137621
77366,0,0.0424343941931881
77362,0,0.0918674698795181
77392,0,-0.041132075471698
77461,0,-0.0049019607843138
77405,0,0.0526927547462225
77475,0,0.0503778337531486
77413,42,-0.0639625585023401
77418,76,-0.0182128628343768
77421,0,0.013724266999376
77425,0,-0.0174672489082968
77433,0,-0.0223924572775485
78147,0,-0.036027263875365
77426,76,-0.0194444444444444
77427,0,0.0267699115044248
77437,0,-0.0930232558139534
77472,76,-0.0853403141361257
77447,0,-0.1136242682277806
77448,0,0.1080139372822299
77495,12,0.2531645569620253
77768,0,0.0256989550974302
77502,0,-0.0026845637583893
77507,0,0.0441176470588235
77512,0,0.0858895705521471
77546,20,0.0464759959141982
77515,0,-0.1588397790055249
77517,0,0.0054221533694811
77526,34,0.028615863141524
77520,0,-0.0749007936507937
83738,0,0.0336036036036035
77582,0,-0.1071428571428571
77585,0,0.0035087719298245
77599,72,-0.0130434782608696
77610,0,-0.0686456400742115
77605,0,0.0014709487619515
77624,0,0.3968253968253967
77649,0,-0.0043478260869564
77629,0,-0.0464285714285714
77630,72,0.0421661260753065
77660,0,0.0515151515151515
77662,0,-0.1338481338481338
77668,0,0.0550737207285341
77673,39,-0.0774125132555674
77679,0,0.1211573236889691
77683,0,-0.0215208034433285
77685,0,0.0489396411092986
84776,0,-0.11509900990099
77701,0,0.0422360248447204
77702,0,0.0215788036055721
77790,26,-0.0079681274900399
79407,0,-0.0150943396226415
87505,0,0.0393881453154876
77763,60,-0.0124352331606218
77767,35,-0.0994764397905758
77775,0,0.0164551010813351
77778,0,-0.0868000000000001
77780,10,0.0215721040189125
77783,0,-0.0098410295230886
77785,10,0.3936418887330528
77787,0,-0.0585079202861522
77837,0,-0.2225
77839,0,-0.3142857142857143
85759,0,-0.0140845070422535
77868,0,0.0724637681159421
80758,0,0.1329032258064515
77887,76,-0.1522491349480969
77892,51,0.6359773371104818
77898,0,0.0082093381221139
77900,0,-0.0934579439252336
77902,0,0.1032469049287547
77918,0,0.1430062630480169
77917,35,-0.2352150537634408
77971,0,-0.0552032823573294
77967,0,-0.1478571428571429
77976,0,0.0109510086455331
77982,0,-0.1204188481675392
77984,0,0.0272727272727273
87462,0,-0.097560975609756
77993,68,0.1932721712538225
84315,0,0.0807017543859649
78001,0,-0.0315789473684209
78018,0,0.0486322188449848
78008,0,-0.0951173113506658
78009,0,0.0889423076923077
78015,75,0.0283393160778386
78051,76,0.3333333333333332
78054,0,0.0520833333333332
78062,0,0.2970639032815199
78065,0,-0.0188034188034187
78077,0,-0.0546697038724373
78068,0,0.0660112359550562
78073,0,-0.0187969924812031
78081,39,0.0694927032661569
78083,0,0.0004636068613814
78082,0,0.1850746268656715
78112,10,0.1939136588818117
78210,0,0.114457831325301
78145,16,-0.1727272727272727
78179,71,-0.0593607305936072
78189,0,-0.0186915887850467
78155,0,0.0
78197,0,0.0698689956331879
78139,0,-0.0236612702366126
78172,0,-0.0090332500480492
78170,0,0.0766550522648084
78208,0,-0.0630011454753723
78137,0,0.0655539429124332
78156,0,0.1409523809523809
78193,0,0.1157142857142856
78213,0,0.321079839172889
78157,0,-0.0196270853778213
78840,0,0.0099224806201549
78214,76,-0.0140845070422535
78195,0,-0.0119412941961307
78830,0,-0.0018018018018017
79427,0,-0.0774647887323943
78818,39,-0.0391807658058772
78815,76,0.0306569343065692
86889,0,0.1523272214386459
83583,0,0.0359047619047618
78894,39,0.0321428571428572
78908,5,-0.2302607418288652
79033,34,0.0219780219780221
78875,42,-0.0446749102512964
78889,76,0.0079681274900398
78876,76,-0.0934844192634559
78868,0,0.123076923076923
78915,76,-0.0193050193050192
78867,0,0.1333333333333333
78916,0,-0.0126854439905396
82640,76,-0.0213523131672598
79065,0,0.0666666666666666
79006,16,-0.2976190476190476
48653,0,-0.0604372053150448
79022,0,0.1156249999999998
78955,0,-0.0971513605442176
78990,0,0.0734824281150159
78950,0,0.1285714285714285
78987,0,0.0024390243902439
78977,0,0.0933169079149984
79025,42,0.1022364217252396
78959,78,-0.0864406779661017
79072,0,0.0331244404655326
79087,0,0.0996119016817593
81491,9,-0.0988483685220729
79089,0,0.2006908462867012
79080,0,0.0018181818181819
79108,79,-0.0275862068965517
79131,0,0.0130533484676504
79116,0,0.0309734513274337
79133,0,0.009483404042925
79103,0,0.0561476475175461
79069,0,-0.2068564787914003
79100,68,0.0208877284595301
80656,0,0.0007236842105264
87218,0,0.0427145708582834
78910,0,0.0915309446254071
79150,49,-0.083743842364532
79149,39,-0.321651090342679
79212,0,0.1376286694624475
79166,34,-0.0039660056657223
79167,0,-0.0323383084577114
79198,0,0.5364583333333335
79159,0,0.0516252390057361
79164,0,-0.212445308701993
79192,0,0.073978863181948
79157,0,0.0195760965557845
79237,76,0.0942835931700074
79254,0,-0.0095693779904306
79323,0,0.0037395512538496
79280,0,0.1041948579161029
79247,0,0.1869158878504673
79299,0,0.0788235294117647
79289,34,0.031767955801105
79248,0,0.1024498886414253
79249,0,-0.1352201257861635
79328,0,0.020393299344501
79251,0,-0.0284210526315789
83659,40,0.1546961325966849
79336,0,-0.0166320166320166
79265,63,0.0616022099447512
79313,0,-0.0224106602059358
79252,0,0.0111576011157601
79262,0,0.0433070866141731
79283,0,-0.2425925925925927
79390,0,-0.213157894736842
79444,0,0.0693257359924026
18649,0,0.116828342471531
79392,0,-0.0671641791044777
79417,0,-0.1266375545851528
79382,0,0.0242736300110335
79366,35,-0.1532163742690059
79420,72,-0.285501489572989
79428,71,-0.0010526315789473
79399,10,-0.0909642207398422
79666,0,0.0373831775700934
79467,0,-0.0371529135705904
79512,0,-0.0269749518304431
79518,0,0.0731428571428571
79523,0,-0.188034188034188
79507,0,0.1162393162393162
79472,68,0.1970074812967581
79499,16,-0.0192771084337349
79525,42,-0.0808988764044944
79545,0,-0.0292724924666379
79528,0,-0.0308056872037916
79502,0,0.0772284373872249
82763,0,0.2047727272727271
79491,0,0.1466946868290009
79517,0,0.1231558691468892
81103,0,-0.0116504854368932
79577,0,-0.0191666666666666
79836,68,-0.0495508548246885
79564,42,0.1284004352557126
79588,0,-0.018572825024438
79612,0,0.3600654664484453
79568,0,-0.3518276762402089
79607,0,0.2808988764044944
85913,60,0.0054066231133138
79591,9,-0.2151724137931033
79610,0,-0.0042016806722687
79628,0,-0.1468363136176066
79668,34,-0.0159203980099502
79670,0,-0.04
79613,0,0.0338645418326695
79731,0,-0.078125
79712,0,-0.0256410256410256
79724,0,-0.0444790046656298
79758,9,0.2336561743341403
79686,5,0.23300515705579
79689,0,-0.041860465116279
79740,0,0.0589595375722544
79734,0,-0.0825821596244131
79393,9,0.002375296912114
79704,0,-0.2888888888888888
79721,42,-0.2641509433962264
79725,0,-0.040103076179739
79718,0,0.0340860673199829
79824,75,-0.0069825436408977
79819,0,0.2062499999999998
79845,0,-0.3571428571428571
79857,0,0.053732210281731
79828,0,0.0113496932515335
79906,0,-0.0313901345291479
79862,0,0.0206055508830949
79839,0,-0.0781099324975891
79795,0,-0.0985517484987636
79791,0,-0.1138036809815951
79878,0,0.0399345335515548
79927,0,0.0663390663390661
79802,79,0.0627177700348431
79846,0,0.0
79915,58,-0.00656918838737
79841,0,0.1232682060390764
80223,0,0.0535298681148177
79879,0,-0.0529411764705881
79796,0,0.0220420572586776
79850,76,0.0344129554655869
79884,10,0.08
79799,0,0.0276305828917484
79859,0,-0.1486060606060606
79801,0,0.125
79935,0,-0.049079754601227
79971,76,-0.0769230769230769
80023,0,-0.0238095238095237
79973,0,0.1504237288135592
79994,0,0.2305660377358491
80055,0,-0.0742424242424242
80034,0,0.0290478752017213
80049,0,-0.0665110851808634
80080,0,0.0616695913762848
80001,51,0.1247947454844007
80012,0,-0.0655640874187831
80007,34,0.0040650406504065
80050,39,-0.0142180094786729
84723,53,0.0840879689521345
79943,0,-0.0789036544850497
80000,0,0.0671021377672207
80002,0,-0.0274454609429979
79965,0,-0.0178571428571429
81290,0,0.1033018867924528
80079,0,-0.0034374104841019
83344,0,0.0
80054,0,0.0426439232409379
80122,0,0.0306049822064056
80130,0,0.006608695652174
80121,0,0.007360088876545
80167,0,-0.0388520971302427
80113,9,0.1807692307692308
80112,0,0.0418562329390355
80159,0,0.1211699164345405
80165,68,0.0954979536152795
80127,60,0.1020717534108135
80135,0,-0.1132852729145212
80252,0,0.1357921207041073
80239,0,0.0635135135135134
80242,0,-0.1382636655948552
80279,5,-0.0035
76697,0,-0.1711711711711711
80236,0,-0.038141993957704
80256,35,-0.2941176470588235
80204,75,0.0671739130434783
80254,0,-0.0623428858722977
80286,0,0.0110979929161747
80257,0,-0.0301507537688442
80191,75,-0.0452855694491382
80193,26,0.1466266223318675
80237,71,0.005181347150259
80266,0,-0.0709046454767726
80325,68,-0.0976
80361,0,-0.0385873119686068
80309,10,0.1688574317492415
80375,0,0.2615769712140174
86230,16,-0.4041666666666667
80343,0,-0.0923076923076922
80316,0,0.0259179265658746
80362,0,-0.0532472691161868
80368,0,0.1709601873536301
80310,35,-0.065438495490309
84584,0,-0.0304951690821255
80336,0,-0.0006688963210702
80357,26,-0.0860215053763441
80303,35,-0.0081632653061224
81066,0,0.0319829424307034
85179,0,0.159676604345629
80467,0,0.0277777777777776
80479,57,0.0345489443378117
80439,0,-0.223792160437557
80485,0,0.4288888888888889
80463,0,-0.1701492537313433
82541,0,0.0813186813186812
80415,0,0.0515408181654351
80478,34,0.0152317880794701
80469,0,-0.1644578313253013
80446,0,0.167736757624398
80460,0,0.0498591549295774
80539,0,0.1199294532627865
46392,76,-0.1089230769230769
80568,0,-0.0433070866141731
84345,35,-0.1151079136690647
80512,0,-0.0144927536231884
80569,0,-0.0174807197943445
82846,0,-0.1466666666666666
80534,0,-0.0137195121951219
80528,0,0.0338114754098359
80537,79,0.191611842105263
80557,0,-0.1166077738515901
80577,0,-0.0823529411764706
80560,0,-0.1272197962154294
80563,0,0.064882400648824
80575,0,-0.0454913061059442
80579,76,-0.0725869941741458
80679,0,0.0092675635276531
80658,0,0.0218531468531468
80621,0,0.0100298183789644
80625,0,-0.0274157303370786
80629,0,-0.0954063604240282
80670,0,0.0746527777777779
80633,0,0.1113320870291556
80756,0,0.0115702479338843
80737,0,0.0502811776381078
80768,0,-0.0239947145559926
80762,0,0.0236220472440944
80759,0,0.0383205598133955
80774,0,-0.054848617814831
80740,0,-0.0096793708408953
80776,0,0.0025461489497136
80828,72,0.0
80791,0,-0.0531667635095873
80798,0,0.0814676616915424
80820,39,-0.062111801242236
80852,0,0.0016501650165017
80856,60,-0.0050370001865555
80797,0,-0.048780487804878
80812,0,0.1199421965317919
80804,0,-0.258695652173913
80808,0,-0.0384615384615384
80713,0,-0.0876288659793815
80816,0,0.066491130820399
80837,0,-0.0701970443349753
80928,0,0.0113207547169811
80955,58,0.0904545454545453
80864,0,0.0841379310344827
80913,0,-0.1296663660955817
80932,9,-0.0213903743315507
80943,42,0.0240756663800514
80942,0,-0.0046493607129018
80979,0,0.0133333333333331
80997,0,0.1335403726708073
81002,76,0.1842629482071713
81048,76,-0.0341463414634145
80993,9,-0.1313559322033898
80973,0,0.0148026315789473
81001,0,0.0559872484558676
81010,0,-0.2726513569937369
80960,0,-0.0588235294117647
80987,0,-0.0053235053235054
80957,0,-0.0267857142857143
80969,0,0.0186862967157417
80648,0,0.1079545454545454
80990,0,0.0772659732540861
81084,76,0.0
81110,0,-0.0053404539385847
81109,0,-0.0231660231660232
81097,76,0.0152671755725191
81098,76,-0.0563204005006258
81119,0,-0.0613437195715675
81055,0,-0.0050647158131682
81060,0,0.1242603550295859
81071,0,-0.0283809523809523
81182,0,0.033033033033033
84122,0,-0.2216674987518722
81142,0,0.0744274809160305
81137,0,0.1734939759036144
81162,0,-0.1158142269253381
84211,72,0.0485436893203883
81126,0,0.0666875391358796
81178,42,-0.0018007202881152
81184,0,0.0
81185,0,-0.2883435582822086
82248,76,-0.1
81173,0,0.0593368237347293
81172,76,-0.044642857142857
81128,0,-0.3142495936427668
85748,0,0.0217777777777776
85679,0,-0.0174074074074073
81148,0,-0.0110336817653889
81200,0,0.0262162681879367
81201,0,-0.0724637681159419
86993,0,0.0819252432155657
81214,0,-0.0944123314065511
85205,72,-0.0030549898167007
81188,0,-0.0542907180385289
81220,39,0.0791476407914764
81206,26,-0.0321428571428571
81241,0,-0.1501405058209554
81288,0,0.6860465116279069
81275,39,-0.1223628691983123
81256,16,-0.00556586270872
81259,0,0.0776699029126213
81242,20,-0.0079365079365079
81244,58,0.1038961038961039
81254,72,-0.0643712574850299
81291,0,0.0626865671641792
81262,0,0.2059813084112149
81293,0,0.0626745268383495
81292,75,0.0055302537410539
81282,0,-0.1986636971046771
81278,0,0.0034920634920634
81488,9,-0.0129870129870129
81508,0,0.0692067213755374
81309,35,-0.1014492753623187
81298,0,0.0326086956521738
81475,0,-0.1044016506189821
81501,0,-0.2985589608280901
81297,0,0.144186046511628
87532,0,-0.0065040650406503
83458,0,0.4017543859649122
81483,0,-0.0833333333333333
81540,0,0.0541326067211627
81566,0,0.0704323570432357
80833,0,0.0338345864661653
81541,0,0.0121819166215484
81546,0,-0.0724381625441696
81560,0,0.0035443037974682
81590,0,0.0398466257668712
81588,0,-0.0625
81533,26,-0.0331928345626975
81539,0,-0.0994475138121547
81565,0,0.026842105263158
81562,0,0.2028169014084506
81584,0,-0.0675105485232068
81636,68,0.0357142857142858
81595,0,-0.0841423948220063
87476,0,-0.0386740331491712
81624,0,-0.1261682242990653
81647,0,-0.1183637946040034
81601,0,0.0620220900594732
81621,0,0.1529745042492918
81705,0,-0.0932372949179671
81736,0,0.0683314415437004
84223,35,-0.127906976744186
86245,34,0.0321497120921305
85332,0,-0.0509433962264151
81740,0,-0.0798534798534797
81741,0,-0.0029325513196482
81676,0,0.0954545454545454
81747,0,0.0909090909090908
81763,0,-0.0286984640258689
81682,0,-0.0540334855403349
81756,0,-0.0649006622516557
81743,39,0.1579601990049752
81670,10,-0.0350385423966362
81761,76,-0.2689655172413793
81653,0,-0.0484330484330485
81857,20,0.0604316546762588
81696,0,-0.0104109589041097
81666,0,-0.0610687022900764
81665,0,-0.1550068587105624
81726,0,0.0481203007518797
81691,0,-0.0605095541401273
81698,39,-0.0230496453900709
81709,57,-0.0285714285714285
81865,0,0.0911214953271029
81677,0,-0.0258143822987092
81851,0,-0.0406549971767364
81776,39,-0.0979087452471482
81893,10,-0.0012722646310433
81769,42,0.3090909090909088
81901,76,-0.2031884057971015
82231,49,-0.0458333333333332
81850,19,-0.0789473684210525
81869,76,0.2114285714285715
81889,0,0.2086956521739131
82155,0,-0.0192307692307692
82171,0,-0.0024390243902439
82156,0,0.0186757215619695
81920,0,0.1014598540145985
81925,0,0.0908360128617364
82201,13,0.4767932489451476
82212,0,0.0030303030303029
82179,0,-0.0252075007685214
83236,76,-0.1000629326620515
82176,0,-0.084507042253521
85832,75,-0.0131795716639209
82168,19,0.0849056603773585
82207,0,0.0101180438448567
82281,16,0.1021186440677965
82272,0,0.058673469387755
82285,0,0.1079545454545454
82266,0,-0.045766590389016
82235,35,-0.0165876777251183
84836,76,0.0803782505910166
82287,0,-0.0438709677419354
82236,0,0.0181818181818183
82255,39,-0.0751831793564828
82261,0,0.1141732283464567
82242,0,0.0520607375271147
82486,75,0.101903435468895
82494,0,-0.1241379310344826
82497,0,-0.0085287846481876
82488,0,-0.0516826923076924
82504,0,0.1141837220371251
82508,0,-0.044845661036692
82536,0,-0.0600558659217876
82539,5,-0.0217391304347825
82295,0,-0.042
82471,76,-0.0434782608695653
82298,76,0.1017621145374449
82518,0,-0.2957746478873239
82515,0,0.1310452418096725
82507,39,-0.0285714285714286
82521,0,-0.1132728058798097
85374,75,-0.0358580314672519
82501,0,-0.012551440329218
82307,0,0.134346959122632
82575,0,0.0758220502901352
85032,76,0.1336633663366335
82581,0,0.0192444761225942
82621,0,-0.1490683229813664
82551,0,0.0371445153801508
82618,68,-0.5318600368324125
85760,47,-0.1777777777777778
82584,0,0.0594059405940594
82649,0,0.0454545454545456
82544,42,-0.1777777777777777
82593,9,-0.1233137829912023
81661,9,0.0453488372093024
82552,0,0.0721593968766827
82643,0,-0.0072385088671732
82549,40,-0.0350970204644257
82546,76,-0.0901856763925731
82547,0,-0.0281501340482572
82583,0,0.1881930184804929
82642,0,0.0397852086892849
82613,9,-0.152403282532239
82651,0,-0.0255869163809021
82558,0,0.016
86042,0,0.0267587397496762
82634,0,0.0410557184750732
82557,9,0.010752688172043
82638,0,-0.0655913978494624
82573,60,0.0063897763578273
82587,0,-0.1685323383084577
82619,42,0.0415973377703826
82635,76,0.0467185761957731
82607,0,0.0115942028985507
82554,0,-0.0763052208835342
82606,0,-0.009489380930863
82599,0,0.0135617416131335
82697,0,-0.0012492192379763
82724,16,-0.117829457364341
82762,0,-0.0364779874213836
82779,0,0.0146341463414634
82720,0,-0.0978835978835978
82686,0,0.0467980295566501
83974,0,0.0131916452913154
82759,0,0.0705882352941176
82512,0,-0.0419019316493312
82727,35,0.25
82480,0,0.0316368638239339
82717,0,-0.0253258845437616
82722,0,-0.1009615384615385
82768,39,0.0155844155844155
82710,0,-0.0597014925373134
82755,0,-0.0370572207084468
82702,0,0.142857142857143
82730,0,0.0996491228070175
82685,0,0.0923076923076922
82681,0,-0.0328467153284671
82747,0,0.1396825396825396
82816,76,0.0107758620689657
86131,0,-0.027027027027027
82800,0,-0.1389521640091117
82812,0,-0.0666666666666666
82821,0,0.0064030131826742
82837,0,-0.0006779661016949
84067,0,-0.0328006728343146
84578,0,0.0148285449490268
82839,0,0.0664864864864864
83875,0,6.908071748878925
86122,0,-0.0848214285714287
83113,39,-0.0236928104575163
83131,0,-0.144278606965174
83162,0,0.0748675420410043
83127,68,0.1652542372881356
83161,0,-0.0469613259668507
82861,0,-0.0089887640449438
85838,72,-0.1850775193798449
84825,0,-0.0866231725320253
86286,0,-0.0219047619047619
83145,0,-0.0056818181818182
87471,35,-0.3111111111111111
83149,13,-0.0778688524590164
83120,0,0.0460593654042988
82857,76,-0.1194331983805669
83123,76,-0.073
83121,0,0.0009086778736937
87005,72,0.0171919770773638
37381,0,-0.004149377593361
83124,76,-0.0230286113049545
83374,10,-0.1272189349112424
85294,0,0.0
82859,76,0.0996784565916399
84157,0,-0.025
83307,0,0.0185567010309279
83251,0,0.0153940886699508
83143,0,0.0773480662983425
83317,0,-0.2844036697247707
83291,0,-0.0338624338624337
84639,50,0.0084643288996373
83283,0,-0.0064350064350063
85406,0,0.0118616144975287
83299,0,0.2633744855967077
83304,76,-0.0113378684807256
83309,0,0.4983164983164982
83244,0,0.0797935688765383
83301,0,-0.0553359683794466
83350,0,0.0303030303030302
83390,0,-0.1658137154554758
83416,0,-0.1568181818181818
83373,0,-0.0166666666666667
83332,0,-0.0647321428571429
83413,71,0.1333333333333333
83412,0,-0.1663479923518164
83435,0,-0.0561941251596422
83356,0,0.1362068965517242
84215,0,-0.03954802259887
83347,35,0.5658536585365854
83414,60,0.0055664335664336
83421,76,0.1346875
83366,0,0.1319740500463391
83383,0,-0.0526315789473683
83362,0,-0.0210526315789473
83377,0,-0.2767527675276753
83418,0,-0.0770083102493075
83404,47,-0.1439688715953306
83405,0,-0.0719394194362642
83422,39,-0.1814006888633755
83444,0,-0.0495049504950495
83520,0,0.0197740112994349
83504,34,0.0058881256133465
83531,0,0.0119318181818179
86744,0,0.0631229235880399
83582,0,-0.1120162932790224
83499,61,-0.3507692307692308
83478,39,0.0232835820895522
83496,76,-0.3806866952789699
83509,0,0.0946666666666666
86388,0,0.1122448979591836
83568,35,-0.1644444444444445
83466,0,-0.1457446808510639
83547,0,0.0108932461873638
83462,0,0.0821529745042495
83475,0,-0.1208070617906682
83495,9,-0.0898203592814371
83565,0,-0.0078037904124861
83534,57,-0.0152320226709175
83452,76,0.0197238658777121
83535,35,-0.0696798493408661
83581,71,0.0631067961165048
83503,0,0.032934131736527
83575,42,-0.1261061946902654
83467,0,0.0072463768115942
83559,70,0.2363981596436135
83558,26,-0.1316374413435417
85714,0,-0.0273311897106109
86091,0,0.0475418692598594
83699,0,0.5148861646234675
83616,0,0.0883765609990394
83690,0,0.1048758049678013
83632,0,-0.0238993710691823
83709,0,-0.0523364485981306
83592,72,-0.1715976331360946
83651,0,-0.0279898218829517
83615,0,0.2008016032064128
83650,76,-0.0488013698630137
83657,33,-0.0455861070911722
83664,0,-0.1880638445523942
85523,0,0.1207349081364828
83625,0,-0.0218181818181818
83621,0,0.0569020021074815
83622,0,0.1059907834101383
83633,0,0.1020036429872495
83638,0,0.0512333965844402
83630,0,0.2250755287009063
83653,0,-0.0959302325581396
83669,10,-0.0552016985138005
83661,0,0.0986342943854323
83815,0,0.0287112561174551
83602,0,-0.0368349249658935
83677,68,0.0696864111498256
83694,42,0.2450980392156863
83683,0,-0.282778581765557
83693,35,-0.0218045112781956
83702,0,-0.06
83744,16,-0.0772951353362477
83740,0,-0.0966386554621848
85824,0,0.0326241134751772
83764,0,-0.0176190476190475
83722,16,0.0084388185654007
83789,20,0.1315115286080272
83720,0,0.0317345834835918
83779,0,-0.1440922190201728
83800,76,-0.1196698762035762
84806,75,-0.0018083182640145
83799,0,-0.0359361135758651
83813,0,-0.0459965928449744
83790,76,-0.127659574468085
83807,0,-0.0602628001812416
83756,79,-0.1634703196347031
83866,0,-0.0289567631892107
83916,0,-0.2555235350624399
83879,0,0.0330470986208693
83832,0,0.1817450743868114
83822,9,0.172465960665658
83844,35,0.03954802259887
83828,0,-0.0341463414634145
83908,68,-0.158095238095238
83893,0,-0.0096368668511788
83838,16,-0.0825082508250825
83889,5,-0.0684972303293824
85857,0,-0.009273570324575
83860,0,-0.1322033898305084
84736,0,-0.0103846153846153
83883,39,0.0897959183673469
83850,26,0.018970189701897
83862,0,0.0228734810578985
86300,0,0.0058309037900874
83897,0,0.0696245733788396
83910,0,0.3215962441314552
83884,35,-0.1423357664233576
83906,0,0.0461538461538462
83885,0,0.239189189189189
83903,0,0.0031104199066873
83831,0,0.0
83934,0,-0.0016643550624131
83929,0,0.0
83969,57,0.0
83928,0,-0.1172825338535689
83918,0,-0.4606424285210024
83981,0,-0.0532646048109965
83931,0,-0.0291262135922331
83991,0,0.0406639004149378
83967,0,-0.0742982938910292
83944,16,-0.1602564102564102
83995,0,0.0552486187845302
84007,0,-0.0244857982370225
83950,0,0.068840579710145
83961,10,-0.1000901713255185
83982,34,-0.0567253975075204
83942,0,0.141317365269461
83946,76,-0.0700636942675159
83965,57,0.0059790732436473
84001,0,0.0073508623126945
83953,0,0.0826086956521741
84047,0,0.0368020304568528
84069,0,-0.0697211155378486
84140,0,0.0045662100456622
84030,10,0.2345679012345678
84104,0,-0.0223463687150837
84131,0,0.0409356725146199
84023,0,-0.0088781275221954
84026,76,0.0
84117,0,-0.3048386742515759
84103,10,0.0744622173193603
84062,0,0.1172413793103448
84110,0,0.0719298245614035
84036,76,0.0748460445286594
84133,39,-0.0087719298245613
84636,0,0.0273387441264416
84508,35,-0.1846153846153845
84052,0,-0.1653786707882534
84058,0,0.0466111111111109
84020,0,-0.0369218810726778
84134,0,-0.1612620508326029
84136,0,-0.0988023952095809
84098,0,-0.0734294261626327
85996,60,0.0714285714285714
84042,0,0.001411432604093
84111,0,-0.0147401086113266
84010,0,-0.1126389701579871
84060,0,-0.1928057553956834
84107,0,-0.0662251655629139
84041,0,-0.0564174894217207
84032,0,0.1555814858031894
84057,0,-0.1818181818181817
84031,35,0.135831381733021
84056,76,0.0230188679245282
84075,0,-0.0464700625558535
84164,72,-0.056
84168,0,0.1365269461077844
84203,0,0.0494897959183673
84186,0,-0.1455399061032862
84238,0,-0.0921431509666803
84247,19,-0.3712624584717607
84280,39,0.3338235294117648
84250,28,0.0636749545178896
84243,0,-0.1298363095238094
84234,39,-0.0848656294200849
84214,0,0.1770682148040638
84281,35,0.0644067796610168
84162,0,-0.0657960823706679
84172,10,-0.0128865979381442
84262,0,0.0758651286601597
84169,0,0.1746361746361746
84277,79,0.06
84283,0,-0.0142857142857142
84210,76,0.1538929440389294
84348,39,0.145610278372591
84325,0,-0.1205479452054794
84330,0,0.0
84311,0,0.4214285714285715
84365,0,0.0645468998410174
84342,0,-0.1013071895424836
84291,0,-0.057277628032345
84364,0,0.0478519035976248
84302,0,-0.2857142857142857
84320,0,-0.04177545691906
84373,0,-0.0250588235294116
84319,0,0.0632228218966846
84317,33,-0.1447368421052631
84309,0,0.0729729729729731
84331,0,-0.0162093862815884
86440,0,0.2865168539325844
85176,0,0.0352941176470589
84313,0,-0.0418632075471698
84438,0,0.0049627791563273
84385,0,-0.1078838174273859
84420,0,0.1267379679144384
84426,0,-0.1063291139240507
84511,0,-0.147239263803681
84559,0,-0.0777943368107301
84531,0,-0.1048593350383632
84525,0,-0.3253731343283582
84742,0,-0.0734463276836159
84536,76,0.0815421357898327
84514,0,0.0912343470483005
84561,76,-0.1226993865030674
84563,0,0.0415057237165532
84549,0,0.0319148936170212
84565,0,-0.043956043956044
84555,0,-0.0783009211873079
84543,39,0.075268817204301
84571,71,-0.1528662420382165
84624,0,-0.1883575883575884
84616,10,0.0576251455180443
84605,0,0.1486338797814206
84604,35,-0.0942622950819672
84530,0,0.1343177189409368
84606,0,0.1187692307692307
84620,0,-0.1370588235294118
84389,0,0.0274015748031495
84597,0,0.0220680958385877
84738,0,-0.0148794253463313
84737,0,0.2378908645003068
84749,0,-0.0200579710144928
84763,0,0.2271428571428571
85211,79,0.4063745019920319
84607,0,-0.2397058823529412
84509,0,-0.1379310344827585
84599,39,0.0136363636363636
84656,0,0.0732769044740024
84756,0,0.1033187226048841
84734,0,0.1151855047454704
84779,60,-0.0468972051160586
84792,0,-0.0210918114143922
84784,0,-0.1624040920716113
84827,0,0.0394736842105263
86075,0,0.0135211267605632
84811,0,-0.0014492753623189
84768,9,-0.0666666666666666
85204,40,-0.0904645476772615
85035,0,-0.0273972602739726
85002,35,-0.1650485436893204
85005,0,-0.0090909090909091
85072,0,0.1115894039735099
85034,0,0.0407331975560081
85067,0,-0.0935064935064935
85051,0,-0.0355555555555555
85013,0,-0.1818181818181817
85047,0,0.0289927178976885
85077,0,0.0200501253132832
85020,0,0.0428571428571429
85025,0,0.0649858726363834
85059,26,-0.0298953662182361
85168,0,0.0543478260869565
85240,76,-0.0280673616680032
85187,0,0.1320754716981131
85210,76,-0.0446927374301676
85177,0,-0.0302267002518892
85178,0,-0.0129870129870131
85225,0,0.3430232558139534
85175,0,-0.1694915254237288
85158,0,-0.0083333333333333
86279,0,-0.0233415233415233
85245,0,-0.1645833333333333
85222,0,0.0160919540229884
85198,75,0.0746136865342164
85246,0,0.1294117647058823
85680,0,0.0457516339869283
85231,39,-0.0450885668276972
85216,0,-0.0481203007518797
85255,0,-0.0218181818181819
85213,0,0.0952380952380953
85196,0,0.087719298245614
85223,56,-0.0500000000000001
85292,0,-0.0092250922509224
85304,0,-0.0654450261780105
85280,0,-0.1333333333333333
86004,0,0.0058823529411764
86818,72,-0.0632630410654828
85311,20,0.1050228310502283
85306,53,0.1008468052347959
85291,0,-0.0390625
85320,48,0.138557637705849
86264,0,-0.0317832050853127
85319,0,-0.067177166724678
85531,0,0.046885617214043
85298,0,0.2317880794701987
85351,0,-0.1626794258373205
85401,0,0.0845771144278608
85349,0,0.0162162162162162
85382,0,0.9531680440771352
85333,0,-0.0042553191489361
85348,0,0.092008257151283
85372,17,-0.0677170633590344
85317,0,0.024439027439215
85405,0,2.518518518518518
85625,0,0.0825
85354,68,0.2200083022000831
85336,10,0.0674536256323778
85353,0,-0.1335593220338983
85356,0,0.042654028436019
85395,9,-0.1217277486910994
85358,0,-0.015954950727358
85453,0,0.1111111111111111
85486,0,-0.2404809619238477
85611,0,0.1760683760683761
85418,0,0.0887122416534182
85502,0,-0.0578887627695799
85516,0,-0.0207667731629392
85452,0,0.0124610591900311
85411,0,0.0489690721649485
85463,35,0.0287162162162162
85482,0,-0.0106951871657753
85440,0,0.02088948787062
85488,0,-0.052376333656644
85517,0,0.1539473684210526
85458,39,0.0499432463110101
85432,0,0.0673234811165846
87139,0,0.0530612244897958
85500,0,0.0538461538461538
85415,76,-0.14
85424,0,-0.0476190476190475
85445,0,-0.1113831089351284
85492,68,0.1312741312741314
85495,0,-0.1440743609604956
87114,0,0.0440802486578129
85457,16,-0.0105433901054338
85512,35,-0.1383647798742138
85427,0,-0.0097932535364526
85419,0,0.0479041916167666
85496,76,-0.0464344941956882
85540,0,-0.0519480519480519
85590,0,0.0362503540073633
85621,0,-0.0393013100436681
85629,0,0.0166666666666666
85524,0,0.0346666666666666
85627,57,0.0991957104557641
85579,35,-0.2650602409638554
85539,0,0.0917874396135265
85571,39,0.0154405086285194
85622,0,-0.0584043250327654
85798,0,0.0930232558139536
85593,0,-0.0035377358490565
85521,57,0.020764705882353
85549,35,0.0070546737213403
85567,0,-5.882352941188884e-05
85576,76,0.0178890876565296
85522,0,-0.1149110807113542
85526,0,-0.0420168067226891
85565,9,-0.2515432098765433
85686,9,-0.0658602150537635
85702,0,0.04
85725,0,-0.0839243498817966
85675,0,-0.0812533191715346
85559,0,0.162003903708523
85707,0,-0.1119999999999999
86162,0,-0.0310077519379845
85548,0,0.3084112149532712
85645,0,0.077622974125675
85710,0,-0.0006779661016949
86017,39,-0.0667976424361492
85716,0,-0.0040444893832154
85647,0,0.0832997987927566
85663,0,-0.2169642857142857
85653,50,0.1184873949579832
85717,0,0.0139275766016713
85728,0,-0.1494722505958461
85708,0,-0.0099882491186837
85883,60,0.0752727272727273
86419,0,-0.0141689373297003
85752,0,-0.0316004077471967
85740,0,0.0285714285714284
87138,0,0.0956937799043062
85731,0,-0.0250569476082005
85751,58,-0.0215146299483648
85656,0,-0.0836065573770492
85880,0,-0.0060240963855422
85763,0,-0.0282392026578073
85776,0,0.19140625
85744,0,0.0025575447570331
85786,76,0.0160905840286054
85768,0,0.0840751730959448
85724,0,-0.0105242255758538
85755,0,-0.0630063006300629
85738,0,-0.012829169480081
85803,57,0.0496688741721853
54624,0,-0.03156462585034
85814,0,-0.0672030288689067
85933,0,-0.1153846153846153
85770,0,0.0933753943217665
85792,0,0.0513447432762836
85854,71,0.1111111111111111
85822,0,0.0015455950540959
85836,0,0.108910891089109
86497,0,0.018181818181818
85839,0,0.0557314756174796
87024,75,0.0098950524737631
85966,0,0.0370370370370369
85816,0,-0.0981697171381031
85846,78,-0.0564689063616868
85894,0,-0.0943298969072166
85886,0,-0.1581532416502946
85889,76,0.0120853194665127
85931,0,-0.0226073850791257
85903,0,0.5073041168658698
85804,0,0.04609375
85739,0,-0.2135016465422612
85865,0,-0.0098207045679791
85861,0,-0.0287558685446008
85876,0,0.0251165199378562
85923,0,0.0869565217391303
85864,0,-0.237327188940092
85963,42,-0.0046809559004682
85993,0,0.0336487907465825
86003,0,-0.0868678629690048
86102,0,0.0446746519909355
86111,79,0.0054595086442219
87014,0,0.0330368487928844
85860,60,-0.006935687263556
86354,10,-0.15
85863,0,-0.0210803689064559
86570,57,0.0760741032715806
87488,0,0.0254237288135592
85874,0,-0.0279937791601865
85829,0,0.0144444444444444
85879,0,-0.0095291479820627
87501,0,-0.0200860832137732
87508,0,-0.3211920529801325
85950,0,-0.0460561143462149
85669,0,0.0632183908045977
87472,78,-0.1066666666666665
87538,72,0.074468085106383
85986,76,0.0253164556962024
85939,0,0.0691927512355847
85951,0,-0.0315656565656565
85943,0,0.0196229318968834
85953,0,0.2727272727272727
86248,0,-0.0042372881355932
85976,0,0.0786516853932584
85980,34,0.0417276720351391
85985,9,0.0249999999999999
85995,0,-0.3288324066719619
85959,0,0.3539130434782609
85978,0,-0.0182729148246388
86302,0,-0.003125
85994,60,-0.0081466395112016
85948,0,0.0161737523105358
85992,0,0.0246428571428571
86006,0,0.0826245443499391
85946,39,-0.1007194244604315
86047,42,-0.1190339275445658
85979,0,-0.1818181818181818
86073,9,0.0464285714285714
86062,72,-0.1326530612244898
86034,0,0.0943952802359882
86026,0,0.1552087726697595
86063,61,0.0188679245283018
86021,0,0.0011223344556678
86083,39,-0.0921340131099781
86097,0,0.0129032258064514
86051,0,0.0569948186528497
86113,0,-0.0714285714285715
86048,42,0.1720430107526882
86774,39,-0.0273972602739726
86196,0,0.2699029126213592
86128,10,0.1808888888888888
86156,76,-0.2266666666666666
86164,0,-0.0063001145475372
86198,0,0.0544827586206895
86211,0,0.0001602564102562
86109,0,0.0370813397129188
86150,0,0.0435103244837757
87318,0,0.0336842105263157
86166,10,-0.047979797979798
86157,0,-0.0486177311725453
86158,39,-0.1270544783010155
87067,0,-0.0096967196203837
86151,0,0.0441176470588233
86249,0,0.1005089058524173
87564,34,-0.0428571428571428
86199,0,-0.0686813186813186
86188,0,-0.1680637049455154
86155,0,-0.0201870999507631
86176,0,0.1552757793764987
86178,76,-0.064039408866995
86180,0,-0.09697933227345
86288,0,-0.0554613707919593
86228,0,0.0517034068136272
86235,0,-0.0552344251766216
86240,26,0.0
87131,42,0.0043478260869564
86299,0,0.0082236842105263
86258,10,0.5342857142857143
86298,0,0.0555555555555555
86236,35,0.017857142857143
86250,0,-0.0672451193058569
86301,42,0.2251815980629539
86284,39,-0.02
86287,0,-0.0433915211970075
86244,16,0.0214917825537295
86233,0,0.0120772946859906
86260,76,0.046816479400749
86246,19,-0.1092176607281177
86728,0,-0.0814940577249574
86312,0,0.0512820512820513
87160,0,-0.1834677419354838
86323,0,-0.0245786516853931
86307,34,-0.0321161460624724
86576,0,0.1986725663716813
86713,0,-0.1587490102929533
86322,0,-0.0736352094794752
86332,0,0.0039757439460261
86305,76,-0.0275119617224879
86337,0,-0.0772442588726514
86226,9,0.0156521739130435
86316,0,-0.1446700507614212
86339,42,-0.0282258064516128
86338,62,3.810256410256411
86333,0,-0.028521536670547
86324,0,0.0040241448692153
87571,0,0.1362148002619516
86362,0,-0.0953846153846154
86356,0,0.0264455401165395
86253,60,-0.0026648900732844
86721,0,-0.0488888888888888
86397,0,-0.0285714285714285
86945,47,-0.1999999999999999
86437,0,-0.0233316608128449
86435,0,0.1515635130417436
86401,0,-0.0307281229124917
86432,0,-0.0150880134115674
86489,0,0.1628006872852232
86496,0,0.1036036036036034
86512,0,-0.0124999999999999
86516,60,-0.0785498489425983
86527,42,-0.1838649155722326
86544,19,0.0644216691068815
86525,72,0.0571923743500866
86531,0,0.0648464163822524
86447,0,0.074235807860262
86543,0,-0.0038419319429199
86526,0,0.036101083032491
86529,0,0.0409999999999999
86533,0,-0.3052173913043478
87069,0,-0.0214285714285714
86573,0,0.0889096864763687
86574,0,0.0760810071154898
86578,0,0.3926596279537455
87342,0,-0.0319792566983578
86582,76,0.0286225402504471
86579,68,0.0189300411522634
86547,0,-0.0193498452012383
86548,0,0.1052419354838709
86560,34,-0.0304557865994539
86583,0,0.0271646859083192
86602,0,0.0244625648628613
86719,0,0.0162523900573614
86709,35,0.0026560424966799
86727,9,0.0092348284960421
86715,9,-0.0345159736715363
86591,0,-0.0359168241965974
86595,0,0.1477663230240549
86717,0,-0.0279999999999999
86729,0,-0.0947630922693266
86739,0,-0.0504201680672269
86720,0,0.0468388993908843
86718,0,0.0797085201793721
86725,0,-0.0388362124951291
86770,0,0.208362369337979
86780,35,-0.0677966101694915
86748,76,-0.1279620853080567
86761,0,-0.0442953020134228
86777,33,0.3148230088495576
86751,0,-0.0109489051094889
86763,0,0.105807478122514
86789,0,-0.0039999999999998
86791,0,-0.1631103816167419
86768,71,-0.0454545454545455
86778,0,0.0215736040609135
86783,19,0.2033455305802405
86810,0,-0.0934193548387095
86820,57,-0.0352941176470588
86756,0,0.0912863070539418
86823,0,-0.0835164835164834
86840,42,0.0777777777777777
86822,0,-0.0518256772673733
86819,68,-0.0586701434159061
86850,0,0.0304878048780488
86813,0,0.0593471810089021
86858,76,-0.0485714285714286
86838,35,0.022443890274314
86827,0,-0.0083916083916083
86799,0,0.0922077922077921
86830,0,-0.0370741482965932
86836,0,0.0208333333333332
87039,0,0.0613207547169811
86899,0,-0.0292668791654592
86916,0,-0.0119305856832973
86923,0,-0.0156206415620642
86924,39,0.0166320166320166
86926,79,-0.3653846153846154
86876,0,0.267056530214425
86885,47,-0.1012244897959183
86887,0,0.1489479512735327
86935,0,-0.048611111111111
86908,34,0.0085889570552146
86890,76,-0.1731843575418994
86910,0,-0.0403225806451613
86915,0,-0.1352941176470588
86897,42,-0.149223497636732
86946,0,0.0452082627836099
83554,0,-0.1532163742690059
86964,0,-0.0294117647058823
86988,0,-0.0441558441558441
86982,0,-0.0979020979020978
86949,76,0.6022871664548919
86990,0,0.0222521915037086
86996,0,-0.0006741573033708
86983,71,0.0254777070063694
87006,0,0.0167865707434051
87013,76,-0.0460122699386502
86952,76,-0.1074074074074075
87002,0,-0.0141627543035992
86958,16,-0.0293453724604966
86966,0,-0.0597560975609755
87000,9,-0.2436750998668442
86965,0,-0.1136724960254371
86977,0,0.4748427672955975
86979,47,-0.1026708289975718
86991,0,-0.0238095238095239
87103,35,0.0
86961,39,0.090566037735849
87016,0,-0.0599455040871933
87020,0,0.0248510987882522
87121,0,-0.0860377358490566
87023,0,0.0309690309690309
87100,0,-0.0674053554939981
87126,0,-0.161344537815126
87049,0,0.0685975609756097
87054,79,-0.0401337792642141
87093,57,-0.0271021542738012
86975,0,0.1699999999999999
87066,68,-0.2095959595959596
87110,76,-0.0597878495660558
87085,16,-0.0023752969121139
87087,0,-0.3197674418604651
87099,35,-0.0676883780332057
87075,19,-0.0477016478751083
87056,35,-0.0424333458505444
87074,68,-0.0449438202247191
87105,68,-0.1275964391691395
87118,0,-0.1323353293413173
87034,0,0.1278787878787879
87086,61,0.1721311475409834
87081,76,-0.0052631578947368
87097,76,0.2047244094488189
87134,0,-0.0822649572649572
87162,0,-0.086359175662414
87183,9,-0.0267175572519084
87167,35,-0.1219512195121951
87165,0,0.1296296296296295
87158,0,0.071186440677966
87189,47,0.0211267605633802
87156,47,-0.0932835820895522
87179,39,-0.2114285714285714
87173,79,-0.1579390558391662
87172,0,0.0561941251596422
87178,0,-0.2232614884099227
87140,76,0.0310621242484969
87211,0,0.1533980582524272
87265,0,0.0844686648501362
87228,0,-0.1900932400932401
87241,71,0.0041493775933609
87264,0,-0.0311926605504586
87257,68,0.0501855287569574
87242,0,0.0695364238410596
87358,0,0.2183908045977012
87229,0,-0.012138970280452
87233,9,0.0999624586191596
87301,19,-0.09375
87236,0,-0.1790393013100437
87254,0,-0.027336860670194
87219,0,-0.0143149284253577
87267,0,0.0255084453636675
87314,39,-0.043708609271523
87357,68,0.0469684030742953
87316,79,-0.1304347826086955
87345,0,0.1185929648241208
87340,57,0.0479517307081613
87350,76,0.0860719874804383
87327,0,-0.1144314868804664
87268,0,-0.0547368421052631
87557,0,0.1111111111111111
87361,0,-0.0128865979381443
84108,20,0.1634615384615385
87269,0,-0.0326086956521739
87277,0,0.1125574272588054
87302,35,-0.1790123456790123
87298,76,-0.1763363134867794
87292,0,-0.0092208390963578
87349,0,-0.1377708978328172
87299,0,0.1644787644787646
87321,76,0.0238532110091742
87337,79,-0.2521186440677966
87407,0,-0.1627906976744185
87379,72,0.0376470588235293
87439,0,-0.0884353741496598
87430,0,-0.0873515024458421
87378,0,-0.0619834710743801
87441,0,-0.1355721393034824
87394,16,0.2474820143884892
87419,0,0.0256410256410257
87415,0,-0.2141762452107279
87457,0,-0.0182481751824818
87414,0,0.0797546012269938
87385,39,-0.0833333333333333
87424,71,-0.1859999999999999
87373,0,-0.0022988505747125
87400,0,-0.0843749999999999
87412,0,-0.1354705274043434
87420,0,-0.0127551020408163
87418,39,0.0206422018348624
87384,33,-0.1868852459016393
87510,0,-0.0585106382978722
87445,0,0.0524675324675325
87449,0,0.0993485342019544
87482,0,-0.0166534496431403
87474,71,-0.0638297872340424
87494,0,0.0165484633569739
86806,0,-0.0473061760840999
87507,0,-0.1284552845528455
87487,39,-0.1026666666666665
87489,0,-0.0358306188925081
87521,0,0.073340471092077
87523,16,-0.292910447761194
87492,0,0.0628626692456479
87478,79,-0.1824175824175823
87518,16,-0.002808988764045
87465,76,-0.0943396226415095
87499,76,0.0205128205128204
87525,0,-0.0143084260731319
87574,0,-0.0614478114478115
87539,0,-0.0050568900126422
87541,0,0.088724584103512
23887,0,0.1236146632566068
48506,0,0.04648614806699
26382,39,0.0535000000000001
