firms,clusters,mom1
50906,0,0.0130505709624795
21020,0,0.2798013245033113
11499,4,-0.0481927710843373
81912,0,0.050580431177446
20482,5,-0.009175995595522
10656,8,-0.0115163147792705
60038,0,-0.0054810810810811
10779,0,0.2975206611570249
61487,0,0.0621387283236993
61241,0,0.3808844507845934
88845,0,0.0889728615596014
28222,0,-0.0225491378270831
11368,5,-0.01082722513089
11456,0,-0.1538461538461538
28804,0,0.1558528428093646
11587,0,0.1491403696509756
42083,0,0.0404973357015985
11691,8,0.1204582651391161
11790,4,0.0941945405613224
71271,10,0.0338627897011833
10137,4,0.0682438580527753
10145,0,0.01897582531843
90335,0,0.16358024691358
45911,0,0.1527213647441103
24643,0,0.2875399361022366
28484,0,0.043823326432022
90893,0,0.3116531165311653
81073,0,-0.0300429184549355
39482,0,0.0285714285714286
10225,8,0.1247071075240824
12758,0,0.0525015441630634
24109,0,0.0807704255980119
59176,0,-0.0313172364331818
57904,0,0.0047794916358896
66800,0,0.0556338028169014
13470,0,0.1143044420914636
13507,5,0.1006266126059711
13603,0,-0.0077419354838709
58560,0,0.0904385334291877
13769,3,-0.0694006309148264
11144,20,0.1292517006802722
85257,0,0.0459518599562362
14008,0,0.0039041703637976
64864,18,-0.0999999999999999
18075,0,0.0783173734610123
14219,0,-0.1518987341772152
14227,0,0.0929557007988381
83112,0,-0.0118637581324148
39490,0,0.0828085642317379
14593,0,0.0541343104396978
14761,13,0.0009166666666666
10516,0,0.0162284972411554
14868,18,0.0282826110334446
77595,8,0.195369618196588
29209,0,0.1267123287671232
24272,10,0.1026996938491511
15457,0,0.08502538071066
15553,6,0.0555716353111432
15721,10,-0.0485668789808916
29787,0,-0.0164383561643836
44644,0,-0.0144994246260069
16030,0,0.1117647058823529
44601,0,-0.0284877529286474
27684,0,0.106788990825688
40416,5,-0.0802919708029197
53110,0,0.1318931210915293
52484,0,0.0880420499342971
75034,8,-0.0063819342169858
10318,0,0.0511292346298619
58755,15,0.0908737864077668
57568,5,0.046346893341429
24221,0,0.1052796983029542
16505,12,-0.0464135021097047
49656,8,0.0499249249249249
46877,5,-0.0524267120788224
39693,8,0.0896196002578979
47423,0,0.033033033033033
27887,0,0.0757103574702109
29612,0,0.0636144578313253
39642,0,0.05427807486631
17444,0,0.0945945945945945
65875,0,0.0530832803560077
65509,0,0.1549893842887475
43772,5,0.0119453924914674
11510,0,0.1554878048780488
17778,0,-0.0139165009940357
61508,0,0.0193749999999999
18033,0,0.0134028294862249
61946,0,0.1298260500636401
65154,0,0.0466321243523315
19561,0,0.032818164472429
42024,18,0.1994328922495274
18650,18,0.0063926940639269
52230,0,0.1970443349753696
87146,0,0.1107757319649862
60898,0,0.0038461538461538
47642,4,0.1023102310231023
17961,0,-0.0079533404029691
19393,0,-0.0023706045041484
10874,0,0.2659362549800799
55597,0,0.0474576271186439
19880,5,-0.0203761755485892
10890,13,0.2016204425054533
20117,0,0.1637781629116117
45655,4,0.0900673400673399
64186,0,0.0994389027431423
67838,8,0.0479784366576818
47626,10,0.0549450549450549
20336,0,0.0577728967370885
62148,5,0.0212721145745578
28564,15,0.0377562028047464
86290,0,0.1857142857142857
87451,18,0.2110091743119266
46690,15,0.1439162668992586
20504,0,0.1146341463414635
20512,0,0.0523481258078415
56602,0,0.0
20750,0,0.0065609622744668
21371,0,0.0003102699348433
27334,0,0.0669573341638118
23114,0,0.0491174213353797
20618,4,0.1626402070750647
30402,0,0.0450381679389313
18542,0,-0.0239767083404692
89792,0,0.0064443821798825
22437,0,0.0529965329370976
64557,0,0.0709247648902819
63503,0,0.0716125708397732
60599,0,0.0174206237707219
22374,20,0.1366055588409225
90011,0,0.1076964917051943
22921,0,0.0754583921015514
64194,0,0.0617529880478087
23182,0,0.0226547543075941
14541,0,-0.0134546386468479
30509,0,-0.0206896551724138
23297,8,0.0811594202898551
23393,0,0.0238821138211382
79026,0,0.079479768786127
68320,18,0.1063829787234043
47677,0,0.1577181208053693
86685,12,0.2321428571428569
27422,3,0.0460735360871538
24097,0,0.1697629724535556
46578,0,0.0121121619379458
24193,0,0.0712328767123289
11995,0,0.1411068863540345
11308,0,-0.0034965034965035
24441,13,-0.2082419991231916
24476,0,0.1695515342250195
30648,0,0.1842105263157893
61735,0,-0.0100697134004645
89525,0,0.1500682128240109
25452,0,0.0960352422907488
25487,0,0.3456410256410256
25778,0,0.0162895927601809
40125,5,0.0401374073404448
26084,0,0.2982171799027553
79618,18,0.0
26463,0,0.0911894273127753
11404,0,0.0587275693311584
41929,0,0.1521452145214519
26607,0,27.233449477351915
26650,8,-0.0294444444444444
23229,0,0.0997191011235953
30840,0,0.1038613861386137
21979,0,-0.001171234481143
27430,0,0.1188616071428569
59248,0,-0.0011059500110596
22293,0,0.1576738609112709
27474,4,0.0927914110429448
20204,0,0.0955277280858677
27618,8,0.0260416666666667
53575,0,0.3307888040712468
17726,0,0.0162892332141437
59256,13,-0.1483333333333333
31077,0,0.0712234348075817
41080,0,0.021380846325167
18091,0,0.10049191848208
83186,0,0.0251883239171375
19828,0,0.1439024390243903
28629,0,0.1149999999999999
29050,0,0.067467652495379
29058,10,-0.1830508474576271
22859,0,0.0275502606105733
29103,0,0.2929824561403509
60273,12,0.0731707317073171
29285,0,0.0580991109069792
61743,0,0.1465116279069767
11674,0,0.0867614061331338
76708,0,0.0443667157584681
29867,0,0.0230607966457023
40440,8,0.1316626889419252
79322,20,0.0483870967741935
44943,0,0.1636259977194982
30147,5,0.0537726429895877
26403,0,0.0671740569159498
10886,0,0.0037037037037035
64936,0,0.0698185816382628
38682,0,0.0821185617103985
30593,20,-0.0023094688221708
25953,0,0.0178571428571427
20626,10,-0.0053995680345573
30681,8,0.0661764705882352
30761,0,0.0775092936802974
11703,0,-0.026315789473684
63132,0,0.0032171581769437
27959,0,0.0317745803357314
88590,0,0.0735462527039063
30940,0,-0.0495676653931227
31051,0,0.2484390881370699
31070,0,-0.0773913043478261
31078,0,0.2370370370370369
42200,0,0.0911499735029146
63159,0,-0.0442995169082125
31480,0,-0.0407142857142857
11754,0,0.0419753086419751
11762,0,-0.0043818466353677
70578,5,-0.0073480293921175
82855,0,0.0242424242424241
32054,0,0.1120246659815005
32062,0,0.2483221476510066
32110,8,0.1257763975155279
22103,15,0.0287370200434677
81124,0,0.1891
23042,0,0.0325248070562294
32540,0,0.1190965092402465
26470,0,0.0758620689655171
32791,0,0.0724550898203593
32986,0,0.0733844468784226
33137,0,0.0844490216271882
52476,15,0.0781849912739964
24328,0,0.0673147023086271
33532,0,0.0205761316872428
31691,0,-0.0478087649402388
42550,0,0.0959702062643239
87696,0,0.0128205128205129
33770,13,0.2512562814070354
87717,0,0.0889445662386472
33823,8,0.0480920020909567
87725,0,0.1413520632133449
11850,10,-0.0916477953909683
19166,0,-0.0041078764065012
24205,0,0.0163555897633249
34367,9,0.1319563970166379
47706,4,0.0506108202443278
21135,0,0.2735703245749614
34666,13,-0.0988372093023255
34818,15,0.2056737588652482
34981,0,-0.009397024275646
35044,0,-0.0972696245733788
36397,0,-0.011070110701107
54244,10,-0.0861698865378718
36768,0,0.2178571428571427
88924,0,0.0380078636959371
88853,0,0.0602636534839924
37154,13,-0.1373626373626373
25785,0,0.124859392575928
45241,0,0.0472928897586431
37234,0,0.2145196506550217
37402,10,0.0887509130752373
37568,0,0.0548293391430647
37584,5,-0.0248079237248912
58421,0,0.0121527777777779
37955,8,0.13710407239819
12036,0,-0.0041565639071701
38093,0,0.0049107142857143
47941,0,0.5015166835187057
12052,0,0.0344461305007586
12060,0,-0.0555555555555554
46834,0,-0.0440809537011367
55212,0,0.0264589979358229
38659,5,0.0740072202166064
46674,0,0.0594473904549262
39029,0,0.3234042553191487
57154,0,0.0926258992805757
32299,0,0.1842105263157893
12140,0,0.0827435119649477
16432,10,0.0284463894967177
53604,0,0.1100401606425702
85908,0,0.1089238845144358
39571,0,0.0141995030173942
60468,0,0.1165048543689319
52695,0,-0.0089048106448311
39731,0,0.3392857142857142
75897,12,0.3157894736842106
90213,0,0.161290322580645
62885,0,-0.129251700680272
84808,0,0.0385179750550255
23819,0,0.0248637602179837
54084,0,-0.0568789499270783
40970,0,0.0637681159420289
25582,0,0.083143507972665
25304,8,0.0386722526587173
52978,0,0.0812816188870153
41188,0,0.1111555555555556
10294,0,0.1622992392223161
41241,0,-0.0004578754578755
41292,5,0.089893346876587
76927,0,0.1063583815028901
32651,0,-0.065052950075643
32707,0,0.0620505992010653
16600,10,0.011874469889737
61567,0,0.2303317535545024
52716,0,0.0816050495942288
32803,0,0.0070726915520629
42140,0,-0.1504257332071901
42439,0,0.0933913731697664
42455,0,0.0947368421052632
21792,0,0.0934438583270536
32934,0,0.0413793103448274
42877,0,0.0128688010043942
42906,0,-0.0445026178010471
88795,0,0.4430379746835442
43290,0,0.0886792452830187
12570,0,-0.0382830626450115
80210,0,0.0608958228485152
21928,0,0.0804869800473453
56573,0,-0.0133634868421051
43634,0,-0.25
43757,0,0.0354838709677418
51633,0,0.0506598552575565
12431,0,0.0104608425219112
44274,0,0.097584541062802
46463,0,0.175
44506,0,0.1431095406360423
59328,0,0.0625
77855,0,0.3062200956937799
44768,0,0.08203125
12490,0,0.0360110011871785
40272,0,0.0103143418467583
45277,0,-0.0063525674960297
45306,3,0.1164354770912148
21573,0,0.0522593320235758
27705,8,0.1816239316239316
45373,0,0.1035714285714286
45437,0,-0.0644384221619994
45560,0,0.1034482758620691
53065,15,0.1658767772511848
45728,5,0.0016064257028114
45955,0,-0.0666666666666667
46042,13,0.0192444761225942
46077,15,0.089773253123554
46181,0,0.0885416666666667
52329,8,0.0748785367247784
82694,0,0.1302521008403361
86804,0,0.0119402985074628
22111,0,0.0249840865690642
42534,8,0.0070240295748613
46886,0,0.1574903969270165
46923,4,0.048401037165082
46950,0,-0.0124999999999999
47002,0,0.0194260485651214
42067,0,0.1615853658536585
47088,0,0.1059479553903346
12650,0,0.1627663290254977
24053,0,0.0548810101991257
47205,15,0.0056242969628794
26825,5,0.0117915557246102
47379,4,0.1372735938989513
44134,0,0.1520000000000001
47619,10,0.4611005692599621
47715,0,0.0453987730061349
17750,5,-0.0342579960588146
33398,0,-0.0061475409836065
59045,0,0.0443778110944526
48072,0,-0.5728682170542636
48144,0,0.1872246696035242
89456,8,0.0883977900552486
49488,10,0.1538461538461537
48267,0,0.1361058601134215
47255,0,0.0797491039426523
12781,0,0.0785691472373044
48486,0,0.1535745807590467
48523,0,0.0410729253981558
48531,0,0.0800821355236138
48697,12,-0.132972972972973
48961,0,0.2299651567944249
50286,0,-0.0414364640883977
60943,0,0.0483042137718394
65330,0,0.0661010957935666
20415,0,0.1054832713754647
50876,10,-0.0277702150830382
81678,0,0.0404826780848579
49905,12,0.3501199040767386
21178,0,-0.0243428719409557
68523,0,0.0990990990990989
56223,0,0.1185897435897436
43721,0,0.0059293987865416
76489,0,0.2165530995512714
62906,0,-0.0564516129032258
59774,0,-0.0811287477954144
33849,0,0.1344827586206898
66245,0,0.0454698551700909
23835,15,0.0442477876106195
50623,0,0.1152502910360884
50789,0,0.0407687827606289
89790,0,0.2627737226277371
33937,0,-0.0842081163371482
51263,0,0.0152749490835031
81311,0,0.0781440781440783
15069,8,-0.0429184549356223
45751,0,-0.0208425720620843
51706,12,-0.0521739130434781
34032,0,0.0169366715758467
51829,13,0.1346704871060171
35705,0,0.1919999999999999
39538,5,0.0267214799588899
51925,12,-0.0347826086956521
51960,0,0.0851581508515815
43449,0,-0.0128063241106719
89915,0,0.0817610062893081
17478,0,0.1184913217623497
81061,5,0.0077394388906804
52250,0,0.0163265306122448
89813,5,0.0118746041798607
10507,0,0.2570532915360501
17005,0,0.038697194453402
22752,3,0.0091135045567523
42796,8,0.1707779886148006
53074,0,0.0746672212978369
87437,10,-0.0250833333333333
55546,0,0.1904047976011993
89857,0,0.0173646578140962
53373,0,-0.04149377593361
53480,15,0.1058446186742694
53640,0,0.1661195009848983
24010,0,0.0405594405594404
53859,15,0.0903465346534653
54181,0,0.0624082232011746
54253,8,0.0723524656426839
22592,5,0.0675361570247934
24248,0,-0.0227272727272727
54675,0,0.0797186400937868
54704,0,0.1138287864534335
54827,8,0.1592253899946207
76591,3,0.0962609387430388
42614,0,0.1275066212637154
22779,0,-0.031210986267166
28345,0,-0.0388366731690015
65365,0,0.1003627569528415
69550,0,0.0313374370453272
84372,20,0.1827842720510095
13303,0,0.0175953079178885
90377,13,0.0471349353049908
55993,0,-0.0972972972972974
56040,0,0.1304480341359342
80004,0,-0.0229191797346198
78900,0,0.0769230769230768
25590,0,0.0676916506512919
52337,3,0.1846153846153846
58501,0,0.2384868421052632
34497,0,0.1723730814639905
56937,0,0.0847035376183358
38658,15,0.063573883161512
47466,0,0.4644549763033174
60986,0,0.0344589937973811
21207,0,-0.1180089485458613
34673,0,0.5783582089552239
57534,8,0.2571819425444597
61815,0,0.0914942528735631
64311,0,0.0198443579766538
28118,0,-0.0144468632495547
44206,0,0.0696806304437993
38762,0,0.0792982456140352
23931,0,0.044291338582677
24766,0,0.019160583941606
58318,0,0.0520446096654274
58334,0,0.0503731343283582
90458,0,0.0089181853431563
34817,8,0.0999764206555058
11406,10,0.1070631970260225
58756,8,0.1692568522181405
58836,0,0.0828729281767954
34833,0,0.0069315509345213
72611,0,0.0868478260869565
58975,5,0.0712062969064617
67029,0,-0.0066225165562914
59089,5,0.1203379953379955
23026,0,0.0782265552460539
13610,0,0.0447227191413237
63714,0,0.0431406384814494
90705,12,0.4263959390862943
59871,0,-0.0077319587628865
60098,8,0.0777247069040381
51457,0,0.1472200469851214
60186,5,0.1067285382830627
77157,0,0.0511672529581066
44230,0,-0.1126279863481228
90531,0,0.1657018813314037
22509,0,-0.0149756015480396
60506,0,-0.0218446601941746
13688,0,0.0545583372697211
86136,0,0.0534437335340609
61138,0,0.1408094435075886
61146,8,0.0683918669131238
61269,0,0.2899543378995435
58675,0,-0.01
41355,0,-0.0014825796886582
61496,0,0.1408450704225352
57509,0,0.1003163126976955
61787,0,0.0952702702702703
61955,0,0.1749448123620307
22517,0,0.0586500655307995
62034,0,0.0730897009966775
13856,0,-0.022822243651559
50550,0,0.0878459687123944
62341,0,0.0133555926544242
62368,0,0.1980731085293285
21936,10,0.0011007154650521
21776,0,0.014321295143213
52898,0,0.0729166666666667
13901,0,0.0435938330675174
13928,0,-0.0135213444079583
62958,0,0.0062447960033307
63125,0,0.1042424242424242
89968,0,0.1674740484429064
24459,8,-0.0121527777777776
80185,5,0.1222462203023759
53815,0,-0.0421686746987953
49744,0,0.0828804347826086
23501,8,0.0337423312883435
63715,0,-0.1017094017094016
63811,10,0.0787815126050419
63830,0,0.0643325617283949
18163,0,-0.0275862068965516
64486,0,0.0006045949214028
55511,0,0.1355475763016158
23712,4,0.0602678571428572
64929,0,0.0590046177526937
64961,0,0.0556396032946713
65008,0,0.8511705685618729
87043,0,0.2008196721311477
27756,0,0.0478951348626166
65270,18,0.0684972328650488
69649,0,-0.0214079868258542
66683,8,0.0766045548654243
65700,0,0.0102399063779987
24942,0,-0.0001940617116242
58771,5,0.0943952802359882
76711,0,-0.0057471264367815
76282,5,0.0849858356940509
66617,12,0.094850948509485
80294,0,0.0477223427331887
84381,0,0.0802483329501033
35991,8,0.0763494318181816
36003,0,0.0849746764209342
89142,4,0.1435132032146957
45495,0,-0.0830295666261644
67847,13,-0.1250464511334076
54818,0,-0.0334335086401201
66050,0,0.0068965517241379
27633,15,0.0155402072027628
68196,0,0.0005711022272985
54199,8,0.0522144522144523
41320,0,0.1971428571428573
68340,13,-0.0275313551544814
76149,0,-0.0537777777777778
68591,0,0.0019068373740125
22840,6,0.0032948929159801
23085,0,0.0704545454545453
36281,0,-0.0722145804676753
85926,0,-0.019291161956034
41574,4,-0.0228491772477954
51625,0,0.060880829015544
50243,0,0.0843728423475258
88742,0,0.2113095238095239
36468,5,0.0133136094674555
49138,13,-0.1100123609394313
70536,0,-0.0523059617547807
70616,0,0.1845102505694762
65402,5,0.0350667938931297
45794,0,-0.0003679175864605
60206,15,0.1690179806362379
64995,0,-0.0529010238907851
14461,0,0.2057877813504822
71176,0,0.0379701916252661
26614,10,0.0587909040488074
63335,0,0.3036303630363037
15720,0,0.02143906020558
71475,0,0.0704353083434099
18411,0,0.0383296977251479
76091,0,0.0955598455598456
58683,0,0.242391304347826
71782,4,-0.0016949152542373
66093,15,0.040460282108389
63765,0,0.0964513193812557
71942,0,-0.0268221574344021
71985,0,0.0868725868725868
17523,3,0.196039603960396
72232,20,0.4031413612565446
72304,3,-0.1711229946524064
39220,0,-0.0522803114571747
72494,0,0.1283185840707965
43481,15,0.1008219178082192
43350,0,0.0605311920938851
18438,4,-0.0647558386411889
36898,0,0.0333227040816326
72980,0,0.0877531340405015
73139,0,-0.000595238095238
73219,0,-0.0985130111524164
14656,20,0.0357142857142858
52396,0,0.068435754189944
47861,0,-0.025
73681,0,0.2458193979933109
73817,0,-0.0413333333333333
66739,0,0.1159757801583605
43334,0,0.0431893687707642
52038,0,0.0332840236686391
37161,0,0.0996610169491525
62420,0,0.0775862068965518
74406,0,-0.1127596439169139
15560,5,0.0339342523860022
42219,0,0.1623488773747841
44513,0,-0.1343873517786561
74908,0,0.0253552521593758
92399,0,0.0152327221438646
74932,0,0.0320284697508896
57007,0,0.0980834272829762
43123,8,0.3156038789303557
44329,0,0.0345555768861585
63773,0,0.1124959002951788
75257,0,0.0124777183600712
66114,0,0.1734296831573096
75460,0,-0.0378398236590741
84375,0,0.2295423023578364
51369,0,0.2110609480812642
37284,20,0.0602503912363068
79641,18,0.2566619915848529
15579,0,0.0304468169236853
23579,0,-0.0618453865336658
62092,0,0.0097395723057378
38578,0,-0.0194520547945206
76100,0,-0.0963410540449815
50606,0,0.0667408231368187
14795,0,-0.0389136603161734
37399,0,-0.0041592394533569
14816,0,0.0771046420141619
62308,0,0.0108095676172954
76639,0,-0.0005787037037038
37460,12,0.109375
76946,0,0.1103151862464182
61209,0,-0.0361445783132529
55001,18,-0.075781664016958
92583,0,0.1137931034482759
48389,0,0.079476861167002
59600,4,0.1001053740779767
45356,0,-0.0052969054920545
76185,0,-0.0035035035035034
77730,0,0.0207986688851913
17929,0,0.0302385008517886
50278,0,0.0714801444043322
79244,0,0.0159074475777296
77973,10,0.1429522752497225
78044,0,0.2721311475409835
24985,0,0.0754136206233166
48725,0,0.0101169775529561
63781,0,0.1300186120712576
89329,5,0.0618010594467335
78749,0,0.1124138799794571
92655,0,0.0631321939309381
53663,15,0.0415430267062313
87447,0,-0.0017400382808422
79039,13,-0.0016835016835018
79303,5,0.1167059285433844
17830,0,0.0322724568709102
39087,0,-0.0134770889487869
79338,4,0.028268551236749
67360,0,0.0844738084001888
59619,0,0.0378847671665352
16555,0,0.0629223957119553
79573,18,-0.2688022284122562
79637,5,-0.4542852030774736
79776,0,-0.0020422055820285
43553,0,0.0071507150715071
79864,0,-0.0081408140814082
80128,0,0.023616910229645
27043,5,0.0023534445870774
81116,0,0.2098132552178688
61700,0,-0.2250000000000001
57808,15,0.1517241379310343
15202,8,0.086427392739274
56063,20,0.0442324371205551
86008,0,0.0258620689655173
21231,0,0.0654383735705208
53225,0,0.0628370219007525
24969,0,0.0374819798173955
46068,0,0.004040404040404
81702,0,0.1428571428571428
42059,0,0.0454284071305346
38906,0,0.0058651026392961
79066,13,0.2530413625304135
62498,0,0.0168612191958497
66384,0,0.1984256243213895
59467,0,0.32
38033,0,0.0202848511005611
39917,0,0.1078582434514638
25419,5,0.0876483279395901
77053,20,0.1316770186335403
38156,15,0.0598290598290596
64135,0,0.0288065843621398
83030,20,0.0057049714751427
66747,0,-0.0725
58819,0,0.1011644832605531
25099,0,0.0895173845355474
42286,0,0.0645287446226046
84403,0,0.1079105760963026
27983,0,0.0987012987012987
63079,0,0.1535433070866141
59483,12,-0.2568141592920353
88857,0,-0.0054832076764907
84129,12,-0.0243346007604563
84161,4,0.0322085889570553
90756,3,-0.0679587213692423
72996,0,0.1027550260610574
87426,10,0.0671834625322995
88664,0,0.0126914660831509
87856,13,-0.1771217712177122
15318,20,-0.029100529100529
90916,0,0.0431034482758621
35917,20,0.0441035474592521
70332,0,0.0485469511170837
10116,0,0.2660332541567696
10147,5,0.0380273321449793
38149,0,-0.0057789549723091
87637,0,-0.1292134831460674
10028,0,0.0291970802919707
69032,0,-0.0626979100696643
10138,0,0.0882893930104231
10107,0,0.0363821829309758
10143,0,-0.0675472830981688
10200,0,-0.125531914893617
10163,20,0.0430622009569379
89954,0,0.0543787543471387
10272,5,0.0745428973277073
10302,0,0.1034482758620689
10299,0,0.1331108639228773
10324,0,-0.0333333333333334
12217,0,0.1056105610561057
10363,0,0.017116876170099
10333,0,-0.0682666666666667
10353,0,0.0702875399361022
10382,0,0.0793269230769231
10397,0,0.0610932475884244
10404,13,0.1039301310043669
10257,0,0.1764705882352941
76565,10,0.1859706362153343
10463,0,-0.0206718346253229
70033,0,-0.1352093342484558
10421,0,0.1502379333786541
79698,0,-0.0465116279069768
10606,0,0.0088091353996737
10550,0,-0.1984126984126983
79785,0,0.0557973689133961
75070,0,-0.4962391876645355
89849,0,0.1146131805157593
10547,13,-0.1126279863481228
68857,5,0.0319744204636291
76123,4,0.1602409638554218
79903,8,0.1217481789802288
10667,13,-0.1451077943615256
10355,0,0.1071428571428572
10661,13,0.4845505617977528
45225,0,0.3497584541062803
75596,0,0.1159420289855073
10693,0,0.0701254275940708
10649,0,0.0019398642095052
79909,0,-0.0520072992700729
75517,0,0.0646500593119809
10696,0,0.0484429065743943
89386,0,0.2413793103448276
10644,0,0.0229007633587785
89891,0,-0.0113924050632912
70500,0,0.078880407124682
75224,18,-0.06195160861473
89659,20,0.0202020202020201
35124,0,0.0438209331651955
71191,0,-0.1159420289855073
10853,0,0.1819397993311038
10026,0,0.1069252077562326
10812,0,0.0352542372881354
10909,0,0.0949661309602867
62296,0,-0.0269230769230769
88779,8,0.0340136054421769
90441,0,0.1945898778359509
75222,13,0.1912268677176147
10860,0,0.3229166666666667
10443,0,0.0105916336792553
10032,5,0.04860088365243
70308,5,0.0291891891891891
85570,0,-0.0749613601236475
11701,0,-0.0307495195387571
71538,20,0.0
10001,0,0.1575634974151496
11038,0,0.1807580174927112
75215,0,0.0870646766169156
76672,0,-0.0810810810810811
77453,4,0.0535618639528656
11137,0,0.0060952380952381
11923,4,-0.0610039370078739
10838,0,0.1721611721611722
11292,0,-0.026246719160105
87816,0,0.2499999999999997
64390,0,0.0727489564698866
65294,0,0.0559190957763235
12173,8,0.0562913907284767
11378,0,-0.0064331665475338
11403,0,-0.0016666666666665
11478,0,0.066593487010611
76310,12,-0.0449603291213634
85991,0,0.2239999999999999
11481,0,-0.0593334617607397
75101,0,0.0736526946107785
75470,0,0.0929765886287625
11552,0,0.0041478809738502
75107,0,0.0319148936170212
11547,0,0.0966810966810967
87514,0,-0.1483516483516483
90196,0,-0.0519999999999999
89048,0,-0.0354729729729729
11600,0,0.0555222088835534
75104,0,0.0932400932400934
11043,0,0.1951219512195121
11654,0,-0.0064102564102563
11638,0,0.1087941976427924
11636,18,0.3999999999999999
11641,0,-0.0246591238758341
75526,0,0.0941046221976196
11533,0,0.1676712328767122
11707,0,0.054820415879017
11775,0,0.0284210526315789
11781,10,-0.0495918367346939
75233,10,0.00647016534867
75186,10,0.026732133115112
89686,0,0.0363547040039302
11809,3,0.1137892376681612
11731,0,0.2422566371681418
11825,0,0.0928338762214984
11910,8,0.1853582554517134
75261,0,0.2872727272727273
37217,0,0.0794655414908578
75272,0,-0.1433484445833984
88197,0,0.0116009280742461
11599,0,0.0429357798165137
89502,0,0.0295034780522909
10822,13,-0.1325071496663489
11618,0,0.1229773462783172
11896,0,0.1545454545454545
84769,0,0.1208737864077669
10180,0,0.1049382716049383
11884,0,0.0322307039864293
75182,5,0.0
75577,0,0.0760817879220161
11908,13,0.0120689655172414
75241,0,0.1649334945586458
62084,0,0.1615384615384614
75320,0,0.1382179280730004
75285,0,0.1079983759642713
86168,0,0.1365264100268577
10901,0,0.0474576271186439
75316,10,0.1850289931470743
11903,0,0.0963455149501661
11891,0,-0.1371807000946074
11955,0,0.029537149817296
88283,5,0.1744402985074626
89715,18,0.1549668874172187
84176,0,0.1047619047619048
90044,0,0.1168792643132601
11752,5,0.1165730337078652
81774,0,-0.0303140096618356
12149,0,0.1739130434782609
12188,0,-0.0387096774193548
12248,0,0.0141509433962263
12067,0,0.1280811986466892
75573,0,0.0504885993485342
11917,0,0.0456273764258554
11976,0,0.0353730957913762
75326,0,0.066634707574305
84387,0,0.0034965034965035
17743,0,-0.0028328611898017
12226,0,0.1538461538461539
12074,0,0.0088523553588366
87137,0,0.091314031180401
12214,3,0.443103448275862
12062,5,0.0257675438596491
12190,0,0.0408921933085502
80926,0,-0.0963855421686746
12209,0,0.0513274336283184
75432,0,0.094650205761317
75383,5,0.0073891625615765
75672,0,-0.2061855670103092
85269,20,0.0541220893643801
75733,0,-0.0347985347985349
12169,0,0.1634615384615383
75591,0,0.0512993587580155
82540,13,0.0978134110787172
75447,20,0.3894967177242887
76573,0,0.0565716716290938
75730,20,-0.0575221238938052
75694,0,0.0100176782557455
63467,0,0.00672268907563
75649,0,0.0978487161693268
75646,0,0.0839497677619127
75607,0,0.007887323943662
75654,0,0.0759416767922236
75603,0,0.2559852670349909
10051,0,0.0367316341829084
75825,0,0.1249855474621344
75853,0,0.0822784810126582
75854,0,0.2328767123287671
11131,0,-0.1162790697674417
76148,4,0.2705704189803131
16644,12,0.0408163265306122
11628,12,0.6172839506172838
75831,0,0.1558935361216729
11748,0,0.0338461538461538
75828,0,0.0509177027827116
11506,20,-0.0438931297709924
23799,10,0.0617886178861788
10769,0,0.0060606060606061
11018,12,0.4838709677419353
11513,20,0.0811455847255369
11847,0,-0.0012499999999999
88891,12,-0.2333333333333332
10205,0,-0.1578490893321767
89440,12,0.0471698113207548
10290,0,0.0101684143628852
52936,0,0.0628045479155388
56611,20,0.0489130434782609
56710,0,0.4586070959264126
75860,13,-0.0025380710659898
75856,20,0.0540360240160107
12106,20,-0.0901960784313725
10932,0,-0.0675569520816968
11750,12,-0.0896358543417366
11593,0,-0.0723532907827074
69586,12,-0.0297619047619047
89207,0,0.2422611036339166
92807,0,0.0372670807453414
83469,0,0.0931343283582089
76037,12,-0.0248756218905471
76331,12,-0.0869565217391303
75773,20,0.0457831325301203
87759,0,-0.0018220708231007
88797,12,-0.2477876106194689
90534,20,0.090285714285714
12166,20,0.1005154639175256
10913,20,0.091880341880342
77643,20,0.0941176470588236
86382,0,0.1859756097560976
77889,20,-0.099099099099099
88976,0,0.0093167701863352
75714,0,0.1924528301886794
76359,0,-0.0119250425894378
81620,0,0.0912698412698411
75912,0,0.0849933598937582
77181,12,-0.0451612903225806
10002,0,0.036101083032491
89738,12,-0.1017964071856286
79851,0,0.2303571428571429
77798,0,-0.0848852317020355
89141,0,0.0828182941903583
90136,12,-0.0688575899843504
85726,0,-0.0436681222707423
75906,3,-0.0498220640569395
77236,10,0.2463907603464867
76060,0,-0.037889039242219
11056,12,0.0
75755,0,0.1748878923766816
76013,0,-0.0125156445556946
89903,0,-0.0909090909090909
84516,0,0.1279543602281989
77300,0,-0.0155271725519658
75930,13,0.1601520086862105
76215,0,0.125222024866785
87652,20,0.0023255813953488
76082,0,0.1381201044386424
76095,4,0.0020732550103661
76391,5,0.1466723187791436
76963,0,-0.1176470588235294
76127,0,0.0694980694980695
76128,0,0.1341463414634147
76135,0,0.1231231231231231
78981,0,0.0388531618435157
76138,0,0.2195121951219512
76139,8,0.2178770949720669
76415,0,0.0671140939597316
76868,0,0.0290390707497358
88965,20,-0.0210526315789473
89655,0,0.0964143426294821
76392,0,0.1674757281553396
89885,12,-0.0883720930232557
88871,0,0.0592609283461016
76372,0,-0.0258717660292463
76544,0,-0.0664864864864864
76195,0,0.1386025200458189
83671,15,0.2179276315789473
89485,0,-0.0460288808664259
76367,0,0.0949152542372879
76201,0,0.1068904593639574
87053,0,0.0206896551724138
79259,12,0.1428571428571428
76207,0,0.357037037037037
85685,12,-0.0847457627118642
76355,0,-0.2156862745098039
76360,0,0.0285714285714286
89369,3,0.0016949152542371
90069,18,-0.0474576271186441
81651,20,0.0266666666666666
90053,0,0.0438413361169103
77486,13,0.4123711340206186
76330,0,0.2558767772511849
76230,0,0.1285266457680252
76461,13,-0.1336996336996336
76223,0,0.0202492211838005
89948,10,0.0154819277108433
11644,3,0.0926474548882305
76261,0,0.0314931456094851
76224,0,0.0488075429839156
77256,20,-0.0929791271347247
76279,8,0.2441588785046728
76477,0,0.0297480167988799
76478,0,0.0733532934131737
90608,0,0.61520190023753
79037,20,0.1559000861326442
89148,12,-0.4418604651162791
78071,0,0.0268817204301075
76515,0,0.0597539543057996
76504,20,-0.0332906530089628
83551,12,0.0212765957446807
76553,0,-0.0359375
76879,0,0.0615384615384613
88284,0,0.1668305473615208
76582,0,0.0594996619337391
76584,0,0.1612090680100755
76613,0,0.0882352941176469
76614,3,0.3177111716621252
77004,0,-0.0057471264367816
76619,0,0.0771618625277161
76978,18,-0.1960784313725491
76622,12,0.0998936170212767
76624,5,0.0920554854981086
76625,10,0.1359417652411283
76644,0,0.2342140618002688
76888,0,-0.0103092783505154
76837,5,0.033158486324466
76638,0,-0.0525073746312684
76661,0,0.0373482726423901
76686,18,0.1331220285261491
76695,0,0.0632147395171536
76856,5,0.1617801047120419
76709,0,0.067932067932068
76710,0,0.2030075187969924
76934,13,0.0391304347826089
76712,0,0.044740973312402
76714,0,0.0802271920482782
76721,0,0.122114419538307
76960,12,0.3843749999999999
76732,0,0.1398404504927264
76736,0,0.0478841870824053
76980,0,0.0145852324521422
88031,3,0.0980840720617672
76744,0,0.1038124678001031
76750,0,0.115410273515677
90277,0,0.0884340606294651
76945,0,0.0485571428571429
76788,8,0.0681421083284798
76795,15,0.0653889515219843
76792,0,0.0785288270377733
76869,0,-0.0700471698113207
76798,0,0.1645226811103588
76999,0,0.0285714285714284
76841,0,0.1397528760119302
76843,0,-0.1974110032362459
89213,0,0.0992501102779002
77235,0,0.0597014925373133
77037,0,0.1593655589123865
85426,0,0.1221590909090908
77202,0,0.069767441860465
77087,0,0.081799591002045
77090,0,0.172391721783657
77117,12,0.1454545454545455
77114,5,0.221616092737811
77165,0,-0.0070019096117123
77182,0,-0.0077229696063777
77191,0,0.0315110098709188
77175,13,0.2319277108433732
77178,0,0.028
77259,0,0.0075187969924812
77262,3,0.0216346153846154
77264,4,-0.0049088359046283
90464,18,0.1032064128256511
77271,0,0.2450805008944543
77274,3,-0.0615918455866405
77292,0,0.0553846153846153
77279,5,0.1370716510903427
77282,0,0.0857142857142856
77281,10,0.0701754385964912
77289,18,0.0472972972972973
77327,13,0.0137362637362636
77340,0,-0.1260606060606061
77338,0,0.0063412759415832
77347,0,-0.0098765432098765
77366,0,0.0516039051603904
77461,0,0.2312879298718815
77413,0,0.0887850467289719
77418,13,-0.0514322916666666
77421,5,0.0454673423423421
77425,8,0.0982456140350875
78147,12,-0.1390728476821191
77443,12,0.0
77437,0,0.2115384615384614
77447,0,0.1042424242424242
77496,8,0.1587147030185005
77768,0,-0.0209679385590637
77515,0,-0.0301624129930394
77520,0,0.0669745958429561
77521,0,-0.0086956521739131
83738,0,0.0795454545454545
77575,0,-0.0550847457627118
77582,0,-0.1495327102803738
77585,20,0.019811320754717
77599,0,-0.2553191489361701
77610,0,0.1573033707865168
77605,0,0.0752688172043012
77649,0,-0.1343237387805633
77629,0,0.1587953456536619
77630,18,0.2326046511627908
77660,0,0.2171147730557963
77661,18,0.0573929961089494
77668,0,0.0072261072261072
89810,0,0.2851851851851852
77683,0,0.0902061855670104
84776,0,0.0020435967302452
77702,0,0.0529680365296802
90352,0,0.0
77763,0,0.1490066225165562
77780,18,0.227064220183486
77783,12,0.1886792452830188
77785,0,0.0587939698492463
77787,0,0.0857375050792361
85759,0,0.1538461538461537
77868,0,0.0248447204968942
77892,0,0.0329605263157894
77898,0,0.1391752577319587
77900,0,-0.0082508250825081
77902,0,0.146574614976102
77918,0,0.2280366692131397
77917,0,0.1277602523659307
77971,8,0.0799333888426312
77976,0,0.0634338138925294
77982,0,-0.0124843945068663
84315,0,-0.5290588235294118
78018,0,-0.0714285714285715
78008,15,0.016
78009,20,0.0219123505976095
78015,0,0.0308478425435274
78186,0,0.0888099467140319
78051,13,0.1046511627906976
78062,20,0.0579064587973272
78077,8,0.1067961165048545
78068,0,0.3660834454912518
78073,0,0.4099999999999999
78081,0,0.095959595959596
78082,0,-0.1749999999999999
78210,0,-0.0168918918918918
78189,0,-0.0130434782608694
78197,8,-0.1270459859703819
78139,0,0.0417867435158501
78172,0,0.0053210358283077
78170,0,0.0574428659666461
78211,13,0.0731261425959781
78137,0,-0.004569190600522
78804,0,-0.0626006441223832
78156,13,0.1013345396969009
78193,0,0.1016393442622951
78213,20,0.1739130434782609
78840,0,0.0529562982005142
78195,12,0.0486486486486485
88944,20,0.0964513193812557
78841,0,0.0859188544152742
86889,0,0.0518134715025906
78908,3,0.0013140604467805
78877,0,0.0819397993311035
79033,13,-0.0346420323325635
78875,0,0.1785490278068158
78889,0,0.2146507666098807
78876,0,0.1223776223776225
78915,0,0.0794979079497906
78916,0,0.067942841736317
78869,0,0.0819112627986347
79065,0,-0.0786516853932585
79006,13,-0.024
48653,0,0.0573355817875211
78955,0,0.0722689075630251
78990,0,0.0734463276836159
78950,15,0.1533288500336247
78987,0,0.1070884146341464
78977,5,0.1260473588342441
79089,0,0.0878444084278768
79080,12,-0.0555833333333333
79108,13,0.3650990099009901
79133,0,-0.0105204872646731
79103,0,-0.0170190820010315
88597,0,0.0403899721448468
78910,8,0.0290697674418605
79150,10,-0.0474406991260923
79212,0,0.0963713477851084
79198,0,-0.0205314009661835
79159,0,0.2391227449593209
79237,0,-0.0303314205410469
90783,12,0.1551724137931036
79323,0,0.0573741640267511
79299,0,0.0560578661844484
79248,0,0.1975867269984919
79249,0,0.1275229357798164
83659,0,0.1538461538461537
79265,0,0.1404181184668989
90092,0,0.0839243498817965
79444,0,-0.0454785827604441
18649,0,0.0827402135231316
79417,13,0.0380622837370241
79399,8,0.0524619516562221
79666,0,0.1657722122838401
79467,15,0.0188679245283018
79507,0,0.0828877005347592
79472,18,0.0
79499,0,0.0592734225621414
79545,8,0.0996358821582257
79490,0,-0.0028696483956056
88568,0,0.0332610267534345
79502,3,0.0014111006585135
79529,12,-0.2250000000000001
82763,0,-0.0103448275862068
79491,5,-0.0050925925925927
81103,0,0.1025104602510458
80069,12,-0.1166666666666665
79564,0,0.144144144144144
79588,13,0.293585265163544
85913,0,0.0594867807153967
79628,0,0.1259484066767831
79668,8,-0.0090415913200723
79712,0,0.2316258351893096
79724,0,0.0248122755468496
79758,0,0.0244798041615665
79686,0,0.0981323545287704
79689,0,0.0
79734,12,-0.170216706797555
79702,0,0.478
79857,8,-0.0025990903183886
79828,12,-0.1919191919191918
79906,0,0.0936374549819927
79790,0,-0.2327272727272727
79862,10,0.0500667556742322
79839,0,0.1115315018917584
79795,0,-0.123705408515535
79791,0,0.0549019607843137
79878,0,0.0242070116861436
79802,20,0.2727272727272725
79846,20,0.446700507614213
79915,0,0.140728476821192
79841,0,0.1045895851721094
80223,0,0.2302771855010659
79879,0,0.1163734776725304
79884,0,0.1514285714285714
79799,8,0.1974276527331189
79977,13,0.0992092020129402
80034,0,0.1558295964125562
80049,5,0.102941176470588
80080,5,0.0019960079840319
80001,0,-0.004694835680751
80012,0,0.1757322175732216
80050,0,-0.025487256371814
84723,12,0.2736842105263157
80000,0,0.242312423124231
79965,0,-0.0258823529411765
80079,0,0.071806945261919
80054,13,0.1334321719792437
80167,8,-0.0190311418685119
80113,0,0.1337513061650992
80112,12,-0.2527472527472527
80159,0,-0.0282131661442005
80165,0,0.0714285714285714
80135,10,0.0745697896749522
80279,0,0.3741258741258739
76697,0,0.0975494816211122
80236,0,-0.1049284578696343
80204,15,0.0483057802790478
80254,8,-0.0736357659434583
80191,0,0.0776296296296294
80193,0,0.1255813953488371
80237,0,0.0370121951219513
80266,0,0.0518394648829432
80353,0,0.0180180180180178
80361,0,0.1160061988045162
80306,13,-0.2034525277435265
80375,0,0.1749008294266136
80343,0,0.0366492146596859
80316,0,0.0883280757097793
80362,0,0.1474000859475719
80368,0,-0.2093023255813954
80341,0,-0.0230576923076923
80310,0,0.0223880597014924
84584,0,0.0309046961325967
80357,0,0.0585105379346779
80303,0,0.0675000000000001
80439,0,0.0236768802228413
80485,13,0.1330049261083743
80434,5,-0.124030301543809
82541,4,0.0617283950617284
80415,0,-0.033753709198813
80446,0,0.1367886721880844
80539,0,0.0700344431687713
46392,0,0.0794520547945205
80568,5,0.1679586563307493
80587,0,0.1649016641452345
80585,0,0.4660194174757281
80534,0,-0.0568561872909699
80498,0,0.0832072617246595
80557,0,0.1046831955922864
80560,0,0.0793650793650793
80563,0,0.0149309443822323
80575,0,0.081657280772325
80679,8,0.0376344086021505
80621,0,0.1871186440677967
80625,12,-0.1447368421052631
89099,4,0.0518134715025906
80670,18,0.2669902912621358
80633,12,0.1200000000000001
80759,0,0.0228060046189375
80828,0,0.0318181818181817
80791,0,0.0672030288689069
80795,0,0.3120950323974083
80812,12,-0.0971694127587663
80804,0,0.0328947368421053
80808,20,0.1780693533270854
80816,0,0.0437908496732026
80837,12,-0.1968911917098444
80858,13,0.1544715447154472
80928,3,0.1769662921348316
80924,0,-0.0476190476190476
80955,0,-0.0245261984392419
80864,0,0.0572407045009784
80918,18,0.0088495575221239
80940,13,0.0057803468208093
80943,0,0.4571428571428571
80951,0,0.0313033143558187
80915,13,0.0124999999999999
81010,0,0.1609427609427609
80960,18,0.1298377028714108
80969,0,-0.0140515222482434
80990,0,0.358490566037736
81084,18,0.2372881355932203
81109,0,-0.0079999999999998
81055,0,-0.0005213764337851
81182,0,0.14218009478673
81162,0,0.1468531468531466
81184,0,0.162045594577942
82248,0,-0.1067857142857142
81173,3,-0.0042016806722687
81128,0,0.0547373049021762
88379,3,0.2619433198380567
90359,20,0.0526315789473683
81148,12,0.0169665809768637
88865,12,0.0344827586206897
86993,0,-0.0805142083897157
85205,0,-0.0666666666666667
81220,0,0.1251231527093594
81206,0,0.0042553191489362
81241,8,0.170532060027285
81256,0,0.1770833333333334
81254,0,-0.1193216232586312
81292,4,0.1033187226048841
81282,0,0.0406553398058251
81278,0,0.2585034013605443
81501,0,0.0322467577988081
82162,0,0.1568627450980393
87532,4,0.0546875
81540,18,0.0558930741190764
81566,0,-0.0984455958549223
81541,0,0.0568364611260054
81546,20,-0.1837499999999999
81560,0,-0.1630971993410214
81530,12,0.3695652173913042
81588,0,0.1532258064516127
81539,0,0.3701298701298701
81562,12,0.1234487263226649
81584,0,0.1191860465116279
81624,5,-0.1684901531728665
81621,0,0.24901185770751
81705,0,-0.0434070434070434
81736,0,0.0397851601352694
81740,0,0.0980926430517712
81741,13,0.1270314488274857
81756,13,-0.2418772563176895
81670,0,0.195158850226929
81857,0,0.1058201058201058
81696,0,0.0028971511347175
81666,0,0.1217948717948718
81665,0,0.0201298701298702
81691,0,-0.0072528372810293
81677,0,0.0607792207792208
81776,20,0.1312292358803986
89611,0,0.2066225165562913
81893,0,0.0392026143790849
82231,0,0.4051446945337622
81850,0,-0.0029761904761904
81869,0,0.1512605042016808
81889,12,0.0298507462686568
82155,12,0.4358288770053475
82171,13,-0.1396362451108213
81925,0,0.0571040108769544
82212,0,-0.0347490347490346
82179,0,0.1261453879047036
82176,0,-0.1144238219991883
83631,0,-0.16
82234,0,0.1803797468354429
82281,18,0.4454976303317535
82272,5,0.069382672122398
82266,18,0.1393229166666667
82287,0,-0.0815450643776825
82504,4,-0.1097560975609756
82471,13,0.1395793499043975
82298,0,-0.0112517580872011
82518,10,0.2281205164992827
82515,8,0.0564784053156146
82521,0,0.0235798499464094
82307,5,-0.0084402430790007
82575,12,-0.0394265232974909
85032,0,0.1534246575342466
82567,13,0.0457142857142858
82581,0,0.0592025775271849
82618,0,0.4700811359026369
82649,13,0.1427875243664715
82544,0,-0.0047393364928909
82552,0,0.0480723746452222
82643,0,0.0321811680572108
82546,0,0.074103375527426
82547,0,0.3796889295516925
82642,0,0.0326713645099294
82651,0,0.0541000340251787
86042,0,0.3842887473460721
82634,0,0.1071513423616059
82638,0,0.198849104859335
82587,0,-0.0779742765273311
82635,0,0.0082644628099173
82607,8,0.1740216486261447
82554,0,-0.0523809523809523
82599,0,0.0629204590423426
82762,18,0.0256410256410257
82734,0,0.0935114503816794
82720,0,0.0844686648501362
90750,0,-0.1458333333333333
82686,0,0.0898376113148244
82759,0,0.0223831468071098
82717,0,0.0948905109489051
82768,0,0.096153846153846
82755,0,0.035593220338983
82766,0,0.2089715536105032
82775,0,-0.0490596892886344
82702,0,0.1938596491228068
82699,0,-0.0216949152542372
82747,13,0.2467532467532467
82800,18,-0.0553960964408727
82812,0,0.1611650485436893
82837,8,0.0932835820895523
84578,12,0.1240310077519379
82825,0,-0.0707803992740471
82839,0,0.0108695652173913
83875,13,-0.0255362614913177
86122,20,0.0433333333333332
83131,13,0.0363636363636363
90690,0,0.0598503740648379
86098,3,-0.0131578947368421
87832,13,-0.0923694779116467
85838,20,0.0271739130434782
83529,10,0.0947176684881601
90710,12,-0.2499812495312382
83145,0,-0.0315457413249211
87471,0,-0.0217391304347825
83149,18,-0.0558659217877095
83120,0,-0.1292993630573248
83123,0,0.1080921441228588
84397,20,0.0151515151515151
87005,13,-0.0171232876712328
37381,0,0.0769230769230771
83111,0,0.0758043190832966
83124,0,-0.0139462809917355
90049,12,-0.1111111111111111
82859,13,-0.060220994475138
83303,0,-0.1999999999999999
84157,5,0.1194762684124386
83307,0,0.0912698412698413
83152,0,-0.0100704934541792
83143,0,-0.0516666666666666
83272,0,0.0128544423440453
83317,10,0.0
88163,0,0.1052631578947367
83291,0,0.0097205346294046
83283,0,0.0847529812606473
85406,0,0.0387811634349031
83304,0,0.2989010989010989
83244,0,0.6605128205128206
83390,0,0.2212096106048053
83413,0,0.1236413043478259
83411,13,0.136103896103896
84215,0,-0.0983606557377049
83414,20,-0.0451127819548872
83421,0,0.1345911949685534
83366,0,0.1491908293998651
83362,0,-0.0389610389610388
83377,0,0.0095465393794749
83405,0,0.1581632653061224
83422,0,0.0374745417515274
83520,4,0.0049751243781093
83504,12,-0.2103175971585227
88596,12,-0.06
86744,12,-0.1866666666666666
83509,0,0.0194552529182878
83541,3,0.0255155540020972
90960,0,-0.111545988258317
83462,0,0.0004296455424275
83565,0,-0.0108958837772397
83534,12,0.3399014778325124
83452,0,0.0873544093178038
83503,0,0.0955696202531644
83575,0,0.8500000000000001
83558,0,0.0287539936102236
88811,13,0.1135964912280702
83616,0,0.2294736842105262
83690,8,0.0746421267893659
83592,12,0.1666666666666667
83651,0,-0.1578947368421052
83621,0,0.1160760143810992
83630,13,-0.0377519159806982
83661,0,0.0488431876606683
83602,20,-0.0057012542759405
89524,20,-0.0107526881720431
83683,12,-0.3117206982543641
83720,0,0.050482132728304
83779,13,0.1834319526627219
83800,0,0.0901052631578949
83799,0,0.0760506329113923
83756,0,0.0693641618497109
83916,0,0.0383618455158114
83879,0,0.1231936416184971
83832,8,0.1125874125874124
83844,0,0.3023255813953487
83908,3,0.0577200577200578
83893,12,-0.1333564438281645
83862,0,0.0731707317073171
86300,12,0.0444444444444445
83910,0,0.1175523349436393
83906,0,0.0080394664717706
83885,3,-0.0276073619631901
83903,0,0.0445682451253481
83831,0,0.0551643192488264
83934,12,0.0625
83969,0,0.0676156583629892
83928,0,0.1477272727272729
88436,0,-0.0685428960508398
83950,0,0.009090909090909
83961,0,0.036435469710272
83965,20,0.083941605839416
83953,0,0.3279569892473117
84140,12,1.0
88905,0,0.0178571428571425
84023,5,0.0336976320582877
84026,0,0.1358695652173911
84103,0,0.1215094339622642
89425,20,0.0
84062,0,0.1031048623315757
90101,12,2.887777777777778
85996,12,0.1483516483516482
84042,0,0.027063599458728
84010,0,-0.0059208476160799
84060,0,0.1372901678657074
84041,0,0.0054177953740361
84032,0,0.0248721524872153
84057,0,0.1065693430656935
84056,0,-0.0797546012269938
84168,0,0.0270747498528547
84146,0,0.086092715231788
84203,0,0.0117056856187289
90666,12,-0.142947457150885
84280,0,0.2198697068403909
84234,0,0.0436156763590391
84281,0,0.1097883597883599
84172,0,0.0033607169529499
84262,0,0.0472813238770684
84210,0,0.0359281437125746
89801,12,0.0364963503649633
84348,0,0.0368678629690049
84325,0,0.0172413793103447
84330,0,-0.0999999999999999
84311,13,-0.04
84365,0,0.2082679225536368
89268,12,-0.3170731707317072
84342,4,0.1909650924024639
84291,5,0.0831062670299729
84364,0,0.0274901148559594
84302,0,0.0149624060150375
84320,0,0.0471204188481675
84373,5,0.0421125302036591
84319,0,0.1322314049586779
84309,12,0.484375
85176,0,0.0964765100671141
88984,0,-0.0308370044052862
84438,0,0.1099365750528542
84441,0,0.009090909090909
84385,0,0.0583221175414985
84413,0,0.0934065934065933
84511,12,0.1826923076923077
84559,8,0.0186440677966099
84531,0,0.0803088803088802
84562,0,-0.0183066361556064
84561,0,0.0732714138286894
84563,5,0.0804554788127684
84546,0,0.0050505050505049
84555,0,1.9487179487179485
84571,0,0.1321044546850998
84624,0,0.0691043274069105
84604,0,0.1067961165048543
84606,0,0.033427495291902
84597,5,-0.0132382892057026
84738,10,-0.0512598181001144
84737,10,-0.0436562073669848
85211,13,0.2666666666666666
84607,12,0.1888888888888888
84656,0,0.0677173110071411
84734,12,-0.1428571428571428
84792,13,0.2978927203065136
84780,8,0.0627572016460904
84827,0,0.3692480359147025
88653,0,0.0039556962025315
84788,13,-0.0102273563387534
85204,13,0.0291737560692202
85035,3,0.1041666666666665
85002,0,0.028169014084507
85075,0,0.132876712328767
85072,0,0.0537410540013014
85034,0,0.0766423357664234
85067,0,0.0755001075500108
85013,0,0.9659090909090908
85047,12,-0.2184075967859752
85077,0,0.0793650793650795
85020,20,-0.0010355029585797
85059,0,0.083406496927129
85168,0,-0.0008503401360544
85187,0,0.2267441860465116
85177,0,0.3157894736842106
85173,0,0.0369540873460247
87364,0,0.4066666666666665
85175,13,0.0392156862745098
85246,0,0.1873402791429133
85680,20,-0.0860520094562647
85231,10,0.0557103064066852
85216,0,-0.0103092783505154
90942,18,0.3157894736842106
85280,0,0.2593824228028503
85291,0,-0.0237203495630461
85320,0,-0.5
85319,0,0.0052868094105207
85298,4,0.2231128924515697
89825,12,-0.7161290322580645
89898,20,-0.0070422535211267
85401,13,-0.3591160220994476
85349,0,0.3785450061652282
90012,0,0.0755176613885504
85333,18,0.0160427807486629
85348,0,-0.0085058123050753
85372,0,0.0989236289082522
90638,0,0.2660443407234538
85353,0,0.0470046082949309
89292,20,-0.0128840436075321
85395,0,-0.0163265306122448
85453,0,0.0449831649831649
85486,0,0.0720108695652173
85611,0,0.0427631578947367
90875,0,0.0385438972162739
85502,0,-0.1022727272727272
85516,0,0.1820652173913042
85411,13,0.0909375979931013
85482,0,-0.0327102803738317
85440,10,0.2889842632331902
85488,0,0.3352912383749389
85517,0,0.0098883572567782
85432,0,0.2731767614338691
87139,0,0.2333333333333334
85500,10,-0.0635217929589536
85424,0,0.0457322718015182
85445,0,0.0463791700569569
89615,0,-0.0972222222222222
87837,0,0.0158730158730158
85427,10,0.1232171156893819
85419,8,0.0960698689956329
85496,0,0.1183317167798252
85540,0,0.0506912442396312
85590,0,0.0222772277227722
85621,0,0.0553880176919983
85627,0,0.1740112994350284
85539,0,-0.1278195488721806
85571,12,0.1472868217054264
85798,0,-0.0729755828390122
85593,0,0.0328170525992945
85567,0,0.3176651305683564
85576,4,0.1345565749235473
85522,13,0.0053835800807537
85526,12,-0.0956521739130433
85564,0,0.0117647058823529
85565,12,-0.0321146794088232
85686,3,0.0244648318042812
85675,0,0.0632544664413325
85707,12,0.0677966101694915
85645,15,0.0424393723252496
85710,0,0.0824650193509972
86017,0,0.0803680981595091
85716,0,0.0457516339869281
85647,0,0.3873239436619717
85663,0,0.0639913232104121
85653,13,0.1494339622641509
85728,20,-0.0838709677419354
85751,0,-0.0133333333333331
85656,20,-0.1090909090909092
85880,0,0.0835133189344852
85763,0,0.0552802134959968
85744,0,0.2383252818035428
85753,10,0.0802139037433153
85768,0,-0.1409691629955947
85724,0,-0.1044948136765271
85738,0,0.0377002827521206
85770,0,0.1591220850480108
85792,0,0.1114666666666666
85839,0,0.0351464435146442
85966,0,-0.0779999999999999
85886,0,0.1011419249592169
85889,0,0.013870246085011
85931,0,0.0484037075180225
85903,8,0.0441379310344827
85804,0,0.0841423948220065
85739,0,0.1016393442622951
85865,12,0.0447761194029849
88203,0,-0.0455927051671731
85963,5,0.0777397260273973
86003,0,0.0460380699424523
86102,0,0.0667183863460045
86111,5,0.055962854349951
85863,0,0.0161374284226964
86570,12,-0.4365609348914858
32687,0,0.0478026905829596
87501,12,-0.0585585585585587
87508,0,0.1758241758241758
88820,0,0.0949913644214162
88482,0,-0.2224137931034482
89278,20,-0.0340425531914894
89530,0,0.7523076923076923
90972,12,-0.4189189189189189
80638,13,0.0526315789473683
87538,0,-0.0384615384615385
85939,4,0.0953436807095344
85951,4,0.1094147582697202
90603,12,0.0169491525423728
85953,13,-0.1018352191707253
85976,12,-0.25
85980,0,-0.1993006993006992
85959,0,0.0565573770491805
86302,12,0.0523560209424083
87614,0,0.0527182866556836
85992,0,0.0203735144312393
86047,10,0.2900900900900902
90331,12,-0.0227272727272727
90544,12,-0.0342584121175155
86073,0,0.0584415584415582
86062,13,0.0683760683760683
86034,0,0.3900462962962963
86026,0,0.1349831271091113
86021,0,0.1094806686231977
86083,0,0.16144578313253
86097,0,0.027426810477658
86051,0,0.3485477178423235
86113,0,-0.1176470588235293
86048,8,0.0451127819548871
86196,5,0.0906052729298181
86128,0,0.3128571428571427
89815,0,0.4285714285714286
88341,0,-0.046
86211,0,0.0736553614251456
86150,4,0.1611111111111109
86157,20,0.1202830188679244
86158,0,0.0318688823127701
86249,18,0.0190100430416069
88836,18,0.1428571428571428
89527,12,-0.1299019607843138
86155,0,0.0133333333333331
86176,0,0.037193575655114
86178,0,0.2488262910798122
86180,0,0.1622340425531916
86288,0,0.0513465894789832
86228,10,0.0039007092198581
89643,0,0.0482529118136438
86240,0,-0.0055555555555556
87131,0,0.0519125683060108
86299,12,-0.0880503144654089
86236,0,0.0620347394540943
88516,0,-0.0911528150134047
86233,0,0.0519125683060108
86260,0,0.0452079566003615
86728,0,0.0950704225352112
89419,12,0.1126760563380282
87160,0,0.0934343434343434
86323,0,0.0098146128680478
86322,0,0.0697582243361076
87089,0,0.0263691683569979
86305,0,-0.0384615384615384
86339,5,0.0640501499046062
88850,0,-0.0199556541019955
86333,0,0.1310043668122269
86362,8,0.1506211180124224
90733,0,0.2162162162162162
86356,0,-0.0384143849611768
88940,0,0.0421455938697317
86868,0,-0.0048331958033713
88409,13,-0.2032110091743119
86253,20,-0.2617142857142857
90914,0,0.0603305785123968
86435,0,-0.0159118727050184
86534,5,0.1621704475781729
86489,0,0.266019417475728
86496,13,0.0175438596491228
89740,0,-0.3542116630669546
86512,12,0.7978142076502732
86544,0,0.047677261613692
86525,0,0.1535348084187802
86531,0,0.0447761194029849
90588,12,-0.0628235294117647
86526,12,0.0563380281690142
86533,0,0.0310944700460829
86574,12,-0.0314685314685314
86578,0,-0.0195312500000001
90591,20,0.0052151238591917
88581,0,-0.0277008310249308
87342,0,0.1470588235294117
86547,0,0.2831999999999999
86548,0,0.1518090264826557
89143,20,0.5800919540229887
86560,0,0.1440129449838187
86583,4,0.0912698412698411
86719,0,0.0829335161069226
86709,8,0.0822407628128722
86715,0,-0.0708502024291498
89934,0,0.0576251455180443
86595,0,0.0130718954248365
86717,0,0.0919825978868862
86720,0,0.088740458015267
86725,10,0.0490156689433507
86759,0,0.1277235161532681
86763,0,0.0101010101010101
86791,15,0.2317198764160659
86778,0,0.1485148514851484
86783,13,0.0200354941154492
86810,0,0.0931399888455104
86840,0,0.0555555555555555
86822,8,0.3165137614678899
86819,12,0.4353448275862071
86827,0,0.1058407079646017
86799,0,0.0844947735191636
86830,0,0.1527839643652562
87039,0,-0.0610328638497652
86899,0,0.1205649328281088
86916,0,0.0
86924,20,0.0300429184549355
86926,0,0.1786941580756011
86876,8,0.0348659003831417
86887,10,0.0
86935,0,-0.0136612021857924
90780,0,0.1596009975062344
86890,0,0.0714285714285714
86946,15,0.060248198558847
83554,0,0.093959731543624
86964,0,0.1263023601956197
86988,0,-0.0436363636363636
86949,0,0.3319746376811594
87843,12,0.1888586956521738
86990,0,-0.0338983050847457
88368,12,-0.0258064516129032
86996,0,0.0661672908863919
87006,0,0.154858521605615
87013,0,0.154981549815498
86958,0,0.1712288875946417
87000,0,0.0101010101010101
86965,0,0.0536672629695884
86977,12,0.3134328358208955
86979,0,0.0206659012629162
87016,12,0.0524590163934426
87077,0,0.0211267605633802
87020,0,-0.0930232558139534
87121,0,0.2274590163934426
87054,13,0.0738585496866606
90471,0,0.1384615384615386
87066,0,0.0554272517321017
87099,0,0.1163366336633662
87075,10,0.0236418511066398
87084,13,-0.1718309859154929
87056,10,0.1393095093882492
87074,0,0.0655737704918033
87105,0,0.0369127516778522
87034,5,0.0517241379310344
87086,0,0.0059665871121716
87134,12,0.0634920634920634
89481,0,-0.1867007672634271
87162,0,0.1830357142857142
87183,3,0.0
87167,0,0.0342146189735614
87165,0,0.0779220779220779
87179,0,0.1612390786338362
87173,0,-0.0192307692307692
87182,5,0.0932857991681521
87172,0,0.1557788944723617
87178,0,0.0210526315789474
87140,20,0.0716981132075471
89820,12,-0.3444676409185804
87264,0,0.0689455388180764
87257,0,0.0208333333333334
87242,0,0.0224929709465793
87261,9,0.0573529411764706
87236,18,0.2634408602150537
87267,0,0.022547119957724
87345,0,0.1780821917808219
87268,8,0.0430820215410108
87361,8,0.034965034965035
84108,12,-0.0950819672131147
87277,0,0.0739130434782611
87356,5,-0.0460485376477909
87302,0,0.1520737327188941
87292,0,-0.0086242299794661
87299,10,0.0558333333333334
87321,0,0.0846262341325811
87337,0,-0.1125
87379,3,0.0600907029478456
89597,18,-0.0117647058823529
87439,0,1.952755905511811
90670,12,-0.0561797752808989
87430,13,0.0163776493256262
90808,0,0.0098116169544741
87394,0,0.145
87419,5,-0.0231065468549421
87415,0,0.0338461538461538
87414,0,0.0642857142857142
87424,0,-0.1568627450980392
87373,4,0.091655266757866
87418,0,0.2941176470588236
87510,0,0.1550387596899225
87445,15,0.1443914081145583
87496,0,0.0555555555555555
87494,0,0.1553398058252426
87498,18,-0.0846153846153846
87487,0,0.0921985815602837
87492,0,0.0723316671567186
87478,0,-0.0230769230769231
87499,0,0.1194852941176469
87525,0,-0.0897869101978691
88926,0,-0.0727272727272727
87632,0,0.0097560975609756
87541,0,0.1551204819277107
87618,18,0.1064356435643563
87589,18,-0.0138121546961326
87602,18,-0.0185714285714285
87601,0,0.0843373493975903
87771,0,0.1420718816067654
87833,12,0.0
87633,18,0.1222044728434506
87612,8,0.1873065015479875
87797,0,0.3008264462809917
87752,13,0.2383082553883693
87825,20,0.2732558139534884
87814,12,-0.1153846153846154
89701,12,-0.0977443609022556
87785,0,0.2141527001862195
87812,0,0.1456310679611652
87777,13,0.040118870728083
87657,0,0.0555420515313562
87659,0,0.0876819311324104
87827,0,0.1099809281627464
87789,10,0.0897810218978103
88207,0,0.0731707317073169
88784,0,-0.033112582781457
88152,0,0.0774762994442628
88167,0,-0.0639810426540283
88468,0,0.1139240506329113
88173,0,0.0897435897435896
88174,0,0.0993690851735016
88195,0,0.0942698706099813
88159,0,0.077485380116959
90354,18,0.1666666666666667
90083,18,0.266839378238342
88370,0,0.0845771144278608
88246,0,-0.0584415584415585
88646,0,0.3188054882970137
88182,5,0.1365979381443298
88255,0,0.1176470588235294
88260,13,0.1006517016654597
88263,0,-0.0569318181818182
23887,0,-0.0113924050632912
90970,12,-0.3163265306122448
89572,0,0.1048109965635737
88575,0,0.2988505747126435
88534,0,0.0954653937947491
88264,0,-0.0321100917431194
90071,0,-0.0137844611528822
88343,4,0.0951086956521738
88352,0,0.0815925685608978
88331,0,0.0080775444264942
90560,12,-0.1638888888888889
88321,0,0.3267813267813269
88281,0,0.047900466562986
88313,0,0.027501909854851
88280,4,0.0965005302226935
88332,0,0.0078740157480314
88287,3,0.0362595419847326
88359,18,-0.0238095238095238
88439,18,0.2661870503597123
88417,0,0.2477876106194689
88457,3,-0.0147058823529412
88466,0,0.0602409638554217
88485,0,0.3877551020408161
88451,13,-0.0310077519379845
88446,0,0.0608575380359612
88510,0,0.0708598726114648
88511,13,0.2452107279693487
88550,5,0.158745247148289
88532,0,-0.0515463917525774
88542,0,4.837837837837838
88504,0,0.0644307149161518
88497,18,0.0
88545,0,0.0637755102040815
88574,13,0.1482799525504152
88535,0,0.0679156908665106
88564,0,-0.0588235294117647
88499,5,0.097894137734775
89617,0,0.1035450670547875
89395,0,0.2040643522438612
90502,12,0.2045454545454545
48506,0,0.1536805854498493
88648,0,0.111861137897782
88739,0,-0.049303944315545
88626,0,0.0977777777777779
89366,0,-0.0999999999999999
88615,8,0.0456769983686786
88746,0,0.0678391959798994
88661,0,0.0512230215827338
88740,0,-0.1529745042492917
88727,12,0.0562770562770562
90674,0,0.4046822742474916
88750,0,0.1236802413273001
88868,0,0.0242628992628992
89685,0,0.1268456375838924
88799,12,0.0785714285714287
88817,0,0.0401459854014598
89576,12,-0.2932032362655676
89925,0,-0.1725252525252525
88807,0,-0.0489260143198091
88791,0,-0.2149206349206349
89029,0,0.0853994490358127
88860,0,0.0892420537897311
90478,0,-0.1175337186897881
26382,0,0.1155071694105152
88949,0,0.0948275862068965
88839,0,0.0
90029,0,0.0676691729323306
89174,0,0.0729525120440468
88906,0,0.1460815047021944
88908,0,0.2230303030303029
88892,0,-0.1810089020771514
88897,0,0.0953442988569837
88945,0,0.1763698630136987
88991,0,0.0168690958164643
88895,4,0.0467091295116772
89497,0,0.0877844867626567
89004,5,0.0618689186708281
89290,0,0.1377134372680029
89727,0,0.0545365615064807
89006,0,0.0225733634311513
89110,0,0.1460784313725489
90696,13,0.5332302936630604
89046,0,0.0522222222222223
88994,3,-0.0786516853932585
89642,0,0.0109483960948395
89031,0,0.0354609929078013
89002,5,0.059026069847516
89030,0,0.0463917525773194
89014,0,0.0355405910961466
90176,0,-0.1067857142857143
89367,13,0.3062330623306233
89167,0,0.1645123384253819
89036,0,0.1103603603603602
89044,0,0.1492537313432835
89215,0,0.1339173967459324
89070,0,-0.0010140273787392
90216,0,-0.1405882352941175
89327,0,0.0816135084427767
90980,0,0.0451505016722406
89413,0,0.0514075887392899
89203,0,0.1698473282442747
89179,0,0.0788450860632981
90223,10,-0.1025641025641024
89313,0,0.0458265139116202
89244,8,0.0534682080924855
89204,0,0.1370729649936735
89312,0,0.0
89269,0,0.1248671625929862
89217,5,0.0300254452926209
89225,0,-0.131486146095718
90204,0,0.1368421052631581
89230,0,-0.0128418549346016
89252,18,0.1377049180327869
90081,4,-0.056541019955654
89761,12,0.0969555035128806
89297,0,0.1586368977673324
89353,0,-0.0108892921960072
89321,18,0.1256366723259763
90898,0,-0.0088888888888889
89919,0,0.1390728476821192
89409,0,0.0540145985401459
90192,0,0.0837004405286343
89332,0,-0.1710526315789473
89431,0,0.0517670482827277
89410,0,0.0581717451523546
90778,0,-0.054054054054054
89424,12,-0.0344827586206896
89387,0,-0.0030309590820524
89394,10,-0.07250341997264
90280,12,0.1497326203208555
89445,13,0.0207792207792207
89567,12,0.066488918513581
89753,0,0.2843657817109144
89471,0,0.3033333333333334
89453,4,0.1467008327994874
89932,0,0.1075050709939149
89407,0,0.1706036745406824
89406,8,0.1512641673931996
89626,0,0.023550497408814
89443,0,0.0451538682772505
89916,18,0.289808917197452
89636,0,0.0165380374862182
89533,0,-0.0977688255345523
90601,8,0.0610278372591006
89482,0,-0.1439863037808606
90313,13,-0.0330749354005168
89941,0,-0.1308345120226309
90656,13,-0.3255395683453238
89484,12,-0.032258064516129
90067,0,0.0206049978079789
89876,0,0.2068965517241379
89653,0,0.0066162570888468
89574,5,-0.0039973351099267
89546,0,0.0777587192681534
89509,0,0.1308710503842869
89549,0,-0.1562499999999999
89620,12,0.6299999999999999
90436,0,0.075091575091575
90492,0,0.0251046025104602
89781,0,0.0942583732057418
90816,0,-0.0863829787234041
89699,0,0.0068493150684931
90874,0,0.0027114967462038
89698,0,0.1815920398009951
89644,3,0.0224787363304981
89796,20,-0.111111111111111
89793,0,0.1350364963503649
89741,12,-0.1659615384615385
89800,0,0.0926952141057935
89850,0,-0.074370709382151
89770,13,0.1523341523341523
90218,0,-0.0094786729857819
89824,0,0.1301859799713878
90716,0,0.1733333333333333
89832,12,-0.1590909090909091
89901,0,0.1477911646586345
89866,0,0.1239242685025818
89889,0,-0.1214285714285713
89964,3,-0.0080598733448474
89924,20,-0.0196721311475408
89922,0,-0.0168990283058725
89877,12,0.0289855072463769
89913,0,0.1248226950354609
90400,12,1.0538720538720536
89905,4,0.0902527075812273
89973,0,0.0693488618316569
90031,12,0.0769230769230771
89971,0,0.096519721577726
90503,0,0.0267538644470868
90038,0,-0.0356558717697088
90020,0,0.1609589041095891
90078,0,0.0255489021956087
89952,13,0.0322630204332461
90013,0,0.2088036117381491
89904,0,0.0082623935903856
89960,0,0.2395118230358506
90052,0,0.097426470588235
90022,0,0.2026694766420795
90088,0,0.0948275862068965
90129,0,0.0652405487075806
90333,0,0.1578947368421053
90565,0,0.1021437578814628
90126,0,-0.0612903225806451
90490,0,0.1807228915662651
90180,0,0.1727626459143969
90454,0,0.1164658634538153
90847,0,0.1949860724233985
90273,0,0.0251256281407035
90210,0,0.1030973451327432
90425,0,-0.0420711974110031
90287,0,0.1338235294117646
90110,0,0.0862619808306708
90275,13,-0.1402351591626038
90700,12,0.52
90319,0,0.0634304974271011
90286,0,0.1243941841680129
90285,0,0.2066115702479338
90533,20,0.1304347826086955
90363,4,-0.0296442687747034
90708,0,0.0427092320966351
90325,0,0.0536193029490617
90427,0,0.0924124513618678
90323,5,0.2284299858557283
90426,0,-0.0514586709886547
90381,0,0.1304909560723512
90614,0,0.1884057971014494
90288,0,-0.0679245283018866
90466,0,-0.0623441396508728
90299,0,0.1594906003638569
90227,0,0.1347848626231209
90314,0,0.1238273921200749
90353,0,0.040988939492518
90515,0,0.0049875311720699
90467,0,0.0087847730600292
90421,0,0.0096348006692434
90423,0,-0.0068389057750759
90312,5,-0.0466539196940726
90536,20,-0.0637860082304527
19721,4,0.1169463995668651
90901,0,0.1333333333333335
90411,0,0.0699815837937385
90098,0,0.2093023255813955
90538,13,0.0087288597926895
90469,0,0.1527777777777779
90455,0,0.1148837209302324
90535,0,-0.031941031941032
90249,0,-0.0391036906854129
90444,0,-0.0808841389361184
90404,0,0.0960989533777354
90416,0,0.0933333333333332
90833,0,0.2282507015902715
90371,0,0.0316455696202531
90491,0,-0.0246913580246913
90493,3,-0.1118210862619808
90488,0,0.0903698534542916
90476,13,0.0866666666666666
90439,0,0.0429272281275552
90496,0,0.0452830188679245
90489,0,0.0120192307692306
90568,0,0.0
90505,0,-0.0248041775456919
90543,0,0.0445454545454546
90637,0,-0.0335025380710659
90718,4,0.0543130990415334
90540,0,-0.033067274800456
86786,0,0.207452725250278
90417,20,-0.0933333333333333
90409,4,0.0105263157894737
90548,20,0.260791366906475
90803,0,0.1500000000000001
90541,8,0.0098039215686274
90520,0,0.0786290322580645
90440,0,0.0014357501794688
90994,0,-0.0743405275779376
90564,0,0.127690100430416
90605,0,0.1884438608010505
90550,0,0.0673076923076922
90876,0,0.1397058823529411
90569,0,0.0922180322248884
90558,0,0.1859243697478991
90734,0,0.0922976925576861
90547,13,0.1724324324324324
90482,0,0.0918785890073832
90494,0,0.0896672504378284
90948,12,0.2941176470588236
90474,12,-0.0118577075098813
90711,0,-0.0159325210871602
90672,0,0.0865753424657533
90748,0,0.1262902246508805
90664,0,0.1131034482758621
90946,0,-0.0643185298621746
90742,0,0.1586776859504133
84553,13,0.3049450549450549
90849,0,0.0466459351399377
90846,20,-0.0549828178694158
90720,0,0.0078740157480314
90736,0,0.1406844106463878
90811,12,-0.0801535877129829
90699,0,0.1297405189620759
90889,0,0.0411214953271028
86165,0,0.2136752136752135
90993,0,0.051596591441146
90763,0,-0.0153846153846153
90665,0,-0.0173410404624277
90735,0,-0.0207956600361663
90786,3,0.1713514729030807
90730,20,0.0401721664275467
90885,3,0.0067204301075267
90854,0,0.2312499999999999
90752,0,-0.1636363636363637
90725,0,0.0503937007874015
90732,0,0.2009216589861751
90792,8,0.0131004366812226
90789,5,0.1518288474810214
90791,13,0.0821621621621622
90856,18,0.108256880733945
90871,0,-0.0368663594470046
90867,5,0.01644648153141
90984,0,0.0974789915966387
90776,12,-0.0478589420654912
90814,5,0.0808589607635208
90822,0,0.0994602929838086
90779,0,-0.0486787204450626
90829,13,0.0634957825679476
90831,0,0.1257122507122507
90747,0,0.0662420382165605
90775,0,0.1144250071694867
90966,18,0.2199845081332301
90858,20,-0.0379506641366222
90868,10,-0.1561181434599156
90795,0,-0.0918918918918919
90805,0,-0.0400625978090766
90961,12,0.0621761658031088
90862,0,-0.1407942238267148
90971,0,0.2482269503546099
90956,13,0.098966613672496
90825,0,0.114854517611026
90926,18,-0.4006422018348624
90870,0,0.0505181347150258
90963,3,0.0639431616341028
90940,0,-0.0314787701317715
90951,0,-0.0645792563600783
90900,0,0.0289321409784322
90896,0,-0.0831353919239905
90957,3,0.2333825701624816
90958,12,-0.1038961038961039
90988,18,0.1675224646983313
90989,0,0.1380065717415115
90978,0,0.1456216739235605
90979,0,0.0652343749999999
90969,0,0.0713775534498357
90910,0,0.1384317521781219
90925,10,-0.030957523398128
90953,4,0.0324607329842929
84185,0,0.1795918367346938
79519,13,0.2540272614622056
89003,0,0.0371681415929203
89863,13,-0.0248901903367496
85208,0,0.0907216494845359
90727,0,6.74074074074074
88434,0,0.0214876033057851
85971,10,0.1307901907356949
38755,3,0.2695167286245354
86812,0,-0.0341880341880341
89756,0,-0.2002631578947368
89678,0,0.1032863849765259
90199,18,0.1872265966754156
90272,3,0.1142770536526218
90276,5,0.0615453728661274
90178,18,0.0481856038072576
90243,0,-0.079079079079079
90188,0,-0.0144838212634823
90220,0,0.087706685837527
90241,0,-0.0465631929046562
90187,0,0.1331186258722489
90164,0,-0.0172688303735457
90233,0,0.2663316582914574
90097,0,0.1807432432432432
90290,0,0.0052424639580603
90200,15,0.1824212271973464
90207,0,-0.1993159203980099
90681,12,2.214285714285714
90399,12,-0.05625
90599,12,-0.017391304347826
54594,0,0.2315112540192925
13056,0,0.0526570048309178
50091,0,0.1141151685393258
14526,0,0.0226442658875092
11581,4,0.134721371708512
15203,0,0.0984455958549224
16126,0,-0.0339734121122599
16249,0,-0.1565656565656565
17137,0,-0.056910569105691
85914,5,-0.0786831660051365
20670,13,-0.0391061452513966
64899,0,-0.0565704183853857
23660,0,-0.0719117123531505
23975,0,0.0178851584562282
82542,0,0.1078799249530957
56274,0,0.038756196484903
31668,0,0.1008990825688074
32046,0,0.1391905231984203
47511,0,0.1587301587301586
53866,0,-0.0878400524418224
60628,0,-0.0118413262285376
57330,6,0.0192307692307693
37875,0,0.1173870333988211
20765,0,-0.1037131882202304
17144,0,0.0413235294117646
39328,0,0.0024657534246574
26657,0,0.060251798561151
41452,0,0.1902676399026763
89888,13,0.138097796883396
84226,8,0.0548757879124954
64020,20,0.0366197183098593
51423,0,0.0347054075867634
52090,0,0.0126121076233185
53613,3,0.4042553191489364
54114,8,0.0526662277814351
55213,0,0.1374407582938388
51377,0,0.0520547945205478
57665,5,0.0181846201263675
67010,0,0.0729166666666667
35107,0,0.1687103594080339
61621,0,-0.0226475279106858
51692,0,0.3430079155672823
64742,0,0.1354581673306774
65307,0,0.0372448979591835
66852,0,-0.0134453781512605
46922,0,0.1796875
67193,0,0.0230535015224011
77354,0,0.1832606108687027
69199,0,0.2365196078431373
38850,0,0.1171827565270187
72128,0,0.0835240274599542
72486,0,0.0800415800415801
44951,0,-0.0809833694866232
65429,0,0.0041666666666666
74500,0,0.0043478260869567
74740,0,0.0278706800445931
65752,0,0.1469512195121951
40694,8,0.0071963154864709
65306,5,0.0946530147895334
92874,0,0.0387243735763098
81294,0,0.0065318818040436
19502,5,-0.0557984057598355
81614,0,-0.029965156794425
51086,0,0.1244239631336405
83601,8,0.1161400512382577
62042,0,0.0444711538461537
88867,10,0.0970189701897019
21785,0,0.3214285714285714
10044,0,-0.0592450638792101
10104,0,0.1109601449275363
75510,0,0.048460661345496
75033,0,-0.0379918588873813
12211,10,0.1356511826731261
75434,0,1.5128205128205128
80297,0,0.0309734513274337
75976,0,-0.2744314689612784
77488,9,0.2050526315789473
76858,0,0.0465116279069768
76568,4,0.0446058091286307
76990,0,0.2247034193998605
76605,0,0.0689795766551699
76752,0,0.2134551495016612
77478,0,0.3345008756567427
77637,8,0.1688311688311687
77669,3,0.4180790960451979
79094,10,0.3050338091660405
87055,0,-0.0123518611250207
79866,10,0.0690273419991036
80032,0,0.0077111812127583
80719,0,-0.0326188257222739
80763,0,0.1276595744680853
81138,0,0.061503416856492
81655,0,0.1158129175946547
82777,5,0.0239651416122004
83148,0,-0.0063694267515923
83597,0,-0.0895646164478229
20598,13,0.2419825072886297
89508,0,0.2198189134808854
84746,13,0.0869565217391306
84785,5,0.3436426116838487
85040,18,-0.0226628895184136
85982,0,0.0501081470800288
85272,12,-0.12
85394,0,0.0872804683342203
85796,4,0.1648351648351649
85972,8,0.0715721753116203
87092,5,0.1197674418604652
87184,0,0.1573033707865168
87214,0,-0.0740181268882175
87800,0,-0.080659945004583
88193,0,-0.0166270783847981
88668,3,0.0123839009287924
88841,0,0.1011935651271405
88873,0,0.0507218103784627
89271,0,0.0152671755725191
89216,0,0.1040892193308549
89900,0,0.0830095372659838
90739,0,-0.2277777777777778
90386,13,0.0969696969696969
90992,0,0.0900954653937948
90179,0,0.0321543408360127
10568,0,-0.1041666666666666
47730,0,0.1209983722192078
13777,0,-0.0196078431372549
38746,20,0.0163204747774479
60871,5,0.0530176725575191
14198,0,-0.0493705257960996
14702,8,0.132412672623883
15537,0,0.061166429587482
18570,0,0.1464766429136974
18973,0,0.0111185983827493
19271,0,0.2121212121212119
29938,0,0.0530841121495326
10866,18,-0.0380116959064328
20248,0,0.0362869198312236
25320,0,-0.0334572490706319
21726,0,0.2126157917953239
21742,0,0.0431513566525008
11267,0,0.0486147412441191
86474,0,0.0514018691588784
22753,18,0.342323651452282
22825,0,0.1273743016759776
24951,0,-0.0939597315436241
26201,10,0.2192066805845511
65541,0,0.1382502239474468
27562,0,0.0114483493077741
27677,0,-0.0220820189274446
27909,0,0.5841269841269843
63546,0,0.0138121546961325
49154,0,0.0388745704467352
19350,0,0.010839095496169
49429,0,0.0859329017068863
61313,5,0.0009411764705882
80971,18,-0.0045307443365695
12008,0,0.0308087291399228
31500,0,0.0089581950895818
33209,4,0.0386100386100387
50788,0,0.0094082693736072
77462,18,0.0275904353157574
37058,0,0.2270916334661357
62228,0,0.1271929824561404
21055,0,0.0504973221117062
47888,0,0.01
83233,0,-0.0336555674901539
32678,0,0.1837116154873161
23077,0,0.0073027090694934
41663,15,0.2015570934256054
27828,0,0.0499388503872808
66181,0,0.0573830409356725
32870,0,0.0247867803837953
42922,0,0.0385964912280702
12503,3,0.1708573159648592
89757,0,0.1761804087385483
47133,0,0.0023696682464455
47571,0,0.0062735082099916
16678,0,-0.0971855760773965
48291,0,0.3185185185185184
48347,0,-0.0020942408376964
64282,0,0.1597347799879445
27617,0,-0.096083026447941
60097,0,0.0362865221489161
52813,0,0.1981004070556309
60548,0,0.1670329670329668
53197,0,0.0904522613065326
57745,0,0.1058201058201058
57809,0,0.1412049990673383
57817,5,0.1234678624813152
79611,0,-0.0553935860058307
59185,0,0.0354041416165664
60709,0,-0.0231652100663367
35051,0,0.1372918630223061
18403,0,-0.0741127348643005
35238,0,0.0457354758961683
13936,5,0.0169999999999999
49971,0,0.1286919831223629
64785,13,0.1181041181041182
62033,0,0.1741385698406818
91556,0,-0.0288767621646202
50948,5,0.0617977528089888
70923,0,-0.018733850129199
42585,0,0.0451929587000676
72005,18,-0.0561177552897883
76081,0,0.1036906854130053
60580,0,0.0494477911646586
66368,10,-0.1674008810572688
37807,0,0.0350877192982457
80179,0,-0.0528301886792452
80857,0,-0.0959629384513567
59627,18,0.2046204620462046
55976,0,-0.0201649862511456
82924,0,0.1182910547396529
83011,0,0.0226377952755905
15456,0,0.1738672286617493
40539,0,-0.0476810838978636
10025,0,0.0129663932257211
90609,8,0.0613810741687979
10182,0,0.1080503443362621
10259,0,-0.0839041095890411
10501,0,0.0102669404517452
77420,0,0.0440122824974411
10514,0,0.0202702702702703
10659,0,0.1926829268292682
10645,0,0.2156250000000001
75527,0,0.1542857142857143
89105,0,-0.0367949196862158
11132,3,0.0616776315789473
71837,0,-0.0100065346103326
11154,0,0.1014851485148515
11343,0,0.0495394573064473
71685,20,-0.1142857142857142
11379,0,-0.1072796934865899
11426,0,0.1148148148148147
11174,0,0.0884663083918972
75100,5,0.0074976569821931
11081,0,0.0169971671388102
89609,0,0.136111111111111
12266,13,0.151750972762646
75489,5,0.054459691252144
75905,0,0.2769593400117858
76052,18,-0.0052953395161053
76076,5,0.0230769230769232
76671,18,-0.0243204577968526
76217,0,0.1855670103092783
79315,0,-0.018181818181818
76673,13,0.141206675224647
77007,0,0.3597733711048159
86590,5,0.0810295519542421
76839,0,0.2893023255813953
76847,0,-0.2348367029548989
77045,0,0.1004273504273505
77501,12,-0.0268817204301075
77505,0,8.666666666666666
77516,0,0.0323529411764706
77530,0,0.0379746835443037
77584,10,0.0709583028529627
77699,0,0.2287581699346403
77830,0,0.496
77862,0,0.1033820138355112
78216,0,0.0600706713780918
78034,0,0.08829249319331
78050,0,-0.0495049504950495
78200,0,0.0085679314565483
78209,3,0.0405727923627685
78816,20,-0.0815217391304348
78881,0,0.1355555555555556
78975,0,0.0520369736391645
79007,0,0.1315644002211164
78963,0,-0.0014214641080312
78953,0,-0.024785027819929
78972,0,0.0901577761081893
79195,0,0.0772532188841201
79307,0,0.2045454545454543
79411,5,0.0369075369075371
79881,0,0.1058786346396967
79922,0,0.3479576399394855
79847,0,0.0890804597701149
79797,0,-0.1766109785202864
80114,13,0.1646039603960396
80274,0,0.3350923482849604
80233,0,0.0873671782762692
80432,0,0.1040312093628088
80544,0,0.0338152413624111
80592,13,0.0365816169689516
81165,0,0.0336605890603085
81212,0,-0.0753225806451614
82598,0,0.1152223304122037
83275,0,0.1176470588235294
83399,0,0.0138248847926267
83391,0,-0.0489795918367347
83333,5,0.1773526370217166
83704,0,0.0
83808,0,-0.1882978723404256
83822,5,0.1417004048582997
83896,13,-0.2119565217391305
83861,0,0.0402298850574713
83956,0,0.0911345319280843
83976,10,-0.1272226396193337
84084,0,0.1628767847699628
84275,0,0.0606902023006743
84255,15,0.1756272401433691
84416,0,0.0518867924528301
84588,0,-0.0255220417633411
84519,0,-0.1078189300411522
84761,0,-0.1066666666666665
85019,0,-0.1601123595505619
85314,10,0.1009009009009009
85390,3,0.0338345864661653
85402,0,-0.1246376811594203
85464,0,-0.0289855072463768
85550,0,-0.0410958904109589
88250,0,0.1777777777777778
86189,0,0.026315789473684
89606,0,-0.1720647773279353
86580,0,0.4303215926493107
86594,0,0.0172626387176326
86878,0,-0.0274999999999999
86881,0,0.0761636107193231
86959,0,-0.0583941605839416
89416,0,0.0139344262295082
90539,10,0.2235344185551653
87255,0,0.0282828282828282
87333,0,0.0256410256410257
87343,0,6.3886925795053005
87390,13,-0.0197802197802197
87432,0,0.0743430152143844
87377,0,0.0798335225122965
90640,0,-0.0598006644518271
88172,0,-0.0838509316770186
88458,0,0.0401146131805156
89208,0,-0.0532786885245901
89301,18,-0.1011880376894714
89447,0,0.0071090047393365
90024,0,-0.0112033195020746
89452,0,-0.1119999999999998
89540,0,0.1979768786127167
89908,0,0.020979020979021
90215,0,0.1769304403318441
90387,0,0.1349206349206348
90679,0,-0.0188235294117646
90657,0,0.2352941176470588
90715,0,0.1637694419030193
90807,0,0.1509067357512954
76020,0,-0.1088435374149658
90209,0,0.06280193236715
