firms,clusters,mom1
54594,10,0.0662568306010928
14526,0,0.1451406649616367
11581,0,0.0404685835995739
15203,12,0.125945945945946
16126,0,0.0886414253897551
16249,0,-0.1645569620253164
17137,0,0.1264285714285713
20670,13,0.0603741496598639
64899,13,0.0845803182565374
23660,0,0.0321740747628789
23975,15,0.0350547195622434
82542,0,0.0528750826173165
30680,15,0.0577342047930284
56274,9,0.0370952530650738
31668,12,0.0543252595155709
32046,0,0.1753031973539141
47511,8,0.0445070422535209
53866,10,0.0129210220673634
60628,0,0.0587786259541984
57330,0,-0.0216036560033235
37875,0,0.0701900981825778
20765,13,0.0916666666666665
17144,0,0.0001983339944466
39328,0,-0.0668257756563246
41452,0,0.0425941780821919
89888,12,-0.0746766169154227
84226,0,0.0495261387954752
64020,0,0.1723237597911227
51423,0,0.0160167130919219
52090,0,-0.0021691973969631
53613,0,0.1934389140271495
54114,0,0.0517468688200395
55213,12,0.1888701517706577
57665,0,0.0446145723336852
35107,0,0.0591800356506238
61621,0,0.0346622500887257
51692,0,0.0675287356321838
64742,0,0.0568862275449102
65307,0,0.0227272727272727
66852,0,-0.025173611111111
46922,13,0.1106941838649155
77354,0,0.0644823980481004
69199,0,0.0310521555622551
38850,12,0.0752925590638109
44951,7,-0.0825035561877667
74500,0,-0.0727762803234501
74740,0,-0.0072727272727273
65752,0,0.0973451327433629
40694,0,0.0823091247672251
65306,5,-0.0056409258899047
92874,12,-0.0006788866259334
81294,5,0.0382121671954753
19502,0,-0.0006752194463199
81614,0,-0.0033500837520937
51086,0,0.0438300741739716
83601,0,0.0342871238283177
62042,0,-0.0963235294117647
21785,12,0.0164569215876089
10044,0,0.0567823343848581
10104,0,0.0534328358208955
75510,0,0.0472150497971228
70092,0,0.0329994107248086
75033,0,0.1502256608639587
12211,0,0.0049993421918168
80297,18,0.0642570281124497
75976,0,0.10060579835569
77488,0,0.0205761316872425
76858,0,0.0434782608695651
76568,0,0.0253886010362693
76605,10,0.0619062090225217
76752,0,0.0142472083172893
77637,0,0.0824468085106382
77669,0,0.0547124600638977
79094,0,-0.0282837967401725
87055,0,0.0629661016949152
79866,0,0.0549242424242424
80719,0,0.1774679728711379
81138,0,-0.0157244477723699
91364,0,-0.1194029850746269
81655,0,0.0349311080923733
82777,0,0.0062851905198375
83148,0,0.0025619128949614
83597,9,0.0372682210391042
20598,0,0.0831854918194363
89508,0,0.0715045754415832
85040,0,-0.0419847328244276
85982,0,0.0
85272,0,0.1098039215686275
85394,0,0.0966693031022059
85796,5,-0.00366076876144
87092,0,-0.0158794788273614
87184,0,0.0827363069100992
87214,0,0.0068965517241379
88668,0,0.0805682684973303
88841,0,0.1144200626959248
88873,6,0.0600201748486886
89216,0,0.0200975027360461
89900,0,0.0792822185970636
90992,0,0.0493351673544246
92378,9,-0.0316742081447963
93065,0,0.0920479302832244
90179,0,-0.017175572519084
47730,0,0.010905125408942
13777,0,0.1028571428571429
38746,12,-0.125
60871,0,-0.0219066937119675
14198,19,0.0475983953160576
14702,6,-0.0310837300476056
15537,19,0.0942129172427412
68830,0,0.135228848821082
85914,18,-0.0525700934579439
49373,0,-0.0193389592123769
18570,19,-0.026274303730951
18973,0,0.0733127783487495
19271,0,-0.0525272547076313
29938,0,0.0332963374028858
10866,0,0.1466131907308376
25320,0,-0.0902043692741367
21742,0,0.0211306256860592
11267,0,0.1358024691358024
86474,0,0.5
22825,19,0.0632478632478632
26201,0,0.0706195869420387
65541,0,0.0195805263075206
27562,0,-0.0125602985346319
27909,0,0.0454780361757105
63546,0,0.0078688524590164
49154,0,-0.0132736533415651
19350,0,0.0293255131964809
49429,0,0.1161258843620394
61313,0,0.0535218379197171
30737,0,0.0763011622031328
80971,0,0.0
12008,0,-0.0455311973018549
31500,0,0.0
33209,0,-0.0120481927710844
50788,15,0.0980538922155689
77462,0,0.1550639774452396
31974,0,-0.03751233958539
62228,6,0.0297029702970297
59010,10,0.1075966477426331
21055,0,0.099838496549699
83233,0,0.0272948214619555
32678,0,0.0653228816722657
27828,0,0.1222814936397209
66181,0,0.0356913596097059
32870,15,0.0358950759318914
42922,0,0.0812576561861986
12503,0,0.1114491150442478
89757,0,0.0938360881542699
47571,0,0.0236232718894009
16678,0,-0.0254435107376285
48291,0,0.1778140293637846
48347,0,0.2677642980935877
64282,0,0.038013096949369
27617,0,-0.0017857142857142
60097,0,-0.0013937282229964
52813,5,0.0201539855072463
53197,0,0.1309616888193903
57809,0,0.0004161464835621
57817,6,0.0287745989746981
79611,0,-0.0238044177568088
59185,0,0.1332769794308255
34948,0,0.0477915563605964
60709,0,-0.0378266201301764
35051,19,0.0394932935916543
18403,12,0.3586666666666667
35238,8,0.0587326120556415
13936,5,0.0750582002087179
49971,0,-0.0289982425307557
64785,0,0.0539325842696629
62033,0,0.2035371702637889
91556,0,-0.0115061409179055
50948,0,-0.0446801671488267
42585,0,-0.0626742199442496
76081,0,-0.0679193242544388
60580,0,0.0469969460468273
37807,0,0.0091467771902244
80179,12,0.060021436227224
80857,0,0.0564648117839607
59627,0,-0.0071599045346062
55976,0,0.0555048859934854
82924,0,0.0133227281765759
83011,0,0.1273836765827611
15456,0,0.1207492795389049
79672,13,-0.0563019833653231
40539,10,0.0343806547129461
10025,10,-0.13227869404241
10182,0,-0.0013484877672894
10259,0,0.03125
10501,0,0.0638266509433962
77420,0,0.0716049382716048
10514,0,0.0046189376443417
10659,10,-0.0990435050910212
10645,12,-0.032258064516129
75527,0,0.0697115384615385
89105,0,-0.0033480176211453
71837,12,-0.0473684210526316
11154,0,0.0285714285714286
11343,0,0.081158044613194
11379,0,0.0115107913669065
11174,10,-0.0811106252732838
75100,19,0.1259315397246432
89609,0,0.0725738396624473
12266,7,0.078740157480315
75489,0,-0.0371380742761486
75905,0,0.0622355430183356
76052,10,0.0962837837837837
76076,0,-0.0580673758865247
76217,0,0.0060422960725075
79315,0,0.0386297376093294
90751,0,-0.488650621649367
77007,0,0.0805243445692882
76839,0,0.1534680502457674
76847,18,0.5528384279475984
77357,0,0.0057660626029654
77478,18,0.0866551126516463
77501,9,0.1732501732501732
77584,9,0.0841847159787496
77699,0,0.0223880597014924
77830,0,0.0078904618240889
77862,0,-0.1390899689762151
78216,0,0.0114942528735633
78034,15,-0.0239943542695835
78050,0,0.0278884462151396
78881,0,0.1897506925207757
78975,10,0.039490267469542
79007,0,0.1131204309349751
78963,0,0.0897959183673471
79195,0,-0.1830615465544451
79307,0,0.4116930572472592
79411,10,0.0186941580756012
79667,0,0.1875442321302194
79881,9,0.0300950369588173
79797,0,0.0842824601366742
80114,0,-0.0558252427184465
80274,18,0.2783109404990402
80233,0,0.2792642140468226
80320,0,0.0682593856655291
80432,0,0.0503550677856681
80544,0,0.1851079361768692
81165,9,0.0516826923076922
82598,0,0.0628703942282915
88988,18,0.0146185472818638
83399,0,0.0091552226383686
83391,13,-0.2478527607361963
83704,12,0.0126012601260125
83822,0,0.0963199999999999
83976,0,-0.0853788687299892
84084,0,0.1045159083133764
84275,0,-0.0363890832750176
84255,0,0.0458069062720225
84416,12,-0.1049999999999999
84588,0,0.0757984386089425
84519,0,-0.0455522131499784
85019,0,-0.0900900900900901
85390,0,0.0075105330646638
85464,0,0.0101522842639594
89606,0,0.0954587581093606
86580,0,0.027059055895714
86594,0,-0.026890756302521
86881,0,0.0966936993137865
89416,0,0.0810126582278478
90539,12,-0.0026376524892846
87255,0,-0.0342491531802785
87310,0,0.7864077669902914
87390,0,-0.1006302977613561
87432,0,0.0553585500394011
90640,7,0.3
88172,13,0.0461665292662818
88458,0,0.1441827266238402
89301,13,-0.1198467712513681
89397,0,0.0383351588170863
89447,0,0.0383967665880766
89540,6,0.062206352189438
89908,13,-0.0018199867637326
90387,9,0.001953125
90679,0,-0.0692883895131086
90657,12,0.1301853486319506
90715,10,-0.0630904183535763
90706,0,0.1246594005449592
90807,0,0.0135190495698482
91547,13,0.0327033340411977
76020,0,-0.0120192307692307
92294,12,0.1022727272727272
91733,0,0.1128734784212468
91888,0,-0.0485333333333333
92203,18,0.0091185410334346
92322,13,-0.0148235145655013
92471,0,0.0090651558073655
92635,0,0.0033745781777276
77186,0,0.0602150537634407
91964,0,-0.1914893617021277
11499,13,-0.0974504249291784
81912,0,0.0354716981132074
27991,8,-0.0476530430126718
10517,0,0.0095170955234402
20482,0,0.0448700410396716
10656,0,0.3498432601880878
60038,19,-0.0047265361242403
10779,10,0.2813688212927758
61487,0,0.1052733243191037
61241,7,0.0898203592814372
88845,5,0.0993620414673046
28222,0,-0.0016512246582882
11368,0,0.0107906558849955
28804,0,0.1001981318992357
11587,6,0.0535220470664739
11691,0,-0.0760428202288666
11790,9,-0.0245245245245245
10145,19,0.0205234636227371
45911,10,0.0306201550387597
24643,0,0.0366774541531822
28484,0,-0.0008620689655173
81073,0,0.1475759494664461
10225,8,0.0034175334323922
12758,0,0.0824191279887482
24109,0,0.0046968403074294
59176,0,0.0488997555012225
13507,0,0.1432670426437123
58560,0,0.0893888719975675
13769,0,0.1087018778382358
11144,0,0.1007662835249041
85257,0,0.0290612586242944
14008,0,-0.0177372137075942
18075,0,-0.0038022813688213
83112,0,0.1468050687516848
39490,0,0.0302927927927927
14593,10,0.063837479261368
14761,0,0.134065934065934
77595,18,0.1888929484837411
29209,6,0.0691378592253226
24272,19,-0.0158833063209076
15457,0,0.0658377496942519
15553,0,-0.0275804429586293
15721,0,-0.0107284020327498
44644,15,0.066577807397534
16030,9,0.056020942408377
44601,0,0.0377758913412564
27684,0,0.0050377833753147
40416,0,0.0188571428571426
53110,0,0.0561430494135744
75034,0,-0.019452573592701
10318,0,0.033007334963325
57568,0,0.0222949478420944
16505,18,0.131433095803642
16548,0,0.0201793721973093
49656,0,0.059748427672956
46877,0,0.0195272353545734
39693,0,0.0270118176702307
47423,0,0.0062893081761006
27887,0,0.0391680582966449
29612,6,0.0226167829211583
39642,15,0.0329116332160184
17444,9,0.0672842515845928
65875,0,-0.0176202732132251
43772,0,-0.0218045112781953
17778,0,0.0101459879236571
61508,8,0.0021188167223535
61946,0,-0.0088722397476339
65154,0,0.1896551724137931
19561,0,0.028735632183908
18650,15,0.1285634432643936
52230,0,0.0025953802232028
60898,0,-0.0229325920778318
17961,0,0.1025081788440567
19393,0,-0.0217060167555217
10874,0,0.0126301794814978
55597,0,-0.0352230795035222
19880,0,-0.0100093837973099
10890,9,0.042504743833017
20117,0,0.0015046644598255
45655,8,-0.0224299065420561
64186,0,0.1360093530787216
67838,0,0.2027809965237543
20336,0,0.0714285714285714
62148,0,0.0464313123561013
28564,0,-0.0236305048335123
86290,0,0.2223214285714285
46690,0,0.0469856254022742
20504,18,-0.1310116086235488
20750,20,0.048623853211009
21371,0,0.1012615069894304
27334,0,0.0114199229499174
20618,6,0.0161806843081071
30402,0,-0.0223619846261355
18542,0,0.0148752399232245
89792,15,0.1519549257298957
64557,0,-0.013595166163142
60599,0,-0.093325457767277
90011,0,0.0425894378194207
22921,0,-0.1515863689776733
64194,0,0.1490710704806843
23182,0,0.0692887336886602
14541,0,0.0206735578526175
30509,0,0.4286144578313251
23297,0,0.0587573165240882
23393,0,0.0015349194167304
79026,0,0.0458619485508089
68320,0,0.4999000066662222
47677,0,0.1188811188811189
23916,0,0.0589377340174732
27422,0,-0.0260903426791276
46578,0,0.0330413571349375
24193,9,0.0327380952380953
11995,0,0.0723310170562223
11308,0,0.0156684356835985
24441,12,-0.0974610974610975
24476,0,0.0430578637256384
30648,0,0.0366108786610879
18729,0,0.0166846902518151
61735,0,0.0322417499051712
89525,0,0.0476890756302519
25129,0,-0.0193436209519669
25452,0,0.0061349693251533
25487,0,0.1765081391637408
25778,0,0.0390428211586901
40125,0,0.0682095006090133
26084,6,0.1050493325594892
79618,13,0.0732600732600732
26463,0,0.0842433697347895
11404,0,-0.0517004465819306
41929,15,0.0046116504854367
26607,0,0.112471930472729
26650,0,-0.0183901918976546
23229,0,-0.0335032774945375
30840,0,0.0094117647058824
91983,0,-0.0561018437225636
27430,6,-0.0542099192618223
59248,8,-0.0246296296296295
22293,9,-0.0005851375073142
27474,0,0.1018246027074749
20204,0,-0.0187401574803148
27618,0,-0.0591446769790718
38420,0,0.0775510204081633
17726,0,0.0123853211009175
59256,0,0.0666666666666666
31077,0,0.0674285714285714
27888,0,0.0145500776945894
41080,0,0.0420406235238546
18091,19,0.0600642828445159
19828,0,-0.0092059838895282
92570,6,0.0346938775510203
28629,7,-0.1423728813559323
29050,0,0.1053351573187415
29103,0,-0.0083333333333333
91926,0,0.0985595147839273
29285,0,-0.0040322580645161
61743,0,0.0552134211085155
11674,8,-0.0347121781891814
76708,0,-0.0100278551532033
29867,0,0.0404040404040402
40440,20,0.1391855807743658
44943,0,-0.1564822460776217
26403,0,0.028429800262429
10886,13,0.0301587301587302
64936,0,0.0181960784313723
38682,0,-0.003769520732364
30593,12,-0.1588447653429602
25953,0,-0.0114391545920036
20626,0,-0.0103876361793766
30681,6,0.0490383203641169
11703,0,0.0029411764705882
63132,10,0.0193081255028158
27959,0,-0.0246758678377249
88590,6,0.074087691883445
30940,0,0.0274938822513315
31051,0,0.4377224199288256
31078,0,0.0308934707903778
42200,0,0.0
63159,0,-0.0424836601307189
31480,0,0.0373104693140795
11762,9,0.0297619047619046
70578,0,0.0110377358490565
82855,0,0.0244526585157804
32054,0,-0.141068447412354
32062,0,0.0649487179487178
22103,0,0.0002986411826191
81124,0,0.0052356020942407
23042,20,0.0093374833259227
32540,0,-0.0092961487383798
32548,18,-0.1434511434511434
26470,0,-0.0785240040858017
32791,0,-0.0474452554744526
32986,0,0.0040659588886378
52476,0,0.0411319004175041
24328,0,-0.0058404392010279
33532,0,0.2063492063492062
31691,0,0.0132307692307691
42550,0,0.0404355742688713
87696,0,0.0624457935819602
87717,0,-0.0408478692868182
33823,0,0.0140271493212669
87725,6,0.1977094635322485
11850,0,0.0430707431376924
19166,0,0.0013743815283122
24205,15,-0.0018879056047197
34367,10,0.1295681063122924
92640,18,0.0014641288433383
47706,0,0.1417092768444121
21135,18,0.0857365549493374
34666,0,0.0062893081761006
34746,15,0.0675072235355922
34818,0,0.024623803009576
35167,0,0.02271714922049
35263,0,0.0327687776141385
10777,0,0.061021064563359
35554,0,0.02514884919577
36397,20,0.0525821596244131
54244,0,-0.0279783393501805
36768,0,0.0072833211944647
88924,0,-0.1424625098658247
88853,0,0.0483697116680139
37154,13,0.7722681359044996
25785,0,-0.0017533606078317
45241,6,0.0910057410163724
37234,12,-0.0675105485232068
37402,0,0.0025668449197859
37568,0,0.1756935270805812
37584,12,0.0284069810620126
58421,0,-0.1411290322580645
37955,0,-0.0355541319666879
12036,15,-0.0267701260911735
38093,0,-0.0191780821917808
47941,5,-0.0220455366823275
12052,0,0.0580630266651276
12060,0,0.0198928844682477
46834,12,0.3842746400885934
55212,15,0.043324881490464
38659,10,0.0120522831437785
46674,6,0.0508689585183306
39029,12,0.1352222222222223
57154,5,0.0683206106870228
32299,13,0.0736842105263158
16432,0,0.061516452074392
53604,0,0.0326460481099655
85908,0,0.0476761946323369
39571,0,-0.0003882992492881
60468,0,0.015484922575387
52695,0,-0.0410826114436555
39731,13,0.4536986301369863
84808,0,-0.0084371233427079
23819,0,-0.0066000377145012
54084,0,0.0
25582,0,0.0411555842479018
25304,0,-0.0620516499282639
52978,0,0.0420135527589544
41188,0,0.2586387434554973
10294,0,0.0360714285714285
41241,0,0.048597611774507
41292,0,0.0584154801022269
76927,0,0.2677083333333334
32651,12,-0.0544871794871795
32707,5,-0.0070921985815602
16600,0,-0.0236799677549374
91575,0,0.0566202090592333
61567,0,0.0382888206097848
52716,15,0.0029062727052553
32803,0,0.0416847590099869
42140,0,0.0743589743589745
42439,0,0.0203346203346204
42455,7,-0.0951666666666665
91207,6,0.0116816082586252
21792,0,-0.0475609756097561
32934,0,-0.0071280991735537
42877,0,0.0021324803411968
42906,6,0.0420454545454545
88795,0,-0.1801075268817205
78892,12,0.0116279069767442
12570,0,0.0274351875157312
80210,0,-0.0618885580603999
21928,0,0.0015503875968991
56573,0,0.0100266531285695
43634,0,0.5022831050228311
43757,0,0.1398416886543536
51633,0,-0.006872852233677
12431,0,0.0576040278394787
44274,0,0.0619512195121951
46463,8,0.0263367916999202
44506,0,-0.0676691729323308
59328,9,-0.0257458111973845
44768,0,-0.0098765432098765
12490,0,0.0026225097582439
40272,6,0.0689655172413792
45277,0,-0.0696808510638299
45306,0,-0.1249903178332602
21573,0,0.0457296570275722
27705,0,-0.0806451612903225
45437,0,0.1406124093473004
45560,0,0.0799031476997578
53065,0,0.0357142857142855
45728,0,0.0433162552398695
46042,0,-0.0452375539895431
46077,0,0.0340390688969471
52329,6,-0.0172640578756987
82694,0,0.0720453318942253
22111,6,0.0221358384623691
42534,0,0.0944745395449619
46886,19,-0.0263719512195121
46923,0,0.076789210354579
47002,15,0.0720817643894566
42067,0,0.0044444444444444
47088,0,0.0882352941176471
24432,0,0.0127986348122866
12650,0,-0.0041145490454246
24053,0,-0.0079088895919012
26825,0,-0.0412648221343873
47379,0,0.1140939597315435
44134,15,0.0321739130434781
47619,10,-0.0304147465437788
47715,0,0.2726495726495728
17750,0,0.0107407407407407
59045,5,0.0673522431913211
48072,0,-0.0217821782178216
48144,10,-0.0217054263565892
89456,15,-0.0564603691639523
49488,0,-0.1263616557734205
48267,6,-0.0477876106194689
12781,0,-0.0203951561504143
48486,0,-0.0397125218833502
48523,0,0.0442221954452344
48531,0,-0.0396666666666667
48961,0,-0.0266768292682926
50286,18,0.2945454545454546
60943,0,0.015803631472764
65330,15,0.0166363400051989
50876,0,0.0080289040545964
81678,19,0.0323512420566147
49905,13,0.2329180822952057
21178,0,0.0624718764061795
56223,0,-0.0358612580834805
59774,0,-0.0214050493962678
33849,12,-0.1486486486486486
66245,0,0.0352860568687904
23835,15,-0.0036937541974478
50623,5,0.0675137783221067
50789,0,-0.0063931806073521
89790,12,-0.0097087378640776
51263,0,0.0580678314491263
81311,6,0.0231689088191329
15069,0,0.0221213840045377
45751,0,0.0360262008733625
34032,0,0.0610506389020351
51829,0,0.0244233378561735
39538,0,0.042610243583677
51925,0,0.0140845070422537
51960,7,0.06
43449,0,0.008806464981351
89915,15,0.0902719372021305
17478,0,0.0691733639494831
81061,0,0.0610848151464755
52250,0,0.0010952902519167
10507,0,0.4191419141914192
17005,0,0.0754898811435913
22752,0,0.1051230871590152
42796,0,0.0397660818713452
53074,0,0.1885681459141175
87437,13,0.2000666666666666
89857,0,0.1098934550989345
53373,7,0.0245398773006135
53480,0,-0.0097695852534562
53640,0,-0.0278551532033426
24010,0,-0.0437268232385661
53859,20,0.0602990834539314
54253,15,0.0344684385382061
91109,12,-0.022181146025878
22592,6,0.0608660309892727
24248,0,-0.0247377795369088
54675,0,0.0064516129032257
54704,9,-0.003003003003003
76591,6,0.0201930094882816
42614,0,0.135820895522388
22779,18,0.0537428023032628
28345,0,0.0764257294429708
65365,19,0.1358024691358024
69550,5,0.1654562260662881
59408,9,0.1324266284896205
84372,0,-0.0437756497948015
13303,0,0.0008576329331047
90377,0,0.016146393972013
55993,0,0.1548042704626335
78900,0,0.0276695245518316
25590,15,-0.0568832983927322
52337,0,-0.0856113583386311
58501,0,0.0645967166309777
34497,0,0.0858965272856131
56945,10,0.0158814187400742
64450,0,-0.0073864870736476
47466,0,0.0093998553868401
60986,0,0.0242996962537969
21207,12,-0.0891415994130595
34673,0,-0.0541176470588234
57534,0,0.0806553245116572
61815,0,-0.0625917523021488
64311,15,0.0194140897465706
28118,0,0.1365631033877479
44206,0,-0.0422009792492422
38762,0,0.0031725888324873
23931,0,-0.0291060291060291
58246,0,0.0455512229705779
24766,5,0.0480885499023346
58318,0,0.0391988555078683
58334,0,-0.0207230025328113
90458,0,-0.0405759162303666
34817,0,-0.013714506470929
58836,0,-0.0996563573883161
34833,0,-0.0116569525395504
72611,0,0.0711555555555554
58975,5,-0.101187703772706
67029,0,0.048780487804878
59089,5,-0.0033552876848514
23026,0,-0.1383681013995246
24440,0,-0.0672086720867207
13610,0,0.1030653043091958
63714,5,0.0386219401631913
59871,0,-0.0145348837209301
60098,0,-0.0090512906469996
60186,0,0.0200427578834847
91531,0,0.0898970219871972
77157,0,0.0380622837370241
44230,0,-0.10575
90531,9,-0.0004158004158004
22509,0,0.0081060357103734
60506,0,0.0307553956834532
13688,0,-0.0353643966547193
86136,6,-0.0296247531270572
61146,0,-0.0035971223021582
61269,0,0.0282540449166868
58675,10,0.1013888888888887
41355,0,0.0095956134338588
61496,13,-0.0009590792838874
57509,18,-0.1774262505344165
61787,0,-0.0216836734693877
61955,0,0.2608695652173913
22517,0,0.0026118184786156
13856,0,0.0044000475680816
50550,10,0.0671023965141612
62341,0,-0.1312490783070344
62368,0,0.0160321963449232
21936,0,0.0340557275541795
21776,0,-0.0571128241065171
52898,0,-0.0440826052422557
13901,9,-0.0067150147730324
13928,0,-0.0072276012546025
62958,0,0.0149152542372881
63125,10,0.1123404255319149
89968,9,0.0593480078016162
24459,9,0.0857544517338333
80185,0,0.0416860735910573
23501,0,-0.0103734439834026
63715,5,0.0916759509788318
63830,0,0.0197277964095483
18163,0,0.0429721362229102
64486,0,0.0412326388888888
55511,0,-0.0271739130434783
23712,0,-0.0241791044776119
64929,0,0.067580028981689
64961,0,0.0236634531113058
65008,7,-0.045
87043,12,0.0080645161290322
27756,0,-0.0481825866441251
65270,0,0.0015503875968991
69649,0,0.0554216867469878
66683,10,-0.0365321701199562
65700,8,0.0386969042476601
24942,5,0.0766055602767998
58771,0,0.0034092458748125
76711,0,0.1027586206896551
76282,0,0.0167945262284885
66617,0,0.0903823870220161
80294,12,0.0155830198817839
84381,5,0.028711167466715
35991,0,0.0303477690288713
36003,0,0.0177279305354558
45495,0,-0.0404656319290466
67847,0,-0.061407160699417
66050,12,-0.2535915492957745
27633,6,0.0609144766823637
68196,19,0.0117505272672491
54199,20,-0.0272759475735033
41320,0,0.1296296296296295
76149,0,0.0020057306590257
68591,6,0.017947377591915
22840,10,0.0179713676515382
23085,20,0.0115805275573663
36281,0,0.0347985347985349
85926,0,0.063949635520212
41574,0,-0.1074012242626599
51625,6,0.0033314825097168
50243,0,0.0071090047393365
88742,0,-0.0991705733862242
36468,0,-0.0264361702127658
49138,10,0.127141568981064
70536,0,-0.0021983107717229
65402,0,0.0484027105517907
60206,5,0.0199865475160949
64995,6,0.0171519744714798
71176,0,-0.014271653543307
26614,0,-0.0478589420654911
63335,0,-0.1404761904761905
15720,0,-0.0575158066489903
71475,0,0.0245786516853931
18411,0,-0.0068442923490588
58683,0,0.0795586527293845
66093,0,-0.0273480662983426
63765,0,0.0386888769478774
71942,0,0.0461538461538459
71985,15,0.019174041297935
17523,13,-0.0238726790450928
72304,0,-0.0468277945619336
39220,0,-0.0398230088495574
72494,0,-0.26
43481,5,-0.042106974475695
43350,0,0.0290807940321151
18438,0,0.1451187335092347
72726,6,0.0362494648208935
36898,0,0.0779684049600815
72980,0,0.0172413793103447
73139,0,0.0075819117248849
73219,13,0.1761198593487236
52396,0,0.0527999999999999
47861,6,0.0178807947019867
73681,8,0.0172481379851037
73817,0,0.0086767895878525
66739,12,-0.0298833819241982
43334,0,0.0012430080795524
52038,0,0.0398886827458255
37161,0,-0.0075713453698312
74406,0,0.0169050715214564
15560,12,0.0355871886120997
74836,7,0.0676691729323306
44513,0,-0.0733695652173913
74908,12,0.12375
74932,7,0.1454046639231823
57007,0,-0.0364667747163696
43123,0,0.0036253776435044
44329,0,0.0665003254502061
63773,0,-0.1080821039127646
75460,19,0.0753007085187016
51369,6,-0.0263007432818752
37284,0,0.1992227449376151
15579,6,0.0217417131994772
23579,0,0.1542202153525529
62092,5,0.0313970137042338
76100,0,-0.0888683175190928
50606,8,-0.0528063766190634
14795,0,-0.0198825979928044
14816,0,0.0015624999999999
62308,15,0.043096349162778
76639,0,0.0408984244049615
76946,0,-0.0523809523809524
61209,0,-1.0706638115642876e-05
55001,0,0.0252814536835865
92583,0,-0.0612244897959183
48389,0,-0.0323362974939368
59600,0,0.1105527638190955
45356,0,0.0435020519835842
76185,13,0.0610071347327061
77730,19,0.1452837007589447
91103,0,0.1561119293078054
17929,0,-0.0268310369833212
50278,6,-0.0414976023607525
79244,0,0.0029293299157817
77973,0,-0.0008695652173913
78044,0,0.137351373513735
24985,0,-0.0091210613598672
48725,0,0.0702774154740695
63781,0,-0.0632172729041042
89329,0,0.021256038647343
78749,10,0.038
92655,10,0.0911221799003809
53663,20,-0.0257009345794393
78829,0,0.0882552613713509
87447,0,0.042141693811075
78960,0,0.3291139240506329
79039,0,0.1065292096219931
79303,15,0.0128349470839901
17830,0,0.0433882352941177
79338,0,-0.0180525164113786
67360,0,0.0013236267372602
59619,0,-0.0573566084788029
16555,0,-0.0164058080331888
79573,0,-0.0525409130060293
79637,0,0.0232125124131084
79776,0,-0.0440172475745597
43553,0,0.0910697674418605
79864,10,0.1694063926940638
80128,6,0.0299644839857651
27043,0,0.0753651143565721
81116,0,0.1030469017459774
61700,0,0.023890784982935
57808,0,0.0537897310513446
15202,0,0.0526610644257703
86008,12,0.1215686274509804
21231,20,-0.1146411908464785
53225,0,0.0469128731127141
24969,0,-0.0194314501619287
46068,0,-0.0007168831168831
81702,0,0.0376068376068376
42059,0,-0.002735978112175
63829,0,0.0
79066,0,0.5087719298245614
62498,0,0.0324715615305066
66384,0,0.0776963952319405
59467,10,0.0527797325826882
38033,0,0.021580229725026
39917,0,-0.009370376458984
92872,0,0.0623646600259852
25419,0,0.0462297134600173
38156,0,-0.0137216465975917
58819,0,-0.01378782075833
25099,20,-0.0841854124062713
42286,0,-0.4300311742293038
84403,0,0.0700922923422298
27983,0,0.1448692152917505
63079,0,0.0025575447570331
59483,0,-0.0546218487394957
88857,0,0.0569773056494447
38295,0,0.1019283746556474
84129,0,0.0329283324528966
84161,0,0.0213730569948187
90756,0,0.0243748686698885
72996,0,0.0932844932844931
87426,0,0.078591325109431
86191,12,0.0425531914893617
88664,19,0.0395531953854606
87856,0,-0.1646433990895296
15318,0,0.0596555965559655
71563,0,0.0226670591698558
80072,0,0.0410256410256411
85586,0,0.0009310986964619
35917,15,0.1040288634996993
70332,0,-0.0678979955924022
10147,0,-0.0091811723650866
38149,0,0.0195515449822256
10028,0,-0.0321285140562249
69032,0,0.0894535328924468
10138,0,0.0394005942384705
10107,9,0.0769665301511086
10200,13,0.2312614259597807
89954,10,0.0579292686829893
10302,12,0.044743935309973
10299,0,0.0338962458996476
12217,0,-0.0069980261977389
10363,18,-0.0908080059303186
10333,0,0.0598669623059868
10382,0,0.082519964507542
10397,0,0.0392918825561312
10257,18,-0.1390158288628386
10463,18,0.3858921161825726
70033,0,0.0465334166146156
10421,0,0.1236702127659574
91204,0,0.0386759581881532
10530,0,-0.005663430420712
79698,0,0.0966921119592876
10606,0,0.0404984423676011
10550,0,0.0081510081510081
79785,9,0.0574063243207787
75070,0,0.0065530799475752
89849,5,0.1568862275449103
10547,13,0.198787061994609
68857,0,0.0784565916398714
76123,12,-0.0498125334761651
79903,0,-0.001254705144291
10667,0,-0.2394209354120268
10355,0,-0.0131134243612275
10661,0,-0.0999999999999999
45225,0,-0.1676646706586827
75596,0,0.1325911602209943
10693,0,0.0193677015095414
10649,0,0.0695402298850575
79909,0,0.0732779677576942
75517,0,0.1014739229024943
10696,5,0.0492695502721283
89386,0,0.0458715596330274
44813,18,-0.0539112050739958
89891,0,-0.2041666666666667
70500,6,0.0050323508267433
75224,0,0.0002468526289807
89659,9,-0.0776255707762556
35124,0,0.0589119326720768
71191,0,0.025581395348837
10853,0,0.0642838090157373
22323,12,-0.0015533980582524
10026,19,0.0040902185345332
10812,0,0.2764623955431753
10909,0,0.0257005175798679
88779,0,-0.0389321468298108
90441,0,-0.0173410404624277
75222,10,0.1648238621753663
10860,0,-0.0567484662576686
10443,6,0.1566134703813904
10032,0,0.0545977011494251
70308,6,-0.0040341065370862
85570,12,0.1456310679611649
11701,6,0.0178225493994577
10001,0,-0.1394182547642929
77453,0,0.1639626352015732
10838,18,0.0378151260504202
11292,0,-0.0561797752808989
87816,7,-0.2737430167597765
64390,0,0.0754716981132075
65294,6,0.0678450465707027
12173,0,0.0462670872765509
11378,15,0.0380952380952381
11403,0,0.0219822599305823
85991,0,-0.0042553191489361
11481,0,0.2240773286467485
75470,0,-0.0299142995789281
11552,0,0.0894335585269339
75107,0,0.1907538525614327
11547,0,0.1224152191894125
89048,0,0.1455771519238395
11600,15,0.0096592718395076
75104,0,-0.0037218744713246
11043,0,-0.0171551107934239
11654,0,-0.0738916256157635
11638,0,0.0884295147861038
11641,0,0.2799634034766698
11394,0,-0.2124064171122994
75526,0,0.4508580343213728
11533,5,0.0302025139664803
11707,0,0.1593341260404279
11775,0,0.044112285818447
11781,12,0.0588235294117647
75233,0,0.0129870129870128
75186,0,0.0807947019867549
11809,0,-0.1454251012145748
11731,0,-0.0013583265417007
11825,12,0.009861932938856
75261,0,0.1134751773049647
37217,0,0.0950413223140496
75272,0,-0.002
88197,0,0.0704340704340704
11599,0,-0.0286783042394014
85789,6,0.0819004524886877
11618,0,-0.0662251655629138
11896,0,-0.0409159791210641
84769,19,0.0586623489849296
10180,13,0.259784735812133
11884,0,0.0352673492605233
75182,0,0.0192439862542956
75577,0,-0.0403213807469126
75241,0,-0.1319953120421916
75320,0,-0.0832644628099174
75285,0,0.0234314980793854
10901,0,0.0110058868697209
75316,0,-0.0123314065510596
11891,0,0.0078781512605043
11955,0,0.0491502067064768
84176,0,0.0227043390514631
11752,0,-0.0416178194607267
81774,0,-0.0563112078346028
12149,13,-0.1069444444444445
12248,0,-0.0216414264777722
75573,0,-0.0268336314847942
75326,12,-0.0377358490566037
84387,0,0.0601851851851851
17743,0,-0.0027328626736505
12226,0,-0.0529300567107751
78664,13,0.2075835475578404
87137,0,-0.0411262258778867
12062,8,0.0094152626362733
12190,0,-0.0271493212669683
80926,0,-0.0263543191800877
12209,6,0.033492822966507
11992,0,0.0932058723113691
36346,6,0.0181644359464627
85269,0,0.1105173670148165
92029,0,-0.0338087691494981
12169,0,0.114792899408284
75591,5,0.031525668835864
82540,12,-0.1044682190056639
75447,0,-0.1656626506024096
76573,19,0.0131033338862165
10375,0,0.0322793148880105
75694,0,-0.0211694701910972
63467,15,-0.0097087378640776
75649,19,-0.1040383299110198
75646,0,0.0710738329102746
75607,0,-0.011645792133597
75654,0,0.0544
12073,20,0.0488396259092482
75603,0,-0.1003120820329915
10051,0,0.0583106267029973
75825,0,-0.0751120557798237
75853,0,0.1348039215686274
75854,0,0.0857699805068226
11131,0,-0.045090909090909
76148,0,0.0286135693215339
15070,20,0.0848508330104611
75556,0,-0.049
86124,0,0.0868628858578608
11628,0,0.0792616720955481
75831,0,0.1408730158730158
11748,0,-0.0033333333333332
75828,10,-0.1554285714285713
11348,0,0.0803076923076921
23799,0,0.0488095238095238
11285,0,0.1401869158878503
11442,0,0.0815384615384615
86896,0,0.0702285871660699
11018,9,0.1495495495495495
11513,0,-0.0221774193548387
87952,0,0.0851140890981529
10252,0,0.0638238573021181
89440,0,0.0040214477211797
90086,20,0.057371581054036
12189,15,0.0875962596259627
11208,0,0.1613774476704927
52936,0,0.0324312714776631
56611,0,0.0887174541947926
56710,0,0.2403100775193798
10297,0,0.0605633802816902
12068,0,0.0694635488308117
75860,0,-0.1167173252279635
11786,5,0.0570056379202337
75509,0,0.0424552429667517
81577,0,0.0272288098375055
10932,15,0.0570096808892075
11293,0,0.0714285714285714
11750,0,-0.0649350649350649
11593,0,-0.1566439522998296
69586,0,-0.0087719298245614
35685,20,0.065077319587629
89207,0,0.2132564841498558
10308,0,0.0158150851581508
77519,0,0.1309523809523809
92807,0,-0.0319169329073482
83469,20,0.0349344978165939
86814,0,0.1316477768090671
92716,20,0.0779558250324816
86384,0,-0.0004997501249376
10781,15,-0.0352286773794808
84725,0,-0.0661904761904762
83642,0,0.0982620320855613
87759,0,-0.1968085106382979
90534,0,0.0465587044534412
12166,0,0.0126984126984126
10913,0,0.0759493670886077
77643,15,0.0771001150747985
77379,0,0.0628257093225246
11006,0,0.0838627700127063
86382,20,0.1605415860735008
77889,9,-0.0243902439024389
11565,0,0.0833717181022568
75714,0,-0.0107296137339055
81620,6,0.0473292765382016
75912,15,0.1721902017291066
85299,6,0.0775498735599886
89738,18,-0.015625
77415,0,0.0640131308986458
90561,9,0.1650485436893203
47723,0,0.0272727272727273
83155,0,0.0604583130180398
79851,0,-0.0545073375262054
89211,0,0.0144531249999999
11844,0,0.0737262268138059
89141,0,-0.1615091644846464
76266,20,0.0658924514011614
91855,8,0.0800244349419669
85726,0,0.1338582677165354
75906,0,0.0573361823361824
77236,9,-0.0140005957700327
11056,10,0.1274171270718231
77528,0,0.0730016313213703
79747,0,0.0700663349917081
89828,0,0.0495743615423136
11397,15,0.1146245059288535
20395,15,0.110041265474553
84516,0,-0.0276422764227641
77300,0,-0.002384196185286
76215,0,0.0994735383762814
87652,0,0.0133607399794448
76082,0,-0.0246319365798414
76095,0,0.0006703910614525
76963,18,0.56
76127,0,-0.048573631457209
76128,0,0.2270147559591373
92897,0,0.030456852791878
76135,8,-0.0340030911901082
78981,0,0.0159276018099547
76138,0,0.0719566288812223
76139,0,0.0177719982661466
76415,0,0.4256338028169015
76868,0,0.1392077008515364
88965,0,0.0259541984732825
89655,0,0.0678283679970022
76383,0,0.0962962962962965
76392,0,0.0237648530331457
85875,0,0.1417943107221004
76544,0,0.0943396226415094
83671,5,0.0340080971659919
76202,20,0.0781367392937639
76201,6,-0.0219903585815228
87053,18,0.1515151515151516
76207,13,0.0738549618320612
93087,0,-0.0108459869848157
76360,18,0.0040243902439025
89369,13,0.251164760694621
90053,12,-0.0521327014218009
77486,7,0.2838709677419355
76330,0,0.4802631578947367
76230,0,0.1183172655565294
76461,0,-0.0378151260504201
89948,0,-0.0090403337969402
11644,0,-0.01052016364699
76261,0,0.0232773442666314
76224,6,0.010998680158381
89100,0,0.0127616130678918
77256,0,0.1085080147965475
76279,0,0.0678210678210677
76477,0,0.1135298980435381
76478,20,-0.0559866962305986
90608,0,-0.1601219512195122
79037,0,0.1599099099099099
78071,0,-0.0481283422459893
76529,0,0.045816733067729
76515,0,0.0425160163075128
76504,0,0.1218026796589524
76879,0,0.2142857142857144
88284,10,-0.0545496218198487
76582,0,0.0240691215799218
76584,0,0.0515463917525773
76613,0,-0.168103448275862
76614,13,0.0217662718440099
77004,9,0.0146955913226032
76978,0,0.0647058823529411
76624,0,0.0247651579846284
76644,0,0.0771394134190437
76888,0,0.245674740484429
76837,0,0.041913214990138
76638,0,-0.0965250965250965
76661,13,0.1650135256988276
76686,0,-0.0664112388250319
76695,0,0.1201241134751773
76856,0,0.0510828236072078
76709,0,-0.0343037270535879
76934,0,0.1280991735537191
76712,0,0.0340667139815471
76721,0,0.1127403846153844
76684,20,0.0738255033557047
76732,0,0.0251005239429755
91403,0,-0.0019273535952558
88031,0,0.0340730386161105
76744,0,-0.0270497547302031
76750,0,0.1534782608695653
76788,0,0.4563409563409564
76795,0,0.0730697578141172
76869,0,-0.0234716981132074
76798,12,-0.2574698029243484
76892,20,0.0338069573738364
81564,0,0.0730788978264591
76841,0,0.1915721364511242
89213,0,0.0536499560246261
77235,0,0.3735509037964946
77037,0,0.0987206823027719
77202,7,0.1478057665211862
77090,0,0.0117286178274991
77117,0,0.0411663807890223
77114,0,-0.1133307721859394
77217,13,0.1021582733812949
77165,0,0.0370219690805533
77182,0,0.1305388353035028
77191,0,0.0941446613088403
77175,12,-0.2522935779816515
77178,0,0.0588573895524535
77173,0,0.0279720279720279
77259,12,-0.05
90464,0,-0.0154155495978552
77271,0,0.1134514121589278
77274,0,0.0510713031260976
77279,0,0.0069969213546039
77282,0,0.3755980861244019
77281,0,-0.1034373514969111
77327,12,0.0159574468085106
77340,0,-0.0282079646017697
77338,0,0.0227900007885812
77366,0,-0.0391459074733095
77393,12,0.0991735537190083
92871,13,0.0210298742138363
77413,0,0.0317124735729386
77418,0,-0.044079138783823
77425,18,0.0640060240963855
78147,0,0.0692307692307692
77437,0,-0.0977443609022556
77447,0,0.0628640776699029
77496,0,0.057393143029754
77768,0,0.012428834896961
77505,18,-0.0154738878143133
77507,0,-0.0113207547169811
77515,0,0.1117166212534059
77520,6,-0.0017129153819801
83738,0,0.094540380254666
77599,18,0.261111111111111
77610,18,0.131974921630094
77605,0,-0.0094097519247219
77649,6,0.0210223500774509
77629,0,0.057644110275689
77630,13,0.2208609271523178
77660,0,0.0917158918005072
77661,0,0.0490765171503957
77668,0,0.0772552783109403
89810,0,0.069047619047619
84776,0,-0.1150926207105982
77702,0,0.0050586057988895
87505,0,0.0805120910384067
90352,0,0.1019042717447247
77763,0,-0.0503168095415579
77780,0,0.0237154150197627
77785,0,0.013930950938825
77868,0,-0.2837741243745533
77892,0,0.2985820895522386
77900,0,0.1741935483870968
77902,0,0.0317460317460318
77918,5,0.0225802657885452
77917,13,0.0071026931044688
77971,0,0.154182454095016
78001,0,0.0582010582010581
78018,13,0.0967261904761904
78015,0,0.0489140031785271
78186,12,-0.1313559322033898
78051,13,-0.0547498777904513
78077,5,0.1569832402234638
78068,7,-0.0231362467866325
78066,0,-0.1899999999999999
78091,0,0.1562499999999997
78081,0,0.0759420289855072
78082,12,-0.0542635658914729
91402,0,-0.0946310598306504
78189,0,-0.0340909090909091
78139,20,0.0290262172284645
78172,0,0.1186102236421726
78170,0,-0.005304141744724
78211,0,0.5816326530612246
78137,0,-0.0485685071574641
78156,12,0.0829591113212007
78213,0,-0.1307692307692307
78840,0,0.0715489792095898
91128,13,-0.0044300562276367
88944,0,0.0443379269023367
78841,0,0.1480075901328275
86889,13,-0.0489949748743717
78908,0,0.0052770448548813
79033,6,0.0838059231253938
78875,0,-0.0813302601251235
78876,0,0.2291434927697442
78916,13,0.05492308189934
79019,12,0.05866568914956
79065,0,0.2292885375494071
79006,7,0.2555555555555553
48653,0,0.1284861638632664
78990,0,-0.0224071702944942
78950,5,0.2441195168467895
78987,0,0.0076815642458101
78977,0,0.0158959537572254
79072,0,0.0028792513946374
79089,0,0.0025996533795493
79108,10,0.0635520439711438
79131,0,0.173254281949934
79116,19,0.0909450375642546
79133,0,0.0118453865336658
79103,0,0.0092884258137468
88597,0,0.0712871287128713
79150,13,0.1499832607967861
79166,0,0.0997056659308315
79198,7,0.1896551724137931
79159,0,-0.069767441860465
79237,0,0.0703207988102825
90783,13,-0.0205799812909259
79323,0,0.022804372408594
79299,0,0.1216466234967621
79248,0,0.0346895074946467
79249,13,0.0150114086705896
83659,0,-0.0172413793103448
79336,0,0.0772833723653394
79265,0,0.0417837078651686
79313,0,0.0086872586872586
79444,0,-0.051061388410786
18649,0,0.0678343949044586
79382,0,0.0457010069713399
79399,9,-0.0104166666666667
79666,0,0.0240963855421685
79507,0,0.0496747486694264
79472,0,1.1538461538461542
79499,0,0.0708333333333333
79545,5,0.0391738582371763
79490,7,0.0254545454545453
82763,18,-0.0599890787112878
79491,0,0.1699221417839094
81103,12,-0.0297397769516728
80069,13,0.1757142857142857
79564,19,0.149901933314654
79588,0,0.0727591147906383
85913,0,0.0430346051464065
79628,0,0.1122320302648172
79668,0,0.0410347903657446
79731,0,0.0349710982658959
79724,0,-0.0311764705882353
79758,9,0.0842803030303029
79686,0,0.2013374036923969
79734,0,0.0150375939849625
79824,0,0.0791741180295886
79857,0,-0.0399110342271098
79906,13,0.1948717948717948
79790,0,-0.1889739413680781
79862,0,0.1055590256089942
79839,0,-0.0074994141082728
79791,0,-0.0904436860068259
79878,0,-0.0179516250944823
79915,0,-0.0771756978653529
79841,0,0.0671936758893281
80223,0,0.0443371378402106
79879,0,-0.0725744843391901
79796,8,0.0582891748675244
79884,0,0.1089271089271088
79859,0,0.0191239975323873
79885,0,0.030881017257039
80034,0,0.0621592148309706
80049,9,-0.005050505050505
80080,0,-0.0223378601345348
80001,0,0.0735694822888284
80012,0,0.2009803921568629
80007,0,0.0724547158026234
80050,0,0.1106290672451193
84723,13,-0.0052763819095476
80079,6,0.0769045613190515
80054,0,0.1621621621621622
80167,0,-0.0059505920538559
80113,0,0.1235167206040992
80112,0,-0.0174081237911024
76697,0,0.0049342105263159
80236,0,0.1865771812080536
80204,0,-0.0155979202772963
80254,0,0.1184939091915837
80191,0,0.03807221634688
80193,13,0.1452944413869012
80237,18,0.3940000000000001
80266,0,0.0041265474552958
80361,5,-0.1176525558359031
80306,18,0.1207645525629887
80375,0,0.0255754475703324
80343,0,0.2406716417910448
80316,0,0.2184615384615384
80362,0,0.0917836713468538
80368,0,-0.0468227424749164
80341,0,0.2858187134502923
80336,0,-0.0044515810276679
80357,0,-0.0120481927710844
80303,0,0.2863636363636364
82541,10,0.1422523285351395
80415,0,0.0398613518197572
80478,6,0.1631663974151858
80539,0,0.3207150368033649
46392,0,0.2228464419475655
80587,12,0.050451374640952
80569,0,0.0110192837465563
80524,18,0.0025929127052721
80592,12,-0.0955829109341057
80534,0,-0.1222570532915361
80498,0,0.1185792349726775
80560,13,-0.0823488533703961
80563,0,-0.7532045804136045
80575,15,0.023977433004231
80625,0,0.1050185873605948
89099,12,0.0
80633,13,0.0823402077622614
80768,0,-0.0107913669064748
80759,0,0.0389162561576355
80774,15,-0.070031187978452
80828,0,0.0149413020277482
80791,0,0.0936967632027256
80795,0,0.0
80804,0,0.0154486036838978
80808,0,0.0496719775070289
80837,12,-0.1322314049586775
80858,7,-0.1544117647058824
80928,5,-0.1091534164159861
80924,0,0.0013280212483399
80955,0,-0.0482115085536546
80864,0,0.0032746623004502
80918,12,1.1999999999999995
80943,18,-0.0945945945945945
80951,0,0.1123341800733841
81010,13,0.0396362994350281
80960,18,0.0825396825396826
80957,0,0.036173001310616
80969,0,0.2588055130168454
80990,0,0.1702685003274395
81084,0,0.1830985915492957
81095,20,0.067905646890636
81055,0,0.0431047036551621
81182,0,0.023963133640553
81162,0,0.0560087003806417
81184,0,0.124690594059406
81173,0,0.0293308890925756
81128,0,-0.0281655034895312
88379,18,0.0468085106382978
90359,0,0.1664233576642337
88865,18,0.1762013729977116
86993,0,0.0746825989544435
85205,18,0.2048192771084338
81220,0,0.1423825344091125
81241,0,0.096473029045643
81256,0,0.0983302411873841
81259,10,-0.0073606729758149
81254,0,0.0161290322580645
81292,0,0.1024096385542168
81282,0,0.1707184325108854
81278,5,0.100691016781836
91731,0,0.0524137931034482
81298,0,-0.0072639225181598
81501,0,0.0760757314974183
87532,0,0.1012084592145015
81540,0,0.0795958977498851
81566,10,-0.0969581749049429
81541,15,0.097979797979798
81546,0,0.0453125
81560,10,-0.0123368606701939
90470,20,0.0164225477141588
81588,0,0.0598019801980198
81533,0,-0.020675944333996
81539,12,-0.0495049504950495
81565,0,0.0046130189646336
81584,0,0.0980392156862746
87476,20,0.0808460634547592
81624,0,-0.1434927536231883
81621,0,0.054072553045859
81705,0,0.0221149528513695
81736,6,-0.0566293003478932
85332,0,0.0466348701642818
81740,13,0.0240249609984399
81761,0,0.0656934306569341
81857,0,0.0096609551585855
81696,0,0.1230689476412647
81666,0,0.1061249241964827
81665,0,0.2073684210526316
81677,0,0.0584445467096181
88719,0,0.0635103926096998
81776,0,0.3666666666666667
89611,0,-0.0139165009940357
81893,9,-0.002297709923664
82251,0,-0.03125
81850,0,-0.0567375886524821
81869,12,-0.0238095238095238
82171,9,-0.0415632754342431
81925,0,0.29438202247191
91262,0,0.0369970294355928
82212,0,0.0248857287963433
82179,0,0.0146352118829182
82176,13,0.095003084515731
82234,0,-0.0681362725450901
82281,12,0.7407407407407405
82272,5,0.0163272793982756
82266,0,0.0923566878980892
82287,13,0.0648479427549195
82261,0,0.1002004008016033
82508,0,0.2200123026450686
82298,0,-0.03035685451316
82518,0,-0.0814880425155004
82515,0,0.030525928650239
82521,12,-0.2582781456953642
82307,12,0.0594200320227715
82575,18,0.1359121798222686
82567,13,0.0518962075848303
82581,0,0.0139642444187493
82618,0,-0.0193539103532628
82649,9,-0.1659663865546219
82552,0,0.0011655011655011
82643,0,-0.0050632911392405
82546,0,0.0476900149031296
82547,0,0.1408045977011494
82642,0,0.056369785794814
82651,0,-0.0137732857709076
86042,0,0.1065292096219931
82634,13,0.06624852998824
82638,0,0.1748434237995826
82573,0,0.0756595321055251
82587,12,0.2980392156862745
82607,0,-0.0982279588711442
82599,0,0.0818762142658893
82762,0,0.1615598885793872
82779,0,0.2019386106623586
82734,0,0.0406417112299466
82720,12,-0.0243055555555554
82686,0,0.0447340612891862
82759,12,-0.1308261009321761
89736,0,0.1253303133257832
82768,0,0.0219780219780219
82702,0,0.1865745310957549
82699,9,0.0922906880353688
82747,18,0.0071428571428571
82800,0,-0.1019677996422181
82812,7,0.1651376146788989
82825,12,0.1489361702127658
83875,12,0.1428571428571428
86122,0,0.4363636363636363
83113,0,0.0074786324786324
86098,0,0.4000000000000001
87832,0,0.2857142857142856
83529,13,-0.1079667794524761
88177,0,0.0253886010362696
84825,0,-0.0547337278106508
90710,0,0.0234375
83145,0,0.6884422110552764
87471,0,-0.0113636363636363
91910,9,-0.0523560209424083
83149,0,0.0409290468772129
83120,5,0.0649750096116876
84397,0,0.0620782726045883
91187,0,-0.0401396160558464
37381,0,-0.0342857142857143
83111,0,0.0126067507116713
83124,0,0.0362526920315866
82859,0,0.111578947368421
83303,0,0.0322228290551611
83307,0,0.0355160932297446
83152,0,-0.1036995515695067
83143,0,0.0595327807083647
83272,0,0.0245031309556222
83304,9,-0.0835654596100278
83244,0,0.0368663594470046
83390,0,0.0291120815138281
86080,0,-0.1047835990888381
83413,19,-0.0050600885515496
83411,0,0.0248756218905472
84215,0,-0.0254072102916997
83414,15,0.1915067374438546
83421,0,-0.0779487179487179
83366,0,-0.0184298707515557
83382,13,0.1056338028169014
83405,0,0.033653846153846
83422,0,0.1826923076923077
83520,12,0.0023273855702095
83504,0,0.0289532293986636
93043,0,0.1335857220118985
83509,8,0.1067028092656481
83462,0,0.0188510875627438
83565,10,0.1686429512516467
83534,18,0.0413573700954401
83503,0,0.0960352422907488
92851,8,0.1742450538007636
88811,0,0.182020905923345
86091,0,0.0461538461538459
83690,5,0.0242698477992595
83651,7,-0.1147540983606557
89202,18,-0.0233128834355829
83621,6,-0.0203544882790166
83633,0,-0.0110680686220253
83630,0,0.0464396284829722
83661,0,-0.0364583333333333
83602,12,-0.0602150537634409
83683,0,-0.0290237467018469
90082,0,0.0075829383886256
83774,0,0.0574189880613986
83779,0,0.3229111928533894
91050,0,0.0368243243243242
83799,12,-0.0575849822425165
83756,0,0.3594936708860758
83916,0,-0.0298451076690592
83879,15,0.0921023845985562
83844,18,0.1319311663479923
83883,0,-0.028530670470756
83862,18,0.0597279716144294
83910,0,-0.0783176214648294
83906,6,0.0110154905335628
83885,0,-0.175
83903,0,0.112121212121212
83831,0,0.0694736842105263
83969,0,0.0458978772231783
92530,0,-0.0624690133862172
88436,10,0.5364738166018752
83950,0,0.1197674418604652
83961,8,-0.016
83965,0,0.0525547445255474
88905,18,-0.0186799501867994
84026,9,0.0805084745762712
89758,0,-0.0693334609311451
84103,0,0.1296829971181556
89425,6,0.1664254703328509
84062,0,0.0953436807095344
84636,0,0.0425189611583545
85996,18,0.0153439153439154
84042,0,0.121150933871782
84010,0,0.0715227905613364
84060,0,0.1049999999999999
84041,0,0.031960921144452
84032,10,0.003941857600394
93080,0,-0.2451967063129002
84168,10,0.0116529995684073
84203,0,0.1119113573407202
90666,0,0.0736842105263158
84234,0,-0.0062545989698307
84172,13,0.0933036859659626
84262,0,0.0130664442591048
84210,8,0.030146869363566
84348,0,-0.0899879007864489
84325,0,0.1358792184724688
84365,0,-0.0136192861615529
84342,12,0.3032407407407407
84364,0,-0.0546717454626933
84302,12,-0.1194285714285714
84320,0,0.0515075376884421
84373,0,0.0171924553496911
84319,13,0.0513922036595067
84331,0,0.1379310344827586
86440,0,0.2479338842975205
85176,13,0.0661588683351468
88984,0,-0.0439999999999999
84438,0,0.0829133064516129
84385,0,-0.0884406516679596
84413,0,0.0602218700475436
84511,13,0.0874999999999999
84531,0,0.1183155080213902
84563,0,0.0372753494564011
84555,12,0.3111111111111111
84624,12,0.0981796478663086
84606,0,0.1163594470046083
84389,0,0.0969192339716904
84597,0,0.0557593543653704
84737,0,0.049167327517843
84749,0,0.0534615384615384
85211,0,-0.1564792176039119
84761,0,-0.0865438302624233
84607,0,-0.0187617260787992
84656,0,0.040681385184355
84734,0,0.1320172732880937
84780,8,0.0809987819732032
84827,0,-0.017162471395881
84788,0,0.0812845095184464
85035,0,0.0057142857142857
85002,0,-0.521007323654118
85072,0,0.0578966433228689
85067,0,-0.0608875128998968
85013,0,0.0207792207792207
85077,0,0.0223642172523963
85020,0,0.04529115744069
85059,5,0.1003757380568974
85168,0,-0.0612848689771766
92245,10,0.1390542907180385
85187,0,0.2883031301482701
85177,13,-0.0892404510095271
85173,10,0.0526315789473683
87364,18,-0.1324675324675325
89022,0,-0.0067681895093062
85198,0,0.1348019401778497
85246,0,0.026470588235294
89038,15,-0.0110902074288471
90942,0,0.0165016501650165
85280,0,-0.0778702542469501
85319,0,0.0294734389561976
89898,12,-0.050925925925926
85401,0,0.0291545189504371
85349,0,0.1601164483260553
90012,0,0.0633423180592991
85333,0,-0.1202749140893471
85348,0,0.1487725524992607
85372,0,0.1482105263157893
91908,12,0.0533262260127931
89270,0,-0.014705882352941
90875,0,-0.3106060606060606
85418,0,0.0790582403965303
85502,12,-0.015625
85482,0,0.2215076813147551
85440,0,0.011755485893417
85488,0,0.0529928610653487
88635,20,0.1430131004366812
85517,9,0.0025756600128783
87139,0,0.0047355958958168
85424,0,-0.0754556293646737
89615,0,0.009448035803083
87837,0,0.4238095238095238
85427,10,0.06953125
85419,0,0.0067628494138862
85496,0,0.1806930693069306
85540,0,0.0132325141776938
85621,19,-0.0035965407097494
85627,10,0.0646319569120286
85539,0,-0.0037664783427494
85571,12,0.4065934065934065
85798,0,0.1165467625899279
85593,0,0.0142321717990274
85567,18,-0.1041880517347567
85576,0,0.015645371577575
85522,0,0.0763293310463122
85526,10,0.1842105263157896
85686,10,0.2248298847382308
85725,0,-0.0029679094787607
85675,5,0.1266029377477266
85559,18,0.0205761316872428
85645,0,0.0517031630170314
85710,0,-0.0667225306378966
85663,13,0.0640966093822572
85728,0,0.1094527363184079
85883,0,-0.0349686847599164
92878,0,-0.0062111801242237
89938,15,0.0917293233082705
92557,7,0.1409395973154361
92320,0,-0.0118577075098813
85731,0,0.0663360198388096
85751,10,-0.0011273957158962
85656,0,0.0341666666666666
88183,0,-0.001564465408805
85744,10,0.2710686359687229
85753,0,0.0475313190862196
85768,9,0.0278969957081545
85724,7,-0.0784671532846716
85792,6,-0.0198609731876862
85839,5,0.0644490644490645
85966,0,0.042483660130719
85886,0,0.0870435217608804
85889,0,0.0229007633587787
92560,18,-0.089108910891089
88384,0,-0.0095017793594306
85931,0,0.0320647773279352
85903,0,-0.0838618745595489
85804,0,-0.0405616224648986
85739,12,-0.078740157480315
88203,0,0.0252996005326231
85963,0,-0.0011227544910178
86102,0,0.0062684365781711
86111,9,-0.0199117832388153
87014,10,-0.0649762282091918
85860,0,0.0316027088036119
85863,0,0.0376850605652758
87488,0,0.0140117994100295
32687,10,-0.1583333333333333
85829,20,0.0294930875576036
87501,0,0.044806517311609
87508,0,-0.3491655969191271
88820,0,-0.0005452562704472
89530,0,0.0830434782608695
88951,0,0.0589112602535419
85939,12,-0.0863787375415281
85951,9,0.4476495726495728
90603,18,0.0582726326742977
85953,0,0.0204498977505114
86302,15,0.0603337612323491
87614,0,0.1061403508771929
85994,0,0.0099728014505893
89821,0,0.1617086193745234
85992,13,0.1290958595437048
85972,0,-0.0304461942257219
86047,9,0.1310084825636193
89681,0,0.0403907844852726
90331,0,0.0452961672473868
90544,0,-0.0368319666522805
86062,0,-0.0421860019175455
86026,0,0.0589130434782609
86021,0,0.029965156794425
86083,12,0.0733752620545074
86097,0,0.0280767430978006
86051,12,0.0442477876106195
86113,0,0.0134682080924855
86048,0,-0.1221910112359551
86196,13,0.0143060590367685
86128,0,0.0672097759674135
88341,0,-0.0333091962346127
86211,0,0.0601688663005166
89279,0,-0.0096908167974157
87404,12,0.0
86150,0,-0.0256410256410256
87318,0,0.2328922495274101
86157,0,0.0921658986175115
92919,0,-0.0161386730424386
86158,10,0.0800644196479924
87067,20,0.0310166570936243
88836,0,0.1140939597315435
86199,0,0.054673721340388
86155,0,0.1672240802675584
86178,0,-0.1917197452229299
86288,13,0.0522628367555886
90221,0,0.0727272727272727
86228,0,0.0430236032267701
88257,0,-0.0171473109898675
89643,0,-0.0358820160366553
86299,18,-0.06
86236,0,-0.0187265917602995
86250,0,0.0745454545454544
88516,13,0.0340632603406325
86233,0,0.1749379652605458
86260,12,0.0645161290322582
92935,0,0.2329842931937173
86728,0,-0.0885968630775752
86312,0,0.0180769230769231
89419,0,0.1378446115288221
87160,0,0.0194741966893867
86305,0,0.0395136778115501
86339,9,-0.0235464351486449
88850,0,0.0263929618768328
86362,0,0.058469475494411
86356,10,-0.041548093340922
88940,13,-0.0222072678331088
86868,0,0.0502300136764888
87658,7,-0.0436363636363636
89109,10,0.0655737704918031
91431,0,0.1418439716312058
90914,0,0.0979557069846679
86435,13,0.3190243902439025
86432,6,0.0269015212169734
86489,18,0.152292576419214
86544,0,0.2306390181972069
86525,0,-0.0717973231357551
86526,0,0.0142857142857142
86533,0,-0.0076923076923076
87069,0,-0.0160051950036287
86573,20,-0.0393518518518518
86578,0,-0.0572792362768497
90591,6,0.0848585690515806
87342,18,-0.01010101010101
86582,0,0.1211604095563139
86547,0,0.07469102632993
89143,13,0.0487394957983193
91608,0,0.0
86560,0,0.1938426453819841
86719,19,0.0175126150192936
92094,0,-0.0278030303030303
86709,0,-0.0778625954198473
86715,0,-0.2075471698113208
86595,10,0.0349243306169966
86717,10,0.1002546148949712
86720,0,0.0100137174211247
90590,0,0.0470829068577278
86759,12,0.3644859813084111
86763,13,0.5214723926380367
86778,0,0.0043859649122806
86783,13,0.1314253772022195
86810,13,0.0309028766733123
86820,0,-0.0481452249408049
86840,0,0.1140495867768596
86822,0,0.2954333643988815
86819,12,0.0544412607449855
86827,0,-0.0151187904967603
86799,0,-0.0252054794520548
86830,8,0.0054404145077719
86899,0,-0.0079395817195973
86916,0,0.1790540540540541
92318,20,0.0439560439560438
86924,0,-0.0638297872340425
86926,0,-0.1015228426395938
86876,0,0.0060847179967238
86946,0,-0.0179092855752384
86964,0,0.0088918869197278
86949,0,0.1537405628002743
88368,0,-0.0096463022508037
86996,0,-0.0254033642293168
87006,0,0.0428151830094893
86989,7,-0.1598173515981734
87000,13,0.0138644366197182
86965,15,0.0857625686523024
86977,18,1.0061111111111112
86979,0,0.0874463519313304
87016,0,0.1961538461538461
87077,0,-0.0237461617195496
87020,5,0.1378744357816987
87121,0,0.0883777239709444
87066,0,-0.0097481722177092
87075,0,-0.1275009094216078
87056,0,0.1201272365805168
87034,5,0.0555982577504483
87086,0,0.1984521835268105
89481,9,0.0838445807770962
87162,0,-0.0643382352941177
87167,0,0.0539546290619252
87165,13,-0.0895698291101944
87179,6,0.0741263678079775
87173,12,2.0135135135135136
87172,0,0.3050458715596329
89529,0,0.1893300970873785
87227,0,0.0026132404181185
87264,0,0.0584214808787633
87261,0,0.8311162521688837
87267,0,0.0064492536817259
87345,0,0.0323809523809524
87268,0,0.0753693913514979
88475,0,0.062691131498471
87361,15,0.0770901194353961
87269,0,-0.053347280334728
87277,12,0.44140625
87356,10,0.1822393822393824
87302,0,0.0093167701863352
90358,0,-0.013392857142857
87299,0,-0.0007820355267568
87321,18,0.0063795853269537
87337,7,0.267241379310345
87379,9,-0.0039639639639639
89597,12,-0.1030927835051546
87439,12,0.467111111111111
87430,0,-0.2110849056603773
90808,0,0.0801322818621215
87394,0,-0.0361635220125786
87415,0,0.0613207547169811
87424,0,0.0869565217391306
87373,0,-0.1016260162601626
87510,13,0.2155771905424199
87445,5,0.0440216167529836
92942,0,-0.1701680672268907
87496,19,0.1289625360230546
87498,18,-0.0177267987486965
87487,0,0.110065851364064
87525,0,0.0117647058823529
88926,13,0.5134751773049646
87632,0,0.3697916666666667
87541,0,-0.0163776493256262
87589,0,0.0599769319492502
87602,0,0.1347517730496452
87771,0,0.0814360770577933
87612,0,-0.0565022421524664
87797,0,-0.0306122448979592
87825,18,-0.0249999999999999
87814,0,-0.0340236686390531
87785,0,-0.0170575692963752
87812,0,-0.0290900049726504
87657,0,0.0052155238533517
87659,0,0.1247579247783099
87789,0,0.0035897435897436
88207,0,0.1145833333333332
88152,0,0.1022254830031792
88167,13,-0.0582306830907054
88468,0,-0.1031390134529147
88173,0,0.0
88174,0,0.3158458244111348
88195,18,0.3044871794871797
88159,7,0.1825557809330629
90354,0,0.1078431372549018
88370,12,-0.2144360902255639
88246,0,0.0090361445783133
88182,0,0.0049610205527994
88260,0,-0.0640176600441501
91171,0,0.0254896551724137
23887,0,0.0624290578887627
89572,12,0.115840893230984
88534,0,-0.0228426395939086
88264,0,-0.0267558528428093
90071,9,-0.0725552050473186
88343,0,0.0812089356110381
88319,10,0.0201063691788818
88352,0,0.0145356393001345
88331,10,0.1154223968565815
88335,12,0.16015625
91040,0,-0.0327198364008179
88281,0,0.0601503759398496
88313,0,0.1023302938196557
88280,0,0.0776507686243594
88332,0,-0.0555555555555555
88287,0,-0.1164021164021164
88439,6,0.0613823102948283
88417,9,0.0230414746543781
19675,0,0.006496900903592
88466,7,0.2153846153846155
88485,13,-0.0192878338278931
88421,0,0.4885844748858448
88446,0,0.048016254945995
88511,0,-0.1979949874686717
88542,12,0.3309271373787501
88504,6,-0.0545098997800048
88497,0,-0.0538720538720539
88545,0,0.0793042452830188
88574,0,0.0176211453744492
88564,0,0.103942652329749
89617,0,-0.0034232133554934
89395,0,0.0499999999999998
48506,0,0.0561845457118594
88648,0,0.1092052601486563
88739,0,-0.1112328767123288
88620,0,-0.0204918032786884
88615,0,0.0658447009443863
88661,0,0.1424625098658247
91360,0,0.0468986384266263
88740,0,0.2569610182975339
88750,0,-0.0839210155148095
89685,12,-0.2594752186588921
88817,0,-0.1013174404015057
89576,0,-0.271604938271605
89925,13,0.3137254901960784
93083,12,0.0641025641025641
88792,0,0.0896226415094338
88807,7,-0.295269168026101
88786,0,-0.2057081313947226
88860,0,-0.0424114966701717
88949,0,0.063130659767141
88839,0,-0.2205128205128205
90029,0,0.4508196721311475
88908,8,0.0709939148073024
88892,0,0.0099573257467993
88897,0,-0.0578109177943477
92601,0,-0.0292148508825319
88991,12,-0.0657084188911705
88895,0,0.0277481323372466
89004,0,-0.0484668644906033
90238,0,0.1378378378378377
89290,0,0.0867039586919105
89006,0,-0.0035661218424961
89110,0,0.0511486779367142
88970,0,-0.005464480874317
89046,0,0.0967623252391463
88994,0,0.0722891566265058
88987,0,-0.0407662082514733
89642,6,0.0858442296759522
89031,13,-0.0331289723831486
89002,0,0.0219353328271323
89014,0,0.0415294286123444
90176,0,-0.2
89167,0,0.2861952861952861
89036,0,0.1672579827673594
89044,13,0.0100130605137136
89215,0,0.1193548387096774
89070,0,0.0450440150908881
89327,0,0.0805411030176899
90175,0,0.1377601585728445
89413,0,-0.0153358011634056
89203,0,-0.0565597667638483
89179,0,0.0952830188679245
90223,10,0.1411411411411409
89244,0,0.0093428838368108
89269,0,0.063568376068376
89168,0,-0.014760147601476
89217,0,0.0184513006654567
90643,0,-0.22
90204,0,-0.1851851851851852
89230,10,-0.0299436703231543
89252,0,-0.0276134122287969
89262,0,0.0249653259361997
90081,0,-0.0597014925373136
91379,12,0.1165384615384614
17279,0,0.0062732797490687
89297,0,0.1104469114716764
89353,0,0.2538787023977433
89321,12,0.2493224932249322
91015,0,0.1746606334841629
92174,0,0.3828571428571428
89409,0,0.0247238295633875
90192,0,-0.0441426146010186
89332,12,-0.0247682119205299
90778,0,0.0051282051282051
89424,0,-0.0432098765432098
89387,0,0.0785413744740533
89394,0,0.1950490823730259
91975,0,-0.0855884203901825
90280,0,0.6322188449848025
89445,0,-0.0857142857142857
91665,8,0.0960757780784844
93016,0,0.25
89567,0,-0.2361111111111111
89920,0,0.1896887159533076
91152,10,0.0764046489237328
91727,0,0.2791817087845969
89753,12,0.0383141762452108
89471,0,0.0058411214953268
89453,0,0.0463376214229453
91269,0,0.016990291262136
89406,0,-0.0514496396849337
89626,0,0.104298612046894
89443,0,0.0740671291955747
89916,13,0.1189457084929037
89533,0,-0.0022857142857142
90601,0,0.1089472198701664
93069,7,-0.0572916666666666
89452,0,0.4402515723270441
89482,0,-0.0914245216158752
90313,0,0.2583941605839415
89941,7,-0.002322340919647
90067,0,-0.0839515107653338
89876,0,0.0219812002892263
89653,0,0.0432230522945571
89826,0,0.0791546589817484
89574,0,-0.0176619007569386
89546,0,0.0596641657734906
89509,0,-0.1022306597057427
89573,0,-0.0213080891206132
90436,0,0.2669527896995707
90492,0,0.0383386581469649
16852,7,-0.064642857142857
89781,9,0.0619469026548673
89698,0,0.0523076923076923
89796,0,-0.0648648648648648
89793,12,0.1194999999999999
89800,0,0.116481223922114
89799,0,-0.0513900589721987
89798,18,-0.0094488188976377
90080,20,0.0047505938242278
89824,0,-0.0826363332218133
90007,0,-0.0464454976303317
90716,0,0.0745856353591161
89901,0,-0.0970249663626849
89866,0,0.0036330608537691
89889,0,0.2849162011173183
89964,0,0.0555946516537648
89922,0,0.0515247108307046
89877,12,-0.1458333333333333
89913,0,-0.098657961552412
90400,0,0.5353455123113582
89905,0,0.0550724637681159
91086,0,0.1372100620712186
89973,0,0.0948081264108353
89971,0,0.3303780964797913
90038,0,0.1104651162790697
89952,0,-0.0392104203034779
89904,0,0.0537242951325571
89960,0,0.0741457124435847
90052,0,0.033151377978964
90088,18,0.0515695067264574
90129,0,-0.0968494749124854
92636,7,-0.1645454545454545
90085,0,0.0044642857142858
90126,13,0.0798668885191349
90490,0,0.1317254174397031
90454,13,0.0787980990341867
91977,10,0.023042836041359
92282,18,0.0791519434628975
90210,0,0.0680317040951121
93012,12,-0.1278055587859053
90248,0,0.0308678795108856
91901,0,-0.0142450142450142
90232,12,0.0529455630126769
90110,0,-0.0298617966436327
90275,7,0.1866279069767442
90700,18,0.1000834028356962
90319,0,0.0281492083350816
90533,9,-0.0990047145102147
90708,15,0.0388591356333289
90325,0,-0.2356979405034325
90427,5,0.0204230488694383
90292,12,-0.225531914893617
90447,0,-0.0711627906976742
90614,12,0.0731707317073171
90288,0,0.4968553459119496
90466,0,0.0963636363636364
90227,10,0.0966134185303515
90314,0,-0.0330368487928843
92453,12,0.0422960725075527
90353,0,0.0720876585928489
90515,0,0.2111111111111112
92132,0,-0.1597345132743364
90421,0,0.0406001765225065
90423,0,0.0305676855895196
90312,0,0.0480357475330477
90536,0,0.089337175792507
90090,5,0.0435081516401494
91400,0,0.0614525139664805
19721,0,0.0112359550561798
90901,0,0.0381679389312976
90411,12,-0.1969696969696969
90098,0,0.376068376068376
90538,12,-0.2552083333333333
90455,0,0.0489949748743718
90274,0,0.0846524432209223
90535,12,-0.1723852831748656
90249,0,0.0753579502637529
90444,0,-0.0379746835443038
92332,12,0.1700382722799345
90404,0,0.1293279022403257
90416,0,-0.0179310344827585
90833,0,0.1102595797280592
90371,0,0.1793893129770991
90488,13,-0.1016299137104507
90476,0,-0.0390243902439023
90487,20,-0.0173611111111111
90496,0,-0.0430107526881721
90568,13,0.0301624129930395
90505,0,0.0207917972087725
90600,20,-0.0057142857142857
90637,0,-0.0083256244218316
90718,20,0.0484391819160388
90540,0,0.0998851894374281
90417,0,-0.0096153846153846
90409,0,0.0148540208297762
90548,0,0.379807692307692
90803,0,0.0373054213633923
90964,18,0.009367681498829
92521,0,-0.1259754738015608
90520,0,0.0021424745581146
90440,0,0.0206611570247934
90564,0,0.128402177393532
90605,0,0.0798949737434358
90550,0,0.0053161723559036
90569,0,0.0633101231922872
90558,0,-0.0124892334194659
90734,0,0.1529126213592231
90547,0,-0.0457142857142857
91500,0,-0.0882047734347977
90482,0,-0.0198845413726748
90494,0,-0.0281893747741236
90948,18,0.1422222222222222
90711,20,0.1354642313546423
90634,13,0.3565044687189671
90672,0,0.0467625899280577
91018,0,0.0436872614166548
90664,0,0.1517577445179256
90742,0,0.044296354370835
84553,12,0.0447761194029852
90849,0,0.0823715415019761
90720,0,-0.048582995951417
90636,0,-0.0014455823981968
91114,10,0.0644798921590654
86165,13,0.0273224043715845
92571,12,-0.1081081081081082
90993,0,0.1066776838063612
90763,10,0.0616289198606272
90665,0,-0.0187152250885179
90735,12,0.119246861924686
90786,0,-0.1005070086489711
90730,0,0.0285215366705473
90885,10,0.1746987951807228
90752,0,0.0088607594936707
90824,0,0.2582908163265307
90792,0,-0.0277520814061055
91605,0,0.0787918581746551
90791,0,0.0734426229508198
90856,0,0.1306859205776174
90871,0,0.1815940838126541
90867,0,0.1483232476046394
90984,13,0.0593692022263452
90776,0,0.0978723404255319
90722,0,-0.0422636103151863
90814,0,-0.0103302551259978
90779,9,0.1423841059602648
90829,0,0.0082559829194812
90831,15,-0.071252262629587
90775,15,-0.0424515424515424
90966,0,-0.1395348837209302
92619,15,-0.0645586297760211
90868,0,0.0122910521140608
90795,0,0.033274956217163
91141,0,0.0526227865018376
90805,0,-0.0179043674953017
90952,0,0.0151834668916068
90961,13,0.0639097744360901
90862,7,0.0295566502463053
91033,12,0.1514450867052024
92681,18,-0.1003717472118959
92227,0,-0.0658938377059182
91286,13,-0.2509302325581395
90971,10,-0.0194862710363151
91032,0,0.11944295661489
90956,0,0.1438596491228068
91594,0,0.2229299363057324
90825,7,0.0290598290598289
90926,0,-0.0878048780487803
90870,0,-0.0058147986625963
90963,0,0.1394443001817711
90940,0,0.1310287725108672
91349,0,0.0642414860681115
90951,0,-0.0596026490066226
90900,9,0.1758021390374331
90957,0,-0.2305953278070835
90958,0,-0.0826446280991735
91356,8,0.0672963400236126
90988,0,0.0768094534711965
90989,20,0.0411764705882351
91020,10,0.1980564553447479
92044,13,0.0254041570438798
91090,0,0.1339359079704192
90978,0,0.0044694586988909
90979,0,-0.0055452865064695
90969,10,0.0567951318458417
91967,0,0.3118594436310395
91488,0,0.1841359773371105
91075,0,0.0595703125
91083,0,0.018181818181818
91408,0,0.0171717171717171
91073,0,0.2107220328478463
91063,0,-0.0374594789290431
91192,13,0.0128205128205127
91507,13,0.1673960612691465
84185,13,0.144186046511628
91041,0,-0.0550411522633744
91515,0,-0.1229050279329608
91099,0,0.1244747899159663
91080,0,0.1398322013583699
91068,0,-0.0059016266145107
91096,8,0.1243016759776536
91088,12,-0.1333333333333333
89003,19,0.0395897435897436
91603,0,0.0899374348279458
91100,0,-0.1563229896563229
91176,20,0.0248962655601658
91095,0,-0.1126005361930294
91151,0,-0.0236022765316371
91186,0,0.6396648044692737
91428,0,-0.1595744680851063
91234,0,0.0046674445740955
91627,0,-0.0227848101265824
91201,0,-0.1562499999999999
91348,0,0.0934065934065933
91237,10,-0.1126005361930294
91215,0,0.184344422700587
91359,0,-0.1544374563242488
91395,0,-0.0362318840579708
91366,0,-0.0834777585210859
91350,0,0.0007911392405062
91167,0,0.0106796116504854
91299,0,0.0602592127231105
91363,13,-0.0430622009569376
91463,0,-0.0413678278688525
91371,0,0.1881033133315941
91357,0,-0.0266762797404469
91491,0,0.3812375249500999
91277,0,0.0415430267062313
91283,0,-0.2258687258687258
93035,0,0.0212264150943395
91472,12,-0.0090178571428571
91579,0,-0.0205558772437753
91514,0,0.1636863823933976
91485,0,0.1673414304993252
91503,6,0.0248756218905474
91446,18,-0.0080428954423591
91391,0,-0.0555880631948507
91432,0,-0.2810867293625915
91614,0,-0.0426975259377494
91468,6,0.0450606585788562
92506,0,0.1375631667602472
91434,0,0.3211870773854244
91392,0,0.0799698795180721
91413,5,0.0867842282544086
85208,0,-0.0480276816608996
91618,0,0.0315091210613598
91659,0,0.0616668265081039
91355,0,0.0552325581395347
91405,0,0.0026490066225166
91397,20,0.0188034188034187
92093,0,0.0607547169811319
91461,0,-0.0205640423031726
91416,0,0.0290663534938342
91486,0,-0.0388685388685389
91611,0,0.189122569872381
91742,18,-0.0698062015503875
91495,7,0.8296146044624746
91615,0,0.0181818181818183
92054,0,-0.025
91622,8,0.0102564102564102
91501,0,0.0231615518239722
91625,18,-0.0204716247732573
90077,7,0.1063829787234043
92773,0,0.1044546850998464
91516,0,-0.0043046977353545
91683,0,0.0691489361702126
91668,0,0.0943111513505357
91613,0,0.0386740331491712
92456,7,0.2222222222222221
91571,0,0.1495135688684075
91616,12,-0.1393939393939394
92921,0,0.2205438066465257
92589,0,0.0946564885496183
92252,0,0.2152466367713004
91630,12,-0.0609137055837563
91658,5,0.0003292723081989
91678,0,0.1551724137931034
91754,0,-0.0375586854460093
91666,0,0.0583524027459954
91650,8,-0.0567894292943492
92035,12,0.098504837291117
91741,0,0.1627586206896552
91743,0,0.004315659679408
91661,7,0.0845295055821373
92449,13,0.0017103499283503
91883,0,0.1503953391593839
91736,0,-0.0377906976744185
91822,0,0.0657142857142856
91907,0,0.1408045977011494
91836,12,0.2281553398058251
91688,0,0.0854672430994347
91692,0,0.0435845213849286
91826,12,0.4943820224719102
92232,0,0.0274536719286204
91814,0,0.1813471502590673
91959,0,0.0565693430656932
91854,8,0.0094439853618228
91956,0,0.084262701363073
91968,20,-0.0365803534730784
92091,12,0.3062945368171024
91900,18,0.0852941176470587
91905,0,0.0136452241715401
91909,0,-0.2464788732394365
92421,0,-0.1182965299684543
91849,0,0.0850398179749716
92101,0,-0.4117647058823529
92210,0,0.1038270729978738
91915,0,0.0054861322767449
91979,9,0.0507080858839652
92052,0,0.2031872509960159
92207,0,0.0189155107187894
92034,0,-0.1017369727047144
92050,0,-0.0524699257742512
92345,0,-0.1746987951807227
92038,0,0.0306490384615383
92095,10,-0.0882352941176469
92096,13,0.2885166409521711
92195,20,0.0769230769230768
92201,0,-0.0078873239436619
92097,12,0.0677083333333332
92021,8,0.187299893276414
86812,0,0.153658536585366
92150,0,0.050561797752809
92143,0,0.0902404526166902
92102,10,0.0183383233532934
92229,0,0.1354568854568854
92220,0,0.1174863387978142
92177,0,-0.0393294648613796
92239,10,-0.0603923695868365
92758,0,0.3088725817211475
92805,18,-0.1181818181818182
92184,0,0.5298102981029809
92188,0,0.034080298786181
92296,13,-0.0175267034324547
92172,0,-0.0135501355013549
92183,0,-0.2510822510822511
92221,0,-0.1777026165337851
92257,0,-0.0079970472440945
92223,0,-0.2725974025974025
93004,12,0.0208588957055215
68145,18,0.1700554528650646
92936,0,0.0902255639097744
92293,0,0.0356251418198321
92302,18,0.0563489000385952
89756,0,0.3588749043510384
92402,0,0.0887907775324994
92303,0,-0.0110701107011069
92308,0,0.0151802656546489
92319,12,-0.1570247933884296
92326,0,-0.0060422960725076
93052,12,0.1589403973509933
92354,0,0.3087621696801113
92445,0,0.1794871794871795
92454,0,-0.0955911041747951
92428,9,0.1289033225081188
92429,18,-0.2472468916518649
92432,0,0.060826679192109
92443,0,0.005413766434648
92395,12,-0.2950819672131147
92448,0,0.1837209302325582
92460,0,0.1588785046728971
92493,0,0.1509846827133478
92464,0,-0.0646576056276868
92466,18,0.4611764705882353
92478,9,-0.1330049261083743
92497,13,-0.0475812846946867
91136,0,-0.1119402985074627
92467,9,-0.0504000000000001
92535,0,-0.0073529411764705
92469,5,0.0435779816513761
92917,0,-0.0958904109589041
92528,0,-0.0373134328358207
92523,0,-0.0682392586352147
92527,19,0.1476546815112247
92555,0,0.0955483170466882
91365,13,0.0957095709570958
92687,18,-0.2440476190476189
92614,0,-0.0121296944250057
92587,0,0.1477024070021881
92611,0,0.0345248894086542
92648,13,0.0378842030021442
93040,0,0.0667539267015708
92588,9,0.0531975099037915
10258,13,0.2122270742358081
92602,0,-0.0401705565529623
92597,9,-0.0042523033309708
92984,9,0.0681114551083592
92931,0,-0.0759878419452887
92618,0,0.0192185850052797
92753,18,-0.1538461538461537
93031,0,-0.0394456289978678
92670,12,-0.1014285714285713
92621,12,0.0404040404040404
92765,18,-0.2541479601795822
93079,9,0.11787072243346
92924,0,0.2445003142677562
92852,13,-0.0365982652845356
92685,0,-0.0434511297950603
92688,7,0.1978571428571427
92709,5,-0.0734161490683229
92692,0,-0.0209895052473763
92810,20,0.0445789763346173
92696,0,0.0
92772,19,0.1034198599093532
92771,0,0.0954198473282443
79678,6,0.0317745803357314
92775,13,0.0223652998983394
92729,0,0.0875643855776304
92782,0,-0.0393194706994328
93089,0,-0.049766491535318
82526,0,0.2219061166429587
92777,0,0.0184790334044064
92797,13,0.2105624142661177
92890,9,0.0349008082292432
92913,0,-0.2424242424242424
92809,0,0.0070984915705412
87078,0,0.0802603036876354
91161,0,0.0712957222566648
92808,0,-0.1106362773029439
92854,8,0.0139793182688625
92940,13,0.0779621067899556
92934,10,0.2027921704087505
93044,0,-0.0154905335628227
92987,20,0.0953690967446125
92988,0,0.0278565901470209
93073,13,0.1218568665377175
93085,18,-0.211
92596,0,0.0199004975124377
90295,0,0.0260869565217392
88244,0,-0.1188118811881188
88278,12,-0.1023622047244094
86092,0,-0.1046277665995976
90840,12,-0.1683636363636365
92185,18,-0.2178770949720671
90542,0,0.1918367346938774
91021,12,0.3203883495145632
90199,0,0.0434782608695651
90272,0,0.1142771445710857
90276,0,0.0047222222222222
90178,13,0.0623155702135047
90188,0,0.0462555066079295
90187,0,0.121499878256635
90164,0,0.0664717348927876
92457,0,0.0850955414012739
90233,0,0.0857491608178209
90097,0,0.0698174006444682
92870,0,-0.0861372812920592
90200,0,0.0325354012137559
90207,0,0.0581301901955531
91609,8,-0.0065359477124183
90399,0,0.0425531914893617
92894,0,0.3280066124810581
92155,0,-0.395
92983,0,0.0171428571428571
82678,12,0.0575539568345324
