firms,clusters,mom1
50906,13,-0.0466355762824782
10568,0,-0.0108188585607941
11157,0,-0.0098360655737704
47730,0,0.0586353944562898
13777,0,0.0510948905109489
38746,0,0.465111520360139
60871,15,0.0826811840762165
14198,0,0.0874902572096649
45583,0,0.2310405643738977
14702,63,-0.0191765369430344
15537,0,0.0070772951648396
68830,0,0.1907801418439716
85631,0,0.0566417481311098
49373,20,0.0055197792088317
18570,0,0.1198811096433287
18973,0,0.0523321956769056
19271,0,-0.0112179487179487
29938,0,-0.0597130670802636
10866,3,0.0870535714285714
20248,48,-0.0274000824062627
25320,10,0.024109589041096
21726,5,0.1215772179627603
21742,10,0.0898069151324651
11267,28,0.0447284345047922
86474,0,0.0373443983402488
22825,0,0.0345572354211662
24951,31,0.0449438202247192
26201,5,0.0648148148148148
82165,7,-0.0211971830985915
65541,0,0.077196261682243
27562,47,0.0860746970071728
27677,0,-0.0405305821665439
27909,0,-0.0493601462522851
63546,63,-0.0422832980972516
49154,10,0.071131221719457
19350,0,0.0145393874389225
49429,0,-0.0782157042468681
61313,0,0.0176151761517615
12008,0,0.0841860465116277
31500,31,0.0755370755370754
33209,2,0.1730926989335521
50788,38,0.1167061611374409
33690,63,-0.0529300567107751
77462,42,0.0161999537144179
46295,0,0.0609212481426446
37058,48,-0.0917501927525058
62228,0,0.0309119010819165
21055,0,0.0899332753118653
47888,0,-0.0246995994659546
83233,0,0.1697665709649232
40468,47,-0.0628022755144037
39765,12,0.0540184453227932
85987,12,-0.2608695652173912
32678,0,0.0577259475218661
23077,0,0.0054853326973527
41663,20,0.1922455573505652
27828,0,0.0558735350231671
66181,63,0.0292252550317064
32870,0,0.0036131183991106
42922,48,0.0853810912119947
47133,0,0.1686602870813398
57437,31,0.0613943808532779
47571,22,-0.0672815448815148
16678,0,-0.0280898876404495
48291,22,-0.0678642714570858
48347,36,-0.1224928366762178
64282,0,0.1124952812382031
53612,0,-0.0645511845251032
61399,56,0.0741268709907341
51984,35,-0.016887816646562
27617,63,0.0580319148936168
60097,0,0.0482342807924203
60548,0,0.0297029702970295
53197,0,0.16403785488959
56777,5,0.0147058823529413
57745,0,0.0067139127191346
57809,0,0.1552935273457099
57817,0,0.1193853427895981
79611,5,0.0129819040125884
59185,45,0.0631381948320584
60709,12,0.1262939958592133
35051,0,0.0353781239857189
18403,0,0.1000146220207633
35238,0,0.1035019455252919
13936,0,0.0955231027052907
49971,36,0.066772026866851
63686,0,0.1086294416243656
42307,29,0.1041186161449752
62033,0,0.069310229923359
66078,42,-0.1428571428571429
91556,15,0.1582054309327036
50948,2,0.0211598746081504
70923,18,-0.005181347150259
42585,0,0.0218978102189779
72005,0,0.0235338064998131
76081,0,0.064367257711926
60580,0,0.0234764050272704
66368,56,0.0074906367041198
37807,34,0.0071428571428571
80179,3,0.1463205320746621
80857,0,0.0313901345291478
59627,0,0.1926229508196721
81190,0,0.1111111111111111
55976,63,-0.0008110300081103
82924,0,-0.0197167453485143
82991,56,-0.0401606425702811
83011,0,0.0500154368632292
15456,50,-0.0815841584158415
40539,0,0.0328219764537993
34228,0,0.0736196319018405
10025,48,0.2557806912991656
90609,0,-0.0163934426229507
75494,0,0.2874794069192752
69411,0,0.0845383759733036
10182,31,0.0771968245277854
10259,0,0.4046822742474918
10501,0,0.0979519145146929
77420,29,0.0364500792393027
10514,0,0.0561056105610562
10659,0,0.0525612472160357
10645,22,0.1208881578947369
10709,0,-0.0071942446043165
75527,15,0.1481481481481481
89105,0,0.0409901517167952
11132,0,0.015130674002751
71837,0,-0.0058651026392961
11154,0,-0.0099079971691437
11343,63,-0.1801606922126081
71685,55,-0.3014084507042253
11379,0,0.0786598689002184
11426,0,0.3508064516129032
11278,0,0.0796116504854367
11174,0,-0.0917933130699087
11745,12,0.2171052631578947
75100,0,0.0759036144578311
11081,0,0.0652364273204904
12266,42,0.0708661417322835
75489,0,0.0600082203041512
76008,35,-0.096774193548387
11839,34,-0.0450112528132032
12106,4,-0.0321543408360129
75905,0,0.3466903147030773
76052,48,0.145945945945946
76076,0,0.0500435161009573
84184,7,0.1729520071031356
76322,0,0.0248175182481751
76671,0,0.0516005733397038
76217,16,0.01628664495114
79315,3,0.0928708003277791
76673,0,0.1109669046073977
77007,0,0.1138912855910267
86590,0,0.0325358851674641
76839,0,-0.0386230058774139
77045,28,0.0546075085324231
77357,0,0.1414807302231238
77403,48,-0.0142622051563358
85837,12,-0.1889763779527559
77501,0,0.0288808664259927
77505,0,0.0437499999999999
77516,5,0.0709486697124428
77530,0,0.0762656147271532
77584,0,0.0432261465471797
77606,5,0.0874922982131853
77699,0,-0.1300919842312746
77830,0,0.1930379746835442
77862,0,0.0315015750787539
78216,55,-0.0740740740740741
78034,0,-0.0226123177625705
78050,0,0.1198879551820726
78200,42,0.0359126249537207
78209,20,-0.0816326530612245
78816,0,-0.0358620689655172
78881,0,0.0285225328009126
78975,29,0.1000311623558738
78999,29,0.1684350132625995
79007,0,0.1348136399682793
78963,7,0.1114723641430561
78953,34,0.0
78972,0,0.1014698909435751
79156,34,-0.044378698224852
79195,0,0.1839378238341971
79307,47,0.1008902077151334
79411,0,0.0356628242074927
79375,13,-0.0735294117647058
79667,0,0.0888244596731682
79683,12,0.1298245614035087
79881,7,-0.0124153498871331
79922,0,0.0289908256880733
79847,20,0.1027429102742909
79797,0,0.1220000000000001
80114,29,0.320754716981132
80274,0,0.1490664585459566
80233,0,0.1459642339294344
88643,3,0.0180904522613067
80320,5,0.0262504434196522
80432,0,0.0449463837554187
80544,63,-0.0090120160213618
80592,0,-0.0168516235100697
81165,0,0.0681173131504255
81212,0,-0.0306122448979592
81553,12,0.0551301684532923
82160,0,0.1685625646328852
82598,0,-0.0137800594433936
83170,7,-0.048421052631579
83275,0,-0.0876944837340877
83399,31,-0.033009708737864
83351,0,0.0702529104777198
83391,0,0.007997170534258
83429,0,0.0268948655256724
83808,13,0.1809545808910575
83861,0,0.0212048192771086
83956,16,0.1951219512195121
83976,0,0.1031951640759931
84084,63,0.1168831168831168
84275,0,0.1261697321716683
84255,22,-0.0562429696287963
84416,0,0.0601529902642556
84588,0,-0.0342328835582209
84519,13,-0.1372477064220183
84534,56,0.1319884726224782
84625,0,0.3897058823529409
84721,0,0.0703947368421051
84761,35,-0.0189340813464234
84730,35,0.3750000000000002
84834,0,0.0150943396226415
85019,0,0.1495098039215687
85232,0,-0.0181631254283756
85314,0,0.0222772277227722
85390,0,0.0962049039512726
88449,12,-0.1645569620253164
85402,3,0.0920680958385877
85477,0,0.1166875784190715
85464,0,0.0967117988394583
85550,0,-0.0040040040040041
85900,22,0.1063829787234043
86055,0,0.1921824104234528
86189,0,0.1096627939926324
86187,0,0.0991926182237601
86139,13,-0.1999999999999999
86580,0,0.178438661710037
86594,0,0.0558739255014326
86878,0,0.1634208298052497
86881,0,0.1487252124645892
86959,0,0.0233463035019454
87057,0,-0.0121951219512194
87149,0,0.1122340425531913
87153,15,0.0321592649310873
87255,0,-0.1581027667984189
87356,50,0.014607425441266
87333,16,-0.0110192837465564
87343,22,-0.0079365079365079
87390,0,-0.0413223140495867
87432,0,0.0890180483328235
87377,47,0.2382009994447529
87498,0,0.0074626865671643
87756,12,0.2512315270935963
88172,0,0.3271604938271606
88377,3,-0.0578034682080925
88458,7,0.1506657323055362
88948,0,0.0088790233074362
89301,0,0.1032843560933449
89447,22,0.045016077170418
89449,0,-0.0920245398773005
89452,12,-0.1212121212121212
65832,47,-0.0564343736639589
21020,0,0.2247191011235954
11499,48,0.1057173678532903
62500,0,0.0505836575875486
81912,50,-0.1091011871113624
27991,0,0.0612652608213097
20482,63,-0.0216227347611203
10656,36,0.2443181818181818
60038,0,-0.0338983050847457
85084,29,0.1573811414955179
79678,63,0.0211920529801323
10779,13,-0.0460947503201023
61487,0,0.0774748923959827
61241,0,-0.1440643863179075
88845,29,0.0422250316055625
28222,0,0.0497212596052432
11368,47,-0.0471512770137525
11456,66,1.6307692307692307
28804,0,0.0554679284963195
11587,5,-0.0244124139722115
42083,0,0.0043486855109704
48514,50,0.109375
11691,0,0.0374126662159117
71271,63,0.0579218346105034
10137,0,0.0711974110032362
10145,0,0.0298288508557456
41443,63,-0.0394594594594593
45911,56,0.2774566473988438
24643,31,0.0310271041369472
84260,7,0.2397967479674796
28484,0,0.023660067600193
81073,13,0.2369521240728251
39482,29,0.0479041916167666
10225,0,0.0244974038077487
12758,0,0.0536980749746709
24109,0,0.1391256530107232
59176,63,0.0308487874465051
57904,0,-0.0183566433566433
15667,3,0.0037372147915026
66800,0,0.0137337760338061
13470,0,0.1030741410488245
13507,0,0.0008628127696288
13603,0,-0.0210463018641009
58560,48,0.084707337180544
13769,0,0.0615384615384615
81285,15,0.0552775792232547
69200,5,0.0782438865606054
11144,0,0.1300000000000001
85257,0,0.0718714121699197
14008,63,0.0612330490703201
64864,63,-0.0360169491525423
18075,0,0.0733915292596185
14219,0,-0.0710900473933648
14227,5,-0.045562411010916
14286,0,0.1204419889502761
14323,0,0.001081081081081
83112,5,0.0527086383601758
59184,0,-0.0018943380340979
29145,0,0.1645353793691388
39490,63,0.033544303797468
14593,0,0.0532605871654974
10516,0,0.0163674762407601
14868,0,0.1960481099656357
77595,50,-0.0476411805716943
29209,0,0.0882245716368939
24272,0,-0.0733772342427092
15457,0,0.1098412698412698
15553,0,0.0273972602739727
15721,57,0.0273515677118079
29787,0,0.0089887640449439
44644,0,0.0443599493029149
15991,42,-0.0507614213197968
16030,0,0.1007450050795801
44601,28,0.0493601462522852
27684,3,0.2069317023445462
40416,56,-0.0081539465101109
53110,0,0.001587931718936
62797,0,0.0816666666666667
52484,0,0.0638506876227897
75034,0,0.0124633431085043
10318,15,0.1298635674583124
58755,38,0.0405449237755433
57568,0,0.0281829419035846
24221,50,0.0540540540540539
16505,34,-0.0643004115226337
16548,45,0.083264119601329
55781,28,0.0694444444444444
49656,0,-0.025241066364152
29532,0,-0.026923076923077
46877,0,0.0928
39693,0,0.1417995444191344
47423,0,0.0606060606060605
26518,15,0.0680231398364252
27887,0,0.0112186537615486
29612,0,0.1778688524590164
39642,5,-0.0090561765954436
17444,0,0.1117604090577064
65875,63,-0.0035012119579854
29639,0,-0.0301003344481606
65509,34,0.1081593927893738
43772,28,0.0231284236153377
11510,0,0.0993103448275862
17778,63,0.100991649269311
61508,0,0.0283400809716598
18033,0,0.1689708141321044
20220,50,0.0570888468809074
61946,0,0.0267777447188335
62519,0,0.1172712753821583
65154,0,0.0928143712574849
19561,0,0.0128091312618896
42024,0,0.1678939617083945
18650,0,0.2098581030619863
52230,0,0.0759493670886075
87146,0,0.0428657074340528
66130,20,0.0165289256198346
60898,0,-0.0083160083160083
39757,0,0.0241448692152916
47642,45,0.0945378151260505
17961,34,-0.0747731397459166
19393,63,-0.0068218298555378
10874,28,0.0099390830394356
55597,0,0.3534378769601929
50227,0,0.0556917211328975
19880,0,-0.010840108401084
10890,0,0.1554770318021201
79732,16,0.0920754716981131
20117,0,0.0036496350364962
20125,3,0.1643356643356643
45655,0,0.1414775470787059
64186,0,0.0056740027510318
67838,28,0.056864064602961
47626,0,0.0397001665741254
20299,47,0.1764812030075186
20336,0,-0.0142791340396128
62148,0,0.0865062442887603
28564,0,0.0246734397677794
86290,0,-0.0261627906976743
87451,29,0.1231766612641815
46690,0,0.0631720430107525
20504,0,0.1989938513135829
20512,0,0.045991637884021
20571,0,0.0066934404283802
56602,42,-0.011111111111111
20750,28,0.0533441646357975
21371,31,-0.0044113173106175
27334,50,-0.0048751486325802
23114,0,0.0136624063464081
20618,0,-0.0048367593712214
56952,0,-0.0134151015714834
30402,0,0.2459016393442621
18542,31,-0.0773556231003038
53831,22,-0.0060813378943367
22032,50,-0.0126360126360126
22437,28,0.010685836409559
64557,10,0.0182250396196512
63503,0,0.0208050655811851
60599,0,0.0143685404587849
22374,0,0.0038938914577755
22518,35,0.2419354838709677
41419,0,0.3420289855072462
22913,12,-0.2266666666666666
22921,36,0.1029678982434887
64194,0,0.1001239925604464
21960,20,0.0838574423480083
23182,45,0.0346089850249584
88208,13,0.092
14541,63,0.0360777058279371
30509,15,0.0358649789029537
23297,0,0.1581441756048889
23393,0,0.0373306059831246
79026,28,0.0085592011412267
47677,0,-0.0269709543568464
22680,12,0.0112359550561798
23537,0,0.1466666666666667
86685,36,-0.0110434120335111
24046,29,0.2079722703639515
27422,42,0.1096824980320125
24097,42,0.0688172043010753
46578,0,0.0247619047619047
56741,20,0.03422756706753
24193,0,0.0132653061224488
11995,3,0.016134236850597
11308,63,0.0456580125335721
24441,0,0.0403397027600849
64901,2,-0.1673469387755102
24476,0,-0.0701096364685516
30648,0,0.1093662366797534
18729,63,0.0301127214170691
24548,12,0.0776699029126213
25129,0,-0.0209610440972909
25348,63,0.0152801358234295
25452,0,0.0653104925053533
25487,15,0.0820120284308365
30744,0,0.0327868852459016
25778,0,0.0451667370198396
40125,0,0.0759364820846906
26084,63,0.0653266331658291
26252,15,0.1200000000000001
79618,35,0.1250000000000002
86743,0,0.0732044198895027
26463,34,-0.003623188405797
11404,28,0.0465367965367964
41929,0,0.0524319500223116
26607,0,0.1006512729425694
23229,0,0.0311634349030471
30840,0,0.0076335877862594
38914,28,0.0541144901610017
21979,50,0.04963623562544
27430,0,0.0666003976143141
59248,0,0.0330914368650216
22293,0,-0.1630479311757476
64565,42,0.0878995433789953
27474,22,0.056004308023694
20204,0,-0.0684210526315789
27618,0,0.1192930780559646
27642,42,0.0736842105263158
38420,68,-0.0103806228373701
53575,0,0.0817610062893081
17726,0,0.0451612903225806
31077,0,0.067926455566905
27888,38,-0.0632998962296783
41080,0,0.0650004193575441
18091,34,0.1149917627677101
83186,50,0.001945840765364
19828,0,0.1024713682941531
28629,0,-0.0906666666666666
28840,28,0.0717060053779503
29050,0,0.0114478114478113
29058,29,-0.06404833836858
22859,0,0.0589970501474925
29103,0,0.1260840560373581
60273,0,0.0021991111925596
29285,0,0.0127744510978045
61743,12,0.3257309941520467
11674,0,0.0944350758853289
76708,0,0.1448048895157498
29736,5,0.1397163120567377
65226,63,0.0125944584382871
29867,0,0.1756097560975611
40440,28,0.0034458993797381
79322,57,0.0762641613705443
44943,0,0.0201528839471853
30147,0,0.0679230467216334
26403,0,0.0177935943060498
64936,0,0.0588312197672897
38682,0,0.0273058252427182
30593,0,0.2190476190476191
25953,0,0.0012647554806071
20626,31,0.0464340687532067
58990,29,0.0462134764460346
54279,0,0.035166816952209
30681,0,0.0838675213675215
30761,63,-0.1894171779141104
11703,0,0.0690943043884217
63132,28,0.1157556270096462
27959,0,0.047682119205298
88590,0,0.0300040005334043
25072,28,0.0086469989827058
30940,0,0.04763787309745
31051,15,-0.0305343511450382
31070,0,-0.0100502512562813
42200,28,0.1283676703645007
63159,0,-0.0181268882175227
31480,0,-0.3717857142857143
11754,0,0.0892857142857141
11762,28,0.0519970951343502
70578,0,0.05908453993461
82855,0,0.0456580125335721
44185,0,-0.074769797421731
32062,63,0.0880952380952382
32110,0,-0.0282215122470713
22103,0,0.0064393036012402
81124,29,-3.300221114821422e-05
23042,45,0.0607685433422697
32540,0,0.0346725371491469
26470,0,0.0226892763315023
32636,48,-0.0067494600431965
32791,22,-0.0153403643336529
32986,28,0.0763572679509632
52476,0,0.0359575047670934
24328,29,0.1583762149799887
33532,20,0.0710000000000001
31691,56,0.0147058823529411
42550,48,0.1055708390646492
33612,56,-0.1444444444444443
87696,29,-0.0240782543265611
87717,0,0.0634813817855539
33815,0,0.1567398119122256
33823,13,-0.0055521283158543
87725,13,-0.097131353799698
11850,0,0.064381520119225
19166,0,0.0699235211487436
24205,0,0.1333333333333333
34367,4,0.098344693281402
47706,36,0.0006557377049181
21135,0,0.1091113610798648
34818,47,0.0345773874862789
34981,0,0.1448621553884712
35044,0,0.0315303071486818
35167,36,0.0021579628830383
10777,0,-0.0172684972648613
66157,63,0.0186634557495486
36397,0,0.0344646145751119
36469,63,-0.0053763440860215
54244,0,0.2214893286250472
36768,0,-0.0269230769230769
27748,50,0.0467764540995094
37023,36,0.0057971014492754
56784,15,0.1082407646602945
88924,31,0.0107886904761906
88853,0,0.0200286123032904
37154,35,-0.03125
25785,7,0.0234857849196539
45241,63,-0.0329974313376802
37234,31,0.0332383665716999
37402,0,0.3798256537982567
37568,0,0.0150545728264959
37584,0,0.0776359338061465
58421,0,0.0932030251257483
37832,0,0.0487483530961792
37955,28,0.0461158385945648
12036,0,0.0531786318588349
38093,36,0.0442444694413197
47941,0,0.0406475453105754
87031,3,0.0072551390568318
12052,0,-0.0079531184596066
12060,63,-0.0053824362606231
46834,0,-0.0236686390532544
12079,42,0.0499098015634396
83596,0,0.0330342577487765
55212,0,0.0763473053892216
38659,56,0.1196340605207599
46674,0,0.0554138650591236
39029,0,0.1056338028169014
57154,0,0.0804428044280443
32299,0,-0.0186915887850467
12140,50,0.0881046396841065
16432,0,0.0572413793103447
53604,0,0.1547400611620792
85908,48,0.0105580693815987
39571,3,0.0435227854582691
60468,0,-0.2245594087549743
52695,50,0.0859444941808416
39731,55,0.0028776978417266
75897,56,0.0706638115631692
63976,0,0.0077914294276297
84808,0,0.0844849246231156
40695,7,-0.019047619047619
67942,35,-0.0126050420168066
23819,42,0.1370826010544816
54084,13,0.0
40970,47,-0.0701754385964911
50905,0,0.1218106995884773
25582,0,-0.0424814565070802
25304,5,0.0512556342562779
52978,5,0.1393406593406594
41188,0,0.1250000000000002
10294,0,-0.013149655604258
41241,0,-0.0014064697609001
41292,5,0.0802861685214626
76927,13,0.0433698903290129
32651,31,0.1341463414634145
41444,42,0.0432766615146831
32707,0,0.0399478940512374
18016,3,0.1540900443880786
16600,22,-0.0101028999064547
61567,3,0.1441696113074204
52716,0,0.0298350298350298
23309,5,0.0384201077199282
32803,0,0.0976228940687746
42140,0,0.0761024182076814
42439,0,0.0815295815295815
42455,29,0.0682492581602374
21792,0,0.0810055865921788
32934,28,0.0612107623318385
42877,22,0.0418873375060182
42906,0,0.0200585039699121
88795,22,0.1002851711026615
87464,68,-0.0307414104882459
38973,28,-0.0417057169634489
64258,0,0.0694864048338368
12570,34,0.0608543007606787
80210,0,0.0843915343915344
21928,0,0.0428458079873048
56573,0,0.0674832962138085
43634,12,0.21875
57015,13,-0.037567084078712
43757,12,0.3651685393258428
51633,45,0.0823091247672251
12431,4,-0.0334386519220641
12458,0,0.1009593421653722
88990,35,0.0144927536231884
44274,50,-0.037479406919275
65293,0,0.2049286640726328
46463,0,0.0301633850020945
44506,3,-0.0136901057871811
59328,22,0.0374331550802138
44637,28,-0.0425728829245718
77855,36,-0.0231092436974789
44768,0,0.1296583850931676
58608,50,0.0605087014725569
12490,0,0.1268000976324139
40272,0,0.0743550834597874
45277,10,0.0243373493975902
45306,0,0.0486803519061582
21573,0,-0.0369621715275773
27705,0,0.032433983926521
45373,0,0.0426086956521738
45437,0,-0.0335463258785942
45560,13,-0.328548644338118
53065,0,0.1020202020202019
45728,34,-0.0718537414965987
45891,0,0.4261168384879725
45955,12,-0.0833333333333333
46077,0,0.0582610235523286
46181,0,0.1435331230283911
47984,0,0.1191504867003279
46229,0,0.0165289256198346
52329,5,0.0108390204737054
82694,0,0.0785922684172135
86804,0,0.0080701754385965
80543,0,-0.0482142857142856
22111,47,0.0378811210348015
42534,0,0.1366044047950936
46886,0,0.1056892286935013
51596,0,0.0023843586075344
46923,48,-0.0177225788445436
46931,0,0.0517241379310344
46950,0,-0.0521665965502733
47002,0,0.1321488062187672
42067,0,0.0035659704533876
47088,29,0.2285902503293808
24432,0,0.0490006447453255
12650,0,0.0395459538630538
24053,0,0.0769885155253082
45890,12,-0.078014184397163
47205,50,0.1291193949216638
47248,0,-0.1956974323386537
89333,0,0.0666666666666666
26825,0,0.0159531502423262
47379,0,0.0499817584823056
44134,0,0.0893203883495146
47619,0,-0.0187393526405451
47715,0,0.2875647668393783
17750,0,0.0177478580171357
33398,48,-0.075829383886256
59045,0,0.1180976699648899
48072,31,0.1825192802056556
48101,0,-0.0177083333333333
48144,3,0.0158371040723983
89456,50,0.1046153846153845
49488,0,0.0444444444444445
48267,57,0.2226277372262772
47255,0,0.2461442307692307
12781,28,0.1106608478802992
48486,0,0.0908890359585263
33603,0,-0.0814441645675903
48523,28,-0.0940571939231457
48531,0,-0.1135331516802906
48697,56,0.1902313624678662
48961,0,0.1548187022900762
50286,20,0.1303486529318542
60943,28,-0.0671194566520175
65330,0,-0.1074757089034305
10092,4,0.1012121212121213
49227,12,-0.0864197530864196
20415,12,0.0076423385555979
76966,56,0.2002999999999999
50876,22,-0.0173684210526315
81678,5,0.1292929292929292
49905,0,0.067324727916983
21178,5,0.0101092261213107
26710,0,0.0269129287598945
89675,0,-0.0020669698222406
24360,28,-0.0136120563928051
68523,47,0.0323886639676112
56223,0,0.0538092701118806
43721,50,-0.0159632626284713
76489,0,0.1402116402116402
62906,0,0.1127819548872179
59774,0,0.0191011235955056
33849,22,0.0569536423841059
66245,42,0.0734122712594187
23835,0,0.1495076096687555
34067,63,0.0130671506352086
50623,0,0.0293753865182435
50666,0,0.0254445125689761
66253,16,-0.1266233766233766
50789,0,0.0562075355157505
89790,63,-0.0671641791044777
33937,35,-0.0328358208955223
51263,0,0.2252734985487832
81311,2,0.0357142857142858
15069,0,0.1235370611183355
45751,0,0.0458259325044405
51706,50,-0.0049813200498132
34032,0,0.0083880379285192
51829,29,-0.0734463276836159
35705,31,0.0058309037900874
39538,0,0.1487309644670051
51925,15,0.0330299966295921
51933,48,0.0613207547169811
51960,0,-0.1175024582104228
43449,0,0.0715746421267895
89915,22,0.0546875
17478,63,0.1058073410305013
81061,0,-0.0498861911987859
52231,35,-0.1075268817204302
10507,5,-0.0119003346969133
59379,0,-0.0076726342710998
17005,63,-0.023038605230386
90051,0,0.0364583333333332
52792,0,-0.0712442945028776
52813,0,0.1981534090909091
52840,36,0.24290046870692
22752,47,0.0840095465393795
42796,0,0.0642610987228866
52919,0,0.1176169777550499
53015,0,-0.0068292682926829
53074,0,0.0454810495626822
53082,7,-0.0350262697022767
87437,3,-0.0083902439024389
55546,63,0.0176095916073435
53373,57,0.1598639455782313
53480,50,0.0155355682747342
53640,3,0.039787798408488
53656,0,-0.0846153846153846
24010,0,0.0971494311645149
53859,36,-0.0093603744149766
54181,0,0.0526916802610115
54253,36,0.0611672278338943
22592,22,0.0593926363880676
24248,28,0.0379746835443037
54675,0,0.0072463768115942
54704,36,-0.0213727907932593
54798,22,0.10575246949448
54827,0,-0.1044393122915062
76591,0,0.0991501416430595
42614,0,0.062
22779,0,-0.0776
28345,0,-0.0082018927444794
65365,50,0.0658823529411765
69550,22,0.0183805265772478
59408,22,0.0056001493373156
84372,0,0.0516717325227964
13303,0,0.1167002012072435
90377,0,0.1210810810810809
55993,2,0.0402684563758388
56040,63,0.1028474288142795
45487,29,-0.1197183098591548
78900,0,0.0629629629629628
56232,31,0.0177595628415299
25590,50,0.0288858321870699
52337,20,-0.1326781326781327
58501,18,0.0803212851405623
34497,0,0.1078342681382305
56937,0,-0.0495387769046805
57104,12,-0.13184
57251,0,-0.0408684546615581
64450,63,0.0519269776876267
34649,0,0.2209302325581394
24096,36,0.0248735244519393
47466,34,0.0517841601392514
60986,0,0.0162429378531072
21207,15,0.0589473684210526
34673,18,0.1031894934333959
57534,0,0.3263803680981596
61815,42,0.0666812897565254
64311,5,0.1934165720771852
28118,0,0.1080863071150026
84402,50,0.0472785061581246
44206,0,0.0747743876235498
38762,0,0.0703771849126035
23931,0,0.068765133171913
58246,50,0.0049632038336471
24766,0,-0.024680475980608
58318,0,0.144626271561256
58334,0,0.0532077393075356
34817,63,0.1802384320064658
11406,0,0.0069306930693069
58756,0,-0.0199999999999999
58836,7,0.0285714285714286
34833,0,-0.0243192683433798
72611,7,-0.1115887850467289
58975,0,0.1685064935064935
80378,42,-0.1141439205955334
67029,47,-0.0321285140562249
59089,0,-0.0348837209302324
23026,0,0.0535266738274258
24440,0,0.0684021046801439
13610,15,0.1263020833333334
63714,63,-0.1209097238338361
90705,42,-0.0077444336882865
59871,63,-0.0142450142450142
60098,28,0.0239398084815323
51457,0,0.0126274890723652
60186,50,-0.0419580419580419
77157,15,0.0765239948119327
44230,15,0.2706676406737109
22509,0,0.0196779964221824
60506,57,0.0384075762890212
13688,0,0.0357743097238896
86136,0,0.0555223880597015
75083,0,0.0020020020020019
61138,35,0.0685307017543859
61146,15,-0.1025358324145534
61218,48,0.0094715852442672
61269,0,0.0159463379260333
58675,0,0.1567796610169491
41355,50,0.0759037694583815
61496,3,0.0707395498392282
57509,48,0.1357901726427623
61787,0,0.0311284046692608
61955,3,0.1283709194133417
22517,4,0.0492401215805473
62034,4,0.2577319587628863
13856,3,-0.0278884462151395
50550,0,0.1839080459770115
27713,5,0.1265478707339171
62341,0,0.156931561794936
62368,63,0.0507820299500831
21936,22,-0.0602961918194641
17806,3,0.1851239669421487
21776,31,0.0237859266600595
52898,4,0.1052871467639013
13901,0,0.0624428478118876
13928,42,0.0119267596169998
62958,0,-0.0249187432286024
63125,0,0.0592857142857143
24459,0,0.0527383367139959
80185,29,0.2042213348545349
53815,4,0.1094736842105261
60695,29,0.0927960927960926
56143,35,-0.0521739130434781
49744,0,0.0943396226415094
23501,0,0.0517170045510964
63811,0,0.0700781446937233
63830,0,0.0775807473084231
64195,36,-0.0933532486930545
18163,42,0.0227492739593417
55511,28,0.0214000725426188
23712,0,-0.0022879555482921
25443,28,0.0505939287285526
64929,0,-0.0215938303341901
64961,63,0.0940964166022171
65008,0,-0.0210526315789474
87043,0,0.0
27756,0,-0.0035465329582975
65163,4,0.031986531986532
65270,57,0.0848126232741617
69649,0,0.0896032831737345
66683,47,0.1855895196506549
65518,0,-0.1748366013071896
65700,48,0.017915309446254
24942,0,0.0404082482816081
58771,0,0.1367816091954024
76711,28,0.0474198047419802
76282,0,-0.04066985645933
66617,47,0.1062499999999999
80294,0,-0.0193050193050192
84381,0,0.0671256454388984
35991,0,0.1331174089068825
23990,0,0.094403379091869
36003,0,0.0251065845570819
23472,63,-0.005
89142,34,0.1751412429378531
45495,0,0.0553272209927284
67847,47,0.0851455952819757
54818,50,0.0833653476757587
66050,29,-0.005249343832021
27633,0,0.0187693498452012
68196,0,0.0016017084890549
81028,0,0.3289473684210526
68233,35,-0.1123595505617978
54199,34,0.1240387830157137
41320,0,-0.0156331422615946
68340,0,-0.0556117290192114
46340,15,0.2448979591836735
76149,0,-0.0326194398682043
68591,29,-0.026636440918107
22840,4,0.0640945861854387
23085,28,-0.0076980382418674
25013,0,0.0022634676324129
36281,0,0.1717842323651452
85926,0,0.0997782705099779
41574,0,0.0040567951318459
51625,0,-0.0235546038543897
71116,0,0.0107047279214986
50243,3,0.5297560975609754
88742,0,0.0779848171152519
36468,5,0.0618501254930081
67723,63,-0.0951374207188161
49138,3,0.0928571428571427
70536,50,-0.0074005550416281
70616,0,0.0495662949194548
65402,0,-0.1082931777834137
45794,63,0.0175257731958762
60206,50,0.0556677890011223
14461,13,0.189127972819932
71176,50,0.0546967895362662
26614,4,0.0341023069207622
63335,0,0.0225856697819315
71395,0,0.0106382978723404
15720,0,0.0672430355427473
71475,50,0.0980392156862746
18411,0,0.0562971561230412
76091,0,0.0480878455130631
58683,0,-0.0978391356542617
71782,36,0.0310711365494684
66093,0,0.0519041769041768
63765,63,0.1911617007030464
71942,0,0.0058309037900874
71985,0,0.1030270844397238
17523,0,0.0299401197604789
72232,0,0.1125356125356125
72304,0,0.1063829787234043
39220,0,-0.0758965804837364
72494,0,0.0249999999999999
43481,28,0.0444763271162125
43350,50,-0.0441323971915748
18438,0,-0.0034965034965035
92073,0,-0.0224146714212938
36898,0,0.0762914813547726
27254,34,-0.0091556459816887
72980,0,0.0658613747483463
73139,31,0.0544464609800361
73219,0,0.0762273901808785
72733,5,0.1305135307905391
14656,63,0.0633542370155972
37022,0,-0.0162790697674417
52396,34,0.0065515187611673
47861,0,0.0138873180268537
73681,0,0.142526369951119
66739,0,0.117168818747011
43334,0,0.1476557032890133
52038,0,0.0457399103139011
37161,0,0.0536741214057507
74406,35,-0.0410798122065727
15560,0,-0.0756476683937824
42219,0,-0.0175438596491226
92340,0,0.7627494456762751
44513,0,-0.1551088777219431
74908,0,0.0373493975903613
92399,0,0.2329411764705882
74932,35,0.1046666666666666
57007,31,0.1430591562573651
43123,48,0.2659591574208073
44329,28,0.1179007907979872
63773,0,0.1603325415676959
75257,0,-0.0383211678832118
66114,4,-0.0164588528678305
75460,34,0.1359901396877567
84375,0,-0.0294997862334331
51369,0,0.0653495440729483
37284,48,0.1027940669196274
79641,0,0.3027198869657366
15579,0,-0.0923308270676691
24563,0,0.0097568777991041
23579,50,0.0392000000000001
62092,5,0.0900076277650647
38578,5,0.080067071892685
76100,0,0.0089686098654708
50606,0,0.1253677302557139
76209,0,0.0898661567877627
14795,50,0.0090664875755539
37399,0,-0.0182724252491693
14816,0,0.0842715796656432
62308,38,-0.0226588496276343
76639,0,0.0547525186158563
37460,22,0.1260504201680672
76946,0,-0.0649122807017543
61209,16,-0.0080321285140562
65787,0,0.0186430317848411
55001,0,0.1209201119055021
92583,48,-0.0836036789297659
48389,38,0.0675067506750675
59600,0,0.071691176470588
45356,31,0.0514469453376207
76185,0,0.0974477958236659
77730,0,-0.0900503778337532
17929,36,0.0838445807770962
50278,50,0.0390845975829261
79244,0,0.0393282312925169
77893,12,-0.0597961930398001
77973,0,-0.0077294685990337
78044,1,0.1541666666666667
24985,0,0.0248153059291533
48725,0,0.0298863636363635
63781,0,0.0091363932999781
89329,0,0.0239162929745888
78749,3,0.021505376344086
92655,0,-0.0085365853658536
53663,34,0.06
41371,0,-0.1586915887850467
78829,34,-0.019414820891441
87447,31,0.047400611620795
79039,42,0.0744416873449131
15077,0,-0.0231625022797737
79303,0,0.0266609331326597
17830,22,0.0374112075769534
39087,42,0.0897959183673471
79338,0,-0.1185534591194968
67360,36,0.0152451586320561
81561,16,-0.1021897810218979
59619,0,0.1778231987736331
16555,0,0.0079386805365453
79573,48,-0.0891743119266055
79637,0,-0.1164692140830968
79776,0,0.0549177784672665
26606,0,0.0600461893764434
43553,5,0.0419465387251543
79864,0,0.0800664451827242
80128,0,0.0679425837320573
27043,0,0.0275332459262034
81116,28,-0.0724565756823819
77006,0,0.02
79860,35,0.0892857142857141
61700,42,0.0851063829787233
80785,13,-0.0574912891986062
80900,66,-0.1253125
57808,0,-0.0391737891737891
15202,0,0.0412779552715656
56063,47,0.1060948081264108
86008,4,-0.0024875621890547
21231,31,0.0354179961710274
53225,36,0.0218452917232021
24969,50,0.0869932432432432
81700,0,0.2614203454894435
46068,5,0.0830982859622477
81702,28,0.0044444444444444
42059,0,0.0201005025125629
46076,29,-0.0085106382978723
63829,47,-0.0219435736677116
63060,0,-0.4835820895522388
38906,3,0.0970480549199084
79066,0,-0.134016606123508
62498,5,0.0705373058314233
66384,0,0.0099447513812154
59467,22,0.1642094560244025
38033,0,0.0719713902548055
39917,0,0.0334796034454738
25419,10,0.0335275234811556
77053,0,-0.0869443667878111
38156,0,0.0234604105571847
64135,50,0.2095172885997944
83030,28,-0.0666666666666666
38172,2,-0.0208333333333332
66747,0,0.003448275862069
58819,50,0.0733277357962498
25099,0,0.0721337900463428
42286,0,0.0017661603673613
84403,0,0.0646988670244483
15472,0,0.1278766825879287
27983,0,0.0925449871465295
59483,0,0.0458963282937365
38295,35,-0.0919881305637982
84129,0,0.0073925573236437
84161,0,0.3584313725490196
90756,0,-0.1042203289082622
72996,0,0.1326402016383114
87426,31,0.0748218527315913
88664,38,0.0
87856,35,-0.130952380952381
15318,0,0.0104615384615385
80072,36,0.0191630817364099
85586,0,0.0472054380664652
90916,3,0.093286835222319
35917,28,0.0036949063077329
70332,56,0.0590919461556012
90537,0,0.0922405733873479
68742,29,0.0980392156862743
75216,0,-0.0344827586206896
10147,57,0.0225375626043404
10100,42,0.0286844708209694
38149,0,0.1278409090909091
87637,0,0.2156663275686672
10028,0,-0.0519999999999999
77576,0,0.0634146341463415
10078,10,0.0969696969696969
10138,63,-0.0112852664576802
10042,12,0.1111111111111111
10107,63,0.049725776965265
10143,16,0.0199840127897681
10200,63,-0.0235294117647059
10163,0,0.053072625698324
10272,0,0.1381172839506173
10302,0,-0.0551491277433877
10299,42,0.0
10324,0,0.0005928560841856
12217,63,0.1726541554959786
10333,7,0.1164021164021162
10353,56,0.0272108843537415
10382,5,0.262970297029703
10397,28,-0.0192410475681453
10383,12,0.1914893617021276
10404,2,0.162217659137577
10257,0,0.0157043519024924
76565,0,-0.0574162679425837
10463,66,0.3379939350447929
70033,0,0.0937051792828684
10371,63,0.2969752520623281
10421,3,0.0872756933115823
10530,0,-0.0195661420672055
79698,5,0.0574189880613986
10606,50,0.1719143576826196
10550,56,-0.0746268656716419
79785,47,0.0495327102803737
75070,0,0.0635352286773793
10597,12,-0.0624999999999998
10547,0,0.1111111111111109
68857,0,0.2236900044033465
10586,20,0.0269576379974325
76123,0,-0.0198651357754692
79903,0,-0.0417457305502846
10667,0,0.0314465408805031
10355,0,-0.0204292733385053
10661,35,-0.0681818181818182
45225,0,0.0602150537634407
75596,29,0.375722543352601
10649,0,0.0103750997605747
75517,0,-0.0046811000585136
10696,0,0.0490550010617965
89386,35,0.1612339930151338
10785,42,-0.1549019607843137
10644,56,0.0902777777777779
44813,7,0.1129032258064515
70500,0,-0.0384061449831971
70965,0,-0.086654478976234
75224,57,0.2266299137104506
89659,0,0.0188871873404798
35124,50,-0.0356636750118093
10881,12,-0.1999999999999998
71191,63,0.0082644628099173
10853,0,0.137478108581436
10026,0,0.0742765273311896
10994,0,-0.0643274853801169
10812,0,0.0414540816326529
10909,0,0.0640969162995594
62296,5,0.0
88779,7,0.26
10924,31,0.1627358490566035
75222,63,-0.2199124726477024
10860,63,-0.0348258706467661
10443,0,0.0685547908946531
10032,0,0.1416666666666668
70308,0,0.0453414431849599
11701,0,0.0780894617134193
71538,48,-0.1157167530224525
10001,0,0.0072727272727273
11038,0,0.3713592233009708
10657,0,0.0493209435310935
75215,0,0.0575742067553735
11048,13,0.3674832962138084
77453,0,0.0753162131084705
11137,7,0.3614931237721022
11923,20,-0.0541362530413626
80037,0,0.1015461763476808
11292,0,0.0263691683569979
11162,31,0.1469072164948455
87816,42,0.1423948220064725
11246,16,-0.0442953020134228
29621,12,-0.0663265306122448
75545,0,-0.0615384615384614
64390,35,-0.0150774246128768
65294,0,0.067336089781453
11415,31,0.0082787832113977
12173,50,0.0581113801452783
75058,3,0.0181013676588897
11378,0,0.0452488687782806
11403,38,0.0530660377358489
11478,42,0.0600142045454545
76310,48,-0.0179948586118252
85991,0,-0.0185528756957328
11481,0,0.0351219512195122
75101,56,0.002780674313521
75470,0,0.1693485595639761
11552,3,0.2341801385681292
75107,0,-0.0392422192151555
11547,45,0.0511605873993368
75554,7,0.0066666666666665
89048,3,0.0832266325224073
75150,0,-0.2562962962962963
11600,20,0.0388575224178013
75104,20,0.0265768958185683
11043,0,0.1078199052132702
11654,10,-0.0606717226435536
11638,0,0.1182608695652174
11636,35,0.0654205607476634
11641,0,0.0254237288135592
11394,42,0.0956072351421188
75526,0,-0.0732442912537698
11533,0,0.0016406890894176
11656,0,0.1134999999999999
11707,0,0.1298889425398357
11775,0,0.0318102949681897
11781,31,-0.0516717325227963
75233,22,0.05672009864365
75186,5,0.0173087660524846
11809,48,-0.0174512055109069
11731,45,0.0562539283469516
11825,0,-0.0391318844533358
75162,0,0.0890338504936532
11910,0,0.1323155216284988
11873,0,0.0488505747126437
75261,0,0.0274946669826974
37217,0,0.0792118226600986
75272,3,-0.0137625178826896
88197,36,-0.0111179740580604
11599,5,0.0562023283821757
89502,0,0.0208999786734911
10822,13,-0.137976346911958
85789,0,-0.0796109510086455
11618,63,0.0427571909821196
82107,0,-0.0130667194614927
11881,42,0.0372052401746725
10623,0,-0.0850563909774436
84769,0,0.0963991603423219
10574,0,0.0458333333333333
11898,0,0.0050314465408805
10180,22,0.2132963988919667
11884,0,0.030987394957983
75182,29,0.0405832320777643
75577,31,0.0032644178454843
75241,57,0.0411554192229037
75320,50,0.06214405360134
75285,5,0.1060878080626732
11927,28,-0.0852110852110852
86168,0,0.2149595687331538
10901,0,0.1217391304347825
75316,0,0.1786600496277914
11903,42,0.024390243902439
11891,63,0.0893897189161814
11509,38,-0.0640093786635404
80186,0,0.0402985074626864
11955,0,0.0218102508178843
88493,0,0.3422222222222222
88283,3,0.0224948875255623
84176,0,0.0319215522637179
11752,3,-0.0176565008025683
12118,12,-0.0128205128205128
81774,0,0.135561396920766
12149,7,0.2861271676300578
12188,0,0.2023809523809523
12248,0,-0.0358208955223882
12067,0,-0.0003615328994939
75573,0,0.0576826196473552
11917,35,0.0209302325581395
11306,35,-0.0588235294117647
11976,5,0.1135194709772227
75326,0,0.1978554133517815
84387,0,0.0724637681159421
11998,12,0.0
28223,13,0.0777777777777777
17743,0,0.041537157389093
10119,45,0.0555183946488293
12022,0,0.0851123595505618
12113,7,-0.1599999999999999
12226,0,0.0554771979313586
12074,0,0.0069292487235592
12236,0,-0.0791873963515754
12214,13,-0.0902255639097745
12062,5,0.0445325606222357
12190,0,0.1146413875722693
80926,0,0.1342182890855456
12209,56,0.2512044850643853
75432,0,0.093938432243732
75383,28,0.0001737317581653
75444,0,0.0118249901458415
11992,36,0.0077493261455525
36346,0,0.0691056910569105
75729,13,0.1819393535488169
85269,0,0.0167087623858557
12169,35,-0.3019726858877086
75591,28,0.089430894308943
82540,48,0.0892689784442362
83189,0,-0.1023896738182451
75734,63,0.0734299516908212
75447,48,-0.1729010806317539
76573,0,0.042649985783338
75730,0,0.1410018552875698
75721,47,0.0125698324022345
10375,34,-0.0098896918980599
75694,0,0.0987023200943768
63467,0,-0.0425392670157067
75696,48,-0.2201183431952662
75649,0,0.0418160095579451
75740,56,-0.0949367088607595
75646,0,0.0256637954000533
75607,7,-0.0676691729323308
75654,0,-0.0882818685669042
75603,0,-0.0315500685871056
75998,0,-0.3445983379501385
10051,22,0.1793313069908815
80422,35,0.4594202898550725
75825,3,0.0227517294388932
75962,47,-0.4389438943894389
75853,12,0.9354838709677418
75854,31,-0.0894428152492669
10304,45,0.0336744800264112
76148,0,0.4070674621385957
78717,0,0.0609019060901905
15070,36,0.002365930599369
16644,36,0.069594980034227
92663,63,0.0345224395857306
75556,0,-0.0281329923273657
86124,36,0.0144796380090497
11628,0,0.0057408419901585
75831,5,0.0385185185185183
11748,22,-0.0194228634850165
75828,57,-0.0528295128939828
11348,20,0.0202504251043436
12165,63,0.3922374429223745
11506,29,0.0026315789473685
23326,36,0.0278842802370162
23799,15,0.0963855421686747
11285,36,0.10549558390579
11389,45,0.0344970906068162
11442,0,-0.0168046149987457
10769,0,0.0345932094811018
86896,34,0.1213898916967508
10916,22,0.0026119402985074
75503,0,-0.0240963855421687
11513,0,0.0172863666014351
10974,15,-0.0034246575342464
87952,0,0.0219490781387181
35503,28,0.0558153126826419
11847,29,-0.0102171136653895
35829,0,-0.0188389081122646
88007,0,-0.1364963503649634
10563,0,-0.2203616878767581
88891,0,-0.0673339399454049
10252,28,0.0298277982779826
10205,36,-0.0411764705882352
89440,36,-0.0070381231671554
10271,0,0.0233271945979129
90086,34,0.0033783783783785
10290,0,0.0311517576450413
10638,34,0.0626865671641789
11652,20,0.0391479289940828
12189,0,-0.0774227071966745
11823,28,-0.0245614035087718
52936,0,0.0435396089498085
11625,0,0.0816326530612245
56611,34,0.0443425076452597
10297,0,0.0166153846153847
12068,34,-0.006282722513089
75860,56,0.1271186440677967
75856,34,0.2591826176927057
11786,0,0.0309139784946237
10562,0,0.109251510925151
75509,36,0.0942982456140351
81577,36,0.0356506238859177
10932,0,0.0256845680322648
11293,45,0.1208076659822039
93105,35,-0.0372250423011844
67046,35,-0.0818425760286224
11750,0,0.0114433370247324
11593,42,0.2331002331002332
69586,0,-0.1208609271523178
35685,36,0.0207416719044624
75861,5,0.0657206870799103
83729,0,-0.011070110701107
89207,0,-0.0918264379414732
10308,36,0.0814081408140812
77519,34,0.0193726937269373
92807,4,0.0677200902934538
12281,15,0.0063636363636363
83469,20,-0.0180754917597022
86814,36,0.0080236486486486
86384,20,-0.0071890726096333
10781,0,-0.0703079604880884
84725,0,0.0280612244897957
83642,31,-0.0091463414634145
76037,0,0.05438202247191
76331,50,0.0772757039947609
83641,20,0.0067550350752205
75773,55,0.0118543607112615
87759,0,-0.1035714285714285
88797,0,-0.0249541284403669
12166,0,-0.0128205128205127
10913,45,0.0646589902568646
78922,56,-0.1602671118530885
77643,36,0.0260936300844205
77379,36,0.0783453462864305
11006,0,-0.0133928571428569
86382,28,0.0096873623954205
77889,0,0.0202352941176471
88976,36,0.0117930204572804
39766,22,-0.0648664514235397
75993,16,-0.0745192307692307
11565,29,0.0153846153846153
76359,16,0.283746556473829
81620,0,0.1172932330827065
75912,48,0.1191294387170673
85299,34,0.1025095703955762
77181,0,0.0458860759493671
10002,0,-0.1211903908210827
76000,42,-0.115727002967359
77415,45,0.0683576956147893
90561,0,0.0304096506659965
83155,0,0.0030218687872762
79851,36,0.0093457943925232
77798,2,0.0793308148947651
77504,0,0.0801463252411038
89211,34,-0.0075916230366493
11844,0,0.0193891102257637
89141,0,-0.0633325932504439
76266,36,0.0129883105205315
91855,45,0.0582557738710789
85726,7,0.2463343108504398
75881,48,-0.0027093596059113
75906,36,0.1163701067615659
77236,29,0.0499999999999998
76060,15,-0.127565982404692
85749,0,0.0495679854479309
11056,0,0.0255935861856304
91265,7,0.1582733812949641
77528,36,0.0415384615384615
79747,38,-0.322202166064982
75755,0,0.0338266384778012
11397,0,0.0215013202565068
20395,34,-0.0162491536899119
76023,0,-0.0752212389380531
75925,36,0.0435940905788327
84516,36,0.0784565916398714
63562,0,0.0479041916167666
77300,0,0.1117104967408406
75930,7,0.1461187214611872
76215,13,0.1577639751552795
76371,47,0.2903494176372712
87652,34,-0.0391509267639073
76090,3,0.1189221737166941
76082,0,0.1039015230544544
76095,0,0.1063878676470586
76374,47,0.1537162162162162
85671,0,0.0450489194710246
79148,34,0.0126984126984126
76127,22,0.0720198675496688
76128,15,0.0311958405545929
76110,63,0.0151133501259446
76435,28,0.003003003003003
11396,63,-0.0673076923076924
76336,22,0.1412726211325161
76135,0,-0.0234301780693533
78981,63,0.0875878220140513
76138,0,0.1986723565670933
76139,0,-0.0324986680873734
76415,7,0.0831889081455807
76868,0,0.0263042525208243
88965,34,-0.0126037628625357
79584,0,0.0908691834942931
76383,13,-0.4248554913294797
76392,0,0.1642120765832107
88871,47,0.3881355932203387
76372,5,-0.145873320537428
84669,0,0.030371713508613
76887,0,0.0780834072759539
76544,0,0.3218793828892006
83566,13,0.0847457627118644
76195,3,0.174983366600133
83671,3,0.0991839296924044
89485,0,-0.0261073628630097
76202,20,0.0
76367,2,0.0127118644067798
76201,15,0.1621867881548975
87053,56,0.2696335078534031
76207,0,0.0789156626506022
84911,56,0.0130718954248365
85685,0,0.1689691817215728
76214,0,0.0602866779089374
76360,0,-0.0306451612903226
89369,0,0.2016197382051041
81651,0,0.1666666666666665
77486,29,0.032846715328467
76240,0,0.0009956853634252
76228,20,-0.0845323741007193
76230,5,-0.0182667799490229
76223,0,0.0484976278334212
11644,3,0.0276243093922652
76261,0,0.0857828434313137
78106,56,0.1764705882352939
76224,0,-0.0122767857142856
76265,0,-0.004416180886769
89100,0,0.0
77256,34,0.0713022981732469
76478,0,-0.0569070373588184
79037,31,0.0276976341604155
78071,56,0.04
85520,0,-0.0322580645161291
76529,0,0.0219683254476579
76515,13,-0.0557361820715281
76504,36,-0.0457063711911357
76507,35,-0.0070422535211267
83551,36,0.1405265109380795
80634,0,-0.1335012594458439
76553,15,0.0987770460959547
76879,0,0.1470588235294117
88284,38,-0.1311914323962516
11493,34,-0.0299251870324189
76582,0,0.0059405940594059
76584,0,-0.0480132450331125
76586,0,-0.006758832565284
76613,5,0.1289023162134945
76614,16,0.2778840025493947
77004,13,0.1470588235294117
76619,63,-0.0887034161490682
76978,13,-0.0820734341252699
76622,13,0.2461538461538461
76624,0,0.1161616161616161
76625,0,0.1365182186234819
87035,0,0.2192307692307691
76644,0,0.1719833564493758
76653,29,0.1798378926038502
76888,16,0.1699346405228758
76656,42,0.0946361462248035
76837,50,-0.0256410256410255
77010,0,-0.1429537005745184
76638,28,0.0295930949445129
76661,47,0.1949860724233985
76686,0,0.1063714902807775
76695,0,0.0609442060085836
89045,0,-0.1587057010785825
76856,0,0.0495386109762019
76702,0,0.0491958372753076
76706,47,0.2018604651162789
76709,0,-0.087008997147246
76710,4,0.2762836185819071
76934,13,-0.2298507462686567
76712,0,0.0784698381559587
76714,20,-0.0183206106870229
76721,0,0.2328962371721779
76960,0,0.0684210526315789
76732,28,0.1255663430420712
76736,47,0.0599369085173502
76980,0,0.0977917981072553
88031,48,-0.022475369458128
76744,48,0.2065378900445766
76750,50,0.1152602175830639
76764,0,0.0550673696543644
76945,0,0.0419313850063531
76795,2,0.0428091773922776
76796,3,0.0015372790161414
76869,47,-0.0261904761904763
76798,48,0.1677869700103413
79500,0,0.0673076923076922
76999,0,0.0308536167295165
76892,38,-0.0228136882129278
81564,28,-0.0354098360655736
76841,31,0.0653536257833482
76845,47,0.0685383980181668
76846,13,-0.0838757499247179
76843,42,0.0653206650831355
77018,0,-0.0410396716826265
77042,0,0.2043478260869566
89213,5,-0.1023294509151415
77063,0,-0.0820581484315225
77235,42,-0.145374449339207
77037,0,-0.0789210789210789
85426,0,0.0613454960091219
77202,7,-0.0666666666666667
77087,20,0.1921598770176786
77207,0,0.0929648241206029
77103,22,0.104872881355932
77090,0,0.0465367965367964
77117,0,0.0248356464572681
77114,0,0.1366530241018646
77165,35,0.0362745098039216
77182,0,0.0542133176193282
77191,0,0.0436280137772673
77184,12,-0.1076233183856502
77175,22,0.0248380129589633
77178,22,0.0011004126547455
77259,28,0.0171755725190838
77262,0,0.0926756352765321
77264,0,-0.0024960290447015
77271,0,0.0615384615384615
77274,0,0.0018903591682422
77279,0,-0.142368533561351
77282,0,0.0
77281,22,0.0742049469964665
77289,0,0.200956937799043
77324,12,-0.1457416267942582
77340,13,0.0921273031825795
77338,31,0.0695127402771569
77347,0,0.3240963855421686
77366,28,0.0244088482074751
77362,48,-0.2728119180633147
77392,3,-0.0294323756131745
77461,55,-0.1495750708215296
77413,0,0.1077586206896552
77418,63,0.0976412506856829
77421,0,-0.0311778290993071
77425,0,-0.0887139107611548
77433,36,0.0833333333333334
78147,0,0.1320553780617679
77426,20,0.0165745856353591
77443,13,-0.083160083160083
77437,7,0.488262910798122
77472,0,-0.0781818181818181
77447,0,-0.0710202286719436
77448,0,0.031086387434555
77495,66,-0.1060606060606061
77496,0,-0.0235057085292141
77768,0,0.0184246112238
77502,0,0.0366748166259169
77507,4,0.0625
77546,22,-0.4226190476190476
77515,0,0.0656716417910447
77517,0,-0.0537714712471995
77520,10,0.0552268244575935
89441,13,-0.1931818181818182
83738,0,0.1298701298701297
77582,7,-0.06282722513089
77585,0,-0.0003030303030302
77599,35,0.1646341463414633
77610,22,0.0471441523118767
77605,35,0.0757268424611223
77608,5,-0.0376732383369119
77649,45,0.0128844555278471
77629,4,0.0109060402684564
77630,12,-0.0703125000000001
77660,0,0.1273584905660378
77662,0,-0.005573481959519
77668,3,-0.1554671968190855
77673,3,-0.1231884057971014
77683,63,0.1623529411764706
84776,48,-0.0159644072232399
77701,0,0.2891666666666668
77702,63,0.1086637298091044
77790,0,-0.011124845488257
79407,0,0.0236966824644551
87505,55,0.0499139414802065
77763,0,0.1919268849961919
77767,12,0.0485562187449588
77778,0,-0.0069124423963132
77780,0,0.0354330708661416
77781,13,0.058120754716981
77783,36,0.0150297098916463
77785,0,-0.2383111362992349
77787,0,0.0782947896349959
85759,48,0.2374999999999998
77868,0,-0.0641025641025642
77892,0,-0.3314231136580707
77898,36,0.054301403294692
77900,35,0.1063829787234043
77902,0,0.0389849209268113
77918,0,-0.0242074927953891
77917,0,0.1522842639593908
77971,0,0.0332167832167833
77967,0,0.3656998738965953
77976,50,0.1827473426001635
77982,0,-0.0222368909608482
84315,7,0.0582010582010583
78001,0,-0.0892193308550186
78018,0,0.2321243523316063
78008,0,0.0701754385964912
78009,50,-0.0958024691358024
78015,0,0.0329588014981272
78038,0,-0.1116666666666666
78051,48,-0.0849673202614379
78062,13,-0.0187866927592955
78077,0,0.1115635179153096
78068,34,0.0375410605349602
78073,0,0.0294117647058824
78081,42,0.0926294820717132
78082,42,0.0677777777777777
78210,35,0.0050251256281406
78145,7,0.2967359050445102
78179,0,0.2391304347826088
78189,0,0.0483091787439613
78197,0,-0.0373320059731209
78139,38,0.0320924261874195
78172,0,0.14568345323741
78170,3,0.0157995096703895
78208,0,-0.0911435941530525
78137,0,0.0846060606060605
78156,0,0.0927099841521394
78193,48,0.1158767772511848
78213,4,0.1517771373679155
78840,0,0.0771905424200278
78195,0,0.0281553398058251
88944,28,0.092897812406353
78818,0,-0.0581655480984339
78841,48,0.1545961002785514
86889,22,0.0276363636363636
78908,42,0.0709774436090224
79033,55,0.0852713178294573
78875,0,0.0934858279462953
78889,0,0.0668380462724935
78876,63,-0.075968992248062
78868,63,-0.1438356164383561
78915,50,0.138421052631579
78916,4,0.0282766526557125
82640,35,0.1118421052631577
79065,16,0.1122233344455567
79006,0,0.6482758620689657
48653,0,-0.0921470721743078
79022,0,0.2653465346534653
78955,0,-0.0082372322899506
78990,13,0.0536159600997507
78950,0,0.0202286719437114
78987,0,0.015731030228254
78977,16,0.0912951167728237
78959,0,0.0224215246636769
79072,34,0.0648544520547944
81491,47,-0.1192052980132449
79089,0,0.0139275766016713
79080,0,0.0011131725417439
79108,0,0.0561497326203208
79131,0,-0.1538231780167264
79116,45,0.0505050505050506
79133,0,0.0792059748427671
79103,0,-0.0277024992472147
79100,12,-0.5081081081081081
88597,0,-0.0156062424969989
78910,63,0.0363636363636363
79150,0,-0.0480120030007502
79209,0,0.0650044523597506
79212,0,0.1075243294564443
79166,36,-0.0134656272147413
79198,13,0.0221238938053098
79159,0,0.2993399339933993
79164,16,0.1690140845070422
79192,0,0.0427113954694795
79157,0,0.0646887159533073
79237,0,-0.0094223678820155
79323,63,-0.0218396301610074
79247,13,0.0077734627831715
79299,0,0.016338964275824
79248,0,0.0151162790697674
79249,0,-0.0051234280391243
79328,64,-0.0066115702479339
79251,42,0.2986512524084777
83659,29,0.080392156862745
79336,0,0.0277033065236818
79265,0,0.1759941089837997
79313,4,0.0103092783505154
79252,0,0.0083056478405316
79390,56,-0.0645161290322581
79444,15,-0.0373023715415019
18649,5,-0.0107425555974368
79417,13,0.0022909507445589
79382,0,0.013669821240799
79399,0,-0.0174491392801251
79666,0,0.0851735015772869
79467,0,0.0540192926045015
79518,35,0.0885529157667386
79507,0,0.1438886023723569
79472,0,-0.2261751225222723
79499,56,-0.0620603407847428
79545,28,0.0057722581773658
79528,0,0.1099077416766949
88568,0,0.2236686390532545
79502,0,-0.0281923714759535
79529,48,0.2434274586173319
82763,0,0.0092592592592593
79491,63,-0.0902640514925751
79517,29,0.0348878604485582
81103,35,0.1303258145363408
79564,0,0.169284467713787
79617,0,-0.0156014091595371
79588,0,0.0752717391304349
79612,31,-0.005952380952381
79568,31,0.0991124260355029
79607,20,0.0718132854578095
85913,0,0.0810041407867494
79628,0,0.0728228228228227
79668,0,-0.0530996599529164
79613,35,-0.1066282420749279
79731,0,-0.016184971098266
79712,10,0.2182203389830508
79724,48,0.2972234865725991
79758,10,0.0267950052029135
79686,0,0.1236263736263736
79689,0,-0.1660779220779221
79740,0,0.006644518272425
79734,20,0.0370370370370369
79704,63,0.03125
79721,16,-0.2057416267942583
79702,42,0.1974789915966388
79824,0,0.0503276539973787
79857,42,-0.0235690235690236
79828,0,-0.0408163265306121
79906,0,0.1252955082742315
79790,16,0.1888111888111887
79862,0,-0.0482416591523895
79839,0,-0.0243727598566307
79795,31,0.1335789958544448
79791,0,0.039235412474849
79878,50,-0.074821610601427
79802,63,0.0767263427109974
79846,15,0.0865800865800865
79915,22,0.0583809029579658
79841,0,-0.0187367784829255
80223,0,-0.0086083213773313
79879,7,5.634703196347032
79796,0,-0.0587280986372484
79850,16,-0.0682926829268292
79884,0,0.2085714285714286
79799,0,0.0901272789817682
79859,34,-0.0018315018315017
79885,0,0.0179640718562874
80019,0,0.265474552957359
80023,31,0.142857142857143
79973,0,-0.111111111111111
79994,3,0.0626959247648903
80034,0,0.0993883792048928
80049,0,-0.1346153846153847
80080,0,0.1277304701962236
80001,0,0.2537313432835821
80012,31,0.0616740088105727
80007,0,0.0499612703330751
80050,0,0.0283553875236295
84723,13,-0.1141029956243688
80000,15,0.0498727735368957
79965,20,0.0
80079,10,-0.0035977693829826
80054,48,0.0737327188940093
80167,50,0.1044600938967137
80113,63,0.1274038461538462
80112,0,-0.0279925353239135
80159,0,-0.0922401171303074
80165,0,0.1475183188165354
80135,0,0.0139860139860139
80252,3,0.0467653936087295
80239,12,-0.046031746031746
80279,63,0.0590551181102363
76697,50,-0.0461856617647059
80236,0,-0.0494529540481402
80258,12,-0.0718082862205721
80204,5,0.0399432758213187
80254,57,0.1323477648715241
80245,0,0.1261682242990653
80257,22,-0.3644214162348876
80191,0,0.1969445978280877
80193,66,0.1101434426229508
80237,16,-0.148148148148148
80266,56,0.0888888888888888
80325,12,-0.0324696621843227
80361,0,0.0424242424242424
80309,12,0.042904290429043
80375,0,-0.0068382944489138
88681,0,0.1033724340175952
80343,28,-0.0456466610312764
80316,0,0.0331825037707389
80362,29,0.0349488954830201
80368,35,-0.0929203539823009
80310,0,-0.059090909090909
84584,0,0.0252954592577234
80336,0,0.0064369287670258
80357,0,0.0556133056133056
80303,0,0.229818780889621
81066,7,0.1093023255813951
80479,63,-0.1611570247933884
80439,63,-0.1490857946554149
80485,29,-0.1054054054054054
80482,13,-0.1079136690647482
80463,0,-0.1021089997911881
80434,0,-0.0106295993458708
82541,0,-0.0307234886025769
80415,7,0.089667458432304
80478,29,0.0353333333333332
80446,0,0.0275090689238211
80460,0,-0.0230769230769229
80539,22,0.0013879250520472
46392,0,0.0435754189944135
80504,35,-0.1185410334346505
80568,0,0.006503251625813
84345,13,0.1858407079646016
80585,0,0.1259842519685039
80569,36,-0.0375075620084695
82846,0,-0.0380952380952381
80534,0,-0.0970059880239521
80498,0,0.0257258360896728
80528,0,-0.0254545454545455
80537,66,-0.4117647058823529
80557,63,-0.1476888387824125
80577,13,0.1057054400707651
80560,12,0.2388451443569552
80563,0,0.0013691128148958
80575,0,0.050314465408805
80579,35,-0.2222222222222222
80679,28,0.0434961017644643
80658,57,-0.0049627791563275
80621,5,0.0332391557254445
80625,0,0.0010735373054213
89099,0,0.0221066319895968
80670,15,0.0050403225806452
80633,0,-0.0394131185270425
80768,15,0.025130548302872
80762,34,0.0948121645796065
80759,38,0.044305517803751
80828,0,0.0946907498631637
80791,0,-0.0293624161073825
80798,0,-0.0201207243460764
80820,13,-0.048661800486618
80797,5,0.0092653871608205
80812,22,-0.0027932960893854
80804,13,-0.0833922261484099
80808,20,-0.0171466013462805
80816,15,-0.0076429980276134
80837,10,0.0215946843853822
80928,0,0.0214797136038185
80955,0,0.180385288966725
80864,63,0.0687616677037958
80948,0,0.0364583333333332
80913,0,0.0312379483224063
80943,63,0.1783132530120479
80951,0,0.0862186014935506
81001,0,-0.0144092219020173
81010,0,0.0556607345702384
80960,0,0.0029940119760478
80987,0,0.0749262536873156
80957,0,-0.0824175824175824
80969,20,0.0229320229320229
80990,28,0.0263013698630136
81084,42,0.0555555555555553
81109,12,0.007462686567164
81097,12,-0.0246913580246913
81119,35,0.0130434782608697
88937,12,0.1034482758620691
81055,0,0.0085176709890668
81071,28,-0.0058608058608059
81182,0,0.0299921073401736
81142,0,0.0051194539249146
81162,0,0.1625000000000001
81184,0,0.3506666666666667
82248,7,0.4691358024691356
81173,22,0.2797619047619046
81128,0,0.0399698340874812
85748,0,0.0253642741500268
85679,0,0.0161290322580645
81148,34,0.0514372163388805
88865,0,0.0903061224489796
86993,48,-0.0317544793329784
85205,22,-0.1072847682119204
81220,50,0.0426977195536146
81206,4,-0.041095890410959
81241,63,0.0881226053639845
81288,7,0.0728645833333332
81275,0,0.1750483558994198
81256,4,-0.0502863503348234
81259,15,-0.074074074074074
81242,35,-0.1007751937984496
81254,13,0.2107066381156315
81262,0,-0.1312863949179461
81293,0,0.0501242750621375
81292,28,0.0346058775061797
81282,0,-0.0177738927738927
81278,0,0.0078226857887873
81298,29,0.0205128205128204
81501,0,0.1404535479151427
82162,16,0.3426666666666667
87532,0,0.0113924050632912
83458,0,-0.0357317670093
81540,22,0.0442477876106195
81566,63,0.0639777468706537
81541,36,-0.0219690805532952
81546,15,0.0
81560,0,-0.0226876090750436
81530,63,-0.0264779730655102
81588,0,0.0192307692307691
81533,0,-0.0635944700460829
81539,0,0.1284916201117318
81565,2,0.0124707716289944
81562,0,0.0742115027829313
81584,0,-0.0356164383561643
81595,13,0.1328903654485049
87476,36,0.0402535657686211
81624,3,0.0328525641025641
81647,0,-0.0155294117647057
81621,47,0.1019021739130434
81705,0,0.0828990999526291
81736,63,0.0929192546583852
85332,18,-0.0167785234899329
81740,0,0.1490445859872611
81741,20,-0.1165048543689319
81763,0,0.1177790241166574
81756,7,0.0425531914893617
81670,47,0.0945578231292516
81857,31,0.037052370109708
81696,0,0.0849114233353696
81728,7,-0.4346153846153846
81665,48,-0.3214731585518102
81691,0,-0.0871080139372821
81698,34,0.0685071574642126
81677,50,0.1570217471433836
88719,0,0.004
81851,29,0.0038683127572014
81776,0,-0.0308490308490309
81893,0,-0.0170068027210884
81769,13,0.0119047619047618
81901,7,-0.043478260869565
82231,0,0.04
81850,0,0.0924024640657084
81869,13,-0.0801111111111111
81889,0,-0.0621657754010696
82155,0,0.2345679012345678
82171,13,0.1962264150943395
82156,12,0.2253521126760562
81920,0,0.0897360703812315
81925,42,0.0359589041095891
82201,0,0.3394495412844036
82212,0,0.2548197820620286
82179,0,-0.0146744930629668
82176,0,0.0100250626566416
85832,0,-0.0360360360360361
82168,0,-0.2991452991452992
82234,0,0.0068337129840547
82281,13,0.1828929068150209
82272,0,-0.0146929824561403
82235,48,0.1015228426395939
82287,0,-0.168615107913669
82255,0,-0.0445304937076477
82261,0,-0.0213903743315507
82242,42,-0.0503282275711161
82497,0,-0.0495070821529745
82488,35,0.0326086956521738
82504,0,-0.1008708272859215
82508,0,0.0908722109533468
82295,28,0.0393939393939393
82471,42,0.0339622641509436
82298,0,-0.0433881442586707
82518,0,-0.0652446675031367
82515,0,0.0644155844155842
82507,13,0.0531496062992125
82521,0,-0.1374117647058824
85374,36,0.0980392156862746
82501,0,0.0625
82307,0,-0.0387074477276653
82575,0,0.0589668615984406
85032,0,-0.0103211009174312
82581,0,-0.0089748703629837
82618,0,-0.1016062756817332
82584,63,-0.0872794800371401
82649,20,0.2149631190727079
82544,48,0.0572246065808297
82593,12,-0.0560178859768972
82552,0,-0.0920245398773006
82643,0,0.1028442594519598
82546,0,0.0223695111847557
82605,0,-0.105501130369254
82547,0,-0.0780058651026393
82642,57,0.0014877262583685
82651,0,0.0998233215547701
86042,0,0.0599571734475374
82634,0,0.1111111111111111
82638,0,0.1136890951276101
82573,36,0.0051428571428571
82587,0,0.2309523809523808
82635,0,0.2223529411764706
82607,0,-0.105469930492596
82554,35,-0.0890410958904108
82599,0,-0.004
82697,0,-0.0672338090010975
82762,0,0.1483253588516746
82779,7,0.1794195250659629
82734,4,0.0015898251192367
82720,20,0.0688806888068878
82686,0,-0.184479425573046
83974,28,-0.0872031194611839
82759,0,0.412484700122399
82512,34,0.0783521809369951
82727,7,-0.4076271186440677
82480,0,-0.027086788280818
82717,0,0.0389477280491972
82722,0,0.0892374256354786
82768,12,0.0737704918032786
82704,35,-0.1034482758620688
82710,0,0.103585657370518
82755,4,-0.0826815642458098
82664,13,-0.2372881355932203
82766,31,-0.1343283582089551
82730,0,0.0401486988847583
82685,57,-0.0277777777777777
82699,0,0.0792079207920792
82747,12,-0.1352519929739224
82800,0,-0.4445405405405405
82812,29,0.0619047619047619
82837,28,-0.1131969739422807
82810,66,-0.0473118279569894
84067,13,0.107769423558897
82824,13,-0.0756097560975609
82839,0,-0.1735294117647058
83875,16,0.1398963730569946
86122,13,-0.037156704361874
85376,0,0.3402646502835538
83113,0,-0.1376440460947503
83131,13,0.1279620853080567
83127,0,0.0
83161,16,0.0976116303219105
82861,0,0.2333887043189368
83139,0,0.0902777777777779
87832,0,-0.0301724137931034
85838,0,0.0678787878787878
83529,20,0.0341409691629956
84825,29,-0.0091872791519435
83145,0,0.1142857142857143
83151,35,0.3333333333333335
87471,16,0.0
83149,16,0.3486572065204643
83120,0,0.2207432057681642
88979,31,0.0341726618705036
83123,0,0.1204070096099489
84397,0,-0.0443837911782224
87005,63,0.1432432432432433
37381,47,0.048828125
83124,0,0.0208096859629209
83374,0,0.1728971962616821
82859,35,0.1769911504424781
83303,7,-0.0476190476190476
84157,13,-0.0396396396396395
83307,0,-0.0414746543778801
83251,50,0.0792483660130718
83143,0,0.0100139729855612
83272,63,0.1922739244951712
83317,56,0.2167381974248927
88163,35,-0.0333333333333333
83291,0,-0.0357142857142858
83283,0,-0.0460440985732814
85406,0,-0.0828828828828829
83304,7,-0.096551724137931
83244,0,0.1566121842496286
83301,28,-0.1627969762419006
83762,56,0.0909090909090908
83390,0,-0.1435294117647059
83373,15,0.0377358490566037
83413,0,0.0018382352941175
83359,0,0.0826301544340073
83435,0,0.0419303797468353
84215,0,0.0118587264758958
83414,0,0.0367647058823528
83421,0,-0.0030937648738696
83366,0,-0.0646683319456008
83362,0,0.0145631067961162
83377,0,0.1513399894902785
83418,7,0.1242387332521315
83386,13,0.0790176187933795
83382,0,0.0344827586206897
83405,5,0.116999592335915
83422,0,-0.002948402948403
83520,0,0.2171717171717171
83504,0,0.0082215491129382
88596,16,-0.0981132075471697
83531,0,0.1770623742454729
86744,3,-0.0717821782178217
83499,0,-0.0232558139534884
83509,0,0.1336791699920192
83541,7,0.086176980913823
83462,63,0.0909558067831448
83475,0,-0.0193423597678915
83495,0,0.0760139049826187
83534,12,0.0744186046511627
83452,0,0.0135249366018597
83503,31,-0.0102489019033675
83575,56,-0.0782918149466193
85714,0,0.0716497125165855
88811,42,-0.0169616519174041
86091,0,-0.028100412139378
83699,7,0.1661392405063291
83616,0,0.1827458256029686
83690,0,0.114817190506735
83632,56,-0.1630824372759857
83592,35,0.8293798449612404
83651,7,0.1559139784946235
83664,0,0.0073085478233239
89202,0,-0.0855704697986576
85523,35,-0.0689655172413792
83621,0,0.041195110909914
83633,22,0.0024937655860348
83638,47,-0.107005388760585
83653,35,-0.1568627450980392
83669,5,0.0115728563913728
83654,22,0.1814345991561179
83661,15,0.2097329888027563
83815,34,-0.0529531568228106
83602,0,0.139975093399751
83677,13,-0.1550387596899224
83694,13,0.178528347406514
83683,0,0.004313205043132
83744,0,-0.0658307210031349
83740,1,-0.1157556270096462
85824,0,-0.128220611916264
83720,63,0.0561697042127278
83779,10,0.1008018327605955
83800,0,0.0318906605922553
84806,0,0.0032258064516128
83799,0,0.0453747343129102
83807,0,-0.0107763899093803
83756,7,0.2791068580542264
83916,0,0.2418426103646833
83879,0,0.0799475753604195
83832,0,0.0592857142857143
83822,48,0.1735009272614878
83844,3,-0.1784452296819787
83908,3,0.0177419354838708
83893,0,-0.007119549095224
83838,42,-0.3837837837837838
83889,0,0.0015243902439026
85857,0,-0.0357062146892654
83883,12,-0.1920529801324503
83862,0,-0.0267558528428093
86300,0,-0.0268096514745308
83910,36,-0.1370786516853933
83884,66,-0.0839694656488549
83906,0,0.0131824043559247
83885,12,0.4240559440559441
83903,36,0.1030270844397238
83831,36,-0.1111111111111111
83934,35,0.0503282275711158
83929,0,-0.1086956521739129
83969,63,0.1641304347826089
83928,0,0.055112730585288
83931,0,-0.0016666666666665
83991,0,-0.0179510426110607
83944,31,-0.0054794520547944
88436,5,-0.123195084485407
83950,16,0.0362595419847326
83961,0,0.0133289452032252
83982,36,0.0970684039087947
83946,0,-0.0136518771331057
83965,0,0.1368421052631578
84001,28,0.020966802562609
83953,48,0.0297734627831716
84069,63,0.098334655035686
84140,34,-0.010438413361169
84030,48,0.8011363636363635
84104,0,-0.0349221330816423
88905,56,0.1454545454545452
84131,4,0.0078387458006718
84023,50,0.0358796296296295
84026,0,-0.025830258302583
84103,0,-0.1121635094715852
89425,0,0.0707188778492109
84062,0,-0.0218082689686506
84110,0,0.1724999999999998
84120,16,0.1085972850678733
84036,0,0.0867892261650278
84636,28,-0.0376869391824526
84052,56,-0.0451306413301663
84058,0,-0.0201870999507631
84020,0,0.0454204204204204
84134,0,-0.0081566068515497
84098,0,0.1436927772126144
85996,0,0.049085877602867
84042,22,-0.0179487179487178
84111,0,0.1126168773708082
84010,0,0.0074007625028031
84060,0,0.0243790248390065
84041,38,0.1369539551357732
84032,0,0.0315969257045261
84057,48,-0.0750267952840298
84031,22,-0.0250569476082003
84168,0,0.075678496868476
84146,13,-0.0400349078215336
84203,0,0.1164473684210525
84280,13,0.096551724137931
84281,13,0.0953163516844699
84162,0,0.024713682941531
84172,63,0.091324200913242
84262,0,0.1914767096134786
84210,0,0.1946028126187762
84348,50,0.0821371610845296
84325,36,0.0420168067226891
84330,22,-0.1434210526315789
84311,47,-0.2361111111111111
84365,0,0.0681913554343265
89268,0,-0.0638297872340425
84342,0,0.1193699917104171
84291,0,0.0579954954954953
84364,0,-0.118710454956312
84302,0,0.1481481481481481
84320,0,0.1437246963562752
84373,31,-0.1867233485938521
84319,0,0.0315533980582525
84351,2,0.028186274509804
84309,0,-0.017994858611825
84331,20,0.0511395219566426
86440,0,0.0388655462184874
85176,13,0.2954253954681487
88984,0,0.1144631765749779
84438,0,0.047294002925402
84385,0,0.0222551928783383
84420,12,0.0217391304347827
84426,29,0.3576158940397349
84511,7,0.3275862068965518
84559,35,0.0148148148148148
84531,4,0.0387491502379333
84562,13,0.0674157303370786
84742,35,-0.08
84514,47,-0.0064892926670991
84561,0,-0.0885761589403973
84563,0,0.101437699680511
88424,57,0.2187915006640106
84565,12,0.0
84546,42,0.0222222222222221
84555,35,-0.4031007751937985
84571,47,-0.0269299820466787
84624,0,0.1232587589700293
84616,0,-0.029319606087735
84604,12,-0.0292397660818714
84530,47,0.1056466302367942
84606,0,0.210590631364562
84389,38,0.1029411764705883
84597,0,-0.1262599469496023
84738,0,0.0869565217391306
84737,5,0.1276351092372556
84749,0,0.0215756783262504
85211,56,-0.1774530271398747
84607,0,-0.0287162162162162
84599,0,0.365227537922987
84656,50,0.0319361277445109
84734,0,0.0329896907216493
84779,35,0.3897707231040563
84792,22,0.1506646971935008
84780,31,-0.0198019801980197
84784,0,0.1428571428571428
84827,0,-0.0504587155963304
88653,0,-0.0170994300189993
86075,20,-0.0458562842216168
85204,0,-0.0909090909090908
85035,0,-0.0369393139841689
85002,0,0.0659340659340659
85075,0,0.12565445026178
85072,0,0.0975421239758851
85034,50,0.3470483005366727
85067,36,0.0693486590038314
85051,0,0.0662227155012948
85013,47,-0.0470383275261324
85047,38,-0.4450360162856248
85077,20,0.0938251804330392
85020,0,0.0124999999999999
85059,0,0.0130890052356018
85168,63,-0.032934131736527
85240,50,0.0164654226125138
85187,16,0.0
85177,7,0.3490566037735847
85173,0,0.0555941626129254
87364,31,-0.1525423728813559
85175,0,0.4024390243902438
85158,3,0.1355725190839694
86279,28,0.0961257309941521
85245,0,0.0570469798657717
85222,0,0.0559210526315789
85198,28,-0.0749926188367287
85246,0,0.0762751520823583
85680,0,-0.0299435028248585
85231,0,-0.0289105295191722
85216,0,-0.0481012658227849
85255,0,0.0164804469273744
85196,35,-0.1223140495867769
89038,0,0.0008972186222708
85223,0,0.484375
85280,0,0.1074059713067079
86004,38,-0.0125874125874126
85306,0,-0.0159574468085105
85291,5,0.0714285714285716
85320,7,-0.0206185567010309
86264,38,0.0236045542904748
85319,0,0.1059602649006623
85531,0,-0.0793194344596213
85298,48,0.0811992504684571
85401,7,1.4965517241379311
85349,29,0.0547752808988764
85382,12,0.6941666666666668
85333,56,-0.0282051282051282
85348,0,0.1423631123919309
85372,0,-0.00261917234154
85317,0,-0.0156967042136003
85625,35,0.151658767772512
85354,13,-0.035593220338983
89270,0,-0.0368963646228974
85336,0,-0.0770101925254812
85353,4,0.0370370370370369
89292,34,0.0087399854333576
85356,0,0.0878048780487805
85395,4,-0.0364583333333332
85453,0,-0.0099009900990099
85486,0,0.0384870603848706
85611,28,-0.0427728613569321
88367,0,0.0416666666666667
85418,0,0.1044776119402983
85502,29,0.0868263473053891
85516,31,-0.0552486187845304
85482,0,-0.0509803921568627
85440,0,0.0
85488,0,0.0561224489795917
88635,0,0.0309460031016495
85517,22,0.0249388753056234
85432,0,-0.062127659574468
87139,0,-0.1385026737967915
85424,0,-0.418144208037825
85445,0,-0.1426403641881638
87114,0,0.0030341340075854
85457,29,-0.0039999999999998
87837,48,0.2761904761904763
85427,0,0.1484969939879761
85419,0,0.0324324324324325
85496,0,-0.0143589743589743
85540,48,0.7623586787851919
85590,0,0.003615127919911
85621,5,0.037792894935752
85627,63,0.1390212213079256
85539,0,-0.2152899824253076
85571,47,0.1133844842284739
85622,34,0.4236610711430855
85798,15,0.0328317373461013
85593,5,0.0002996703626012
85549,12,0.1096774193548386
85567,0,0.0029955947136564
85576,0,0.0348727615457116
85522,56,0.0590277777777776
85526,0,0.0114068441064638
88161,13,0.6172413793103451
85565,22,0.1923714759535655
85725,0,-0.0049382716049383
85675,0,-0.0557053009883199
85559,0,-0.1795224977043158
85707,13,0.2295514511873351
86162,0,0.05
85548,63,-0.0037289719626167
85645,0,0.1121696373693914
86017,0,0.1317829457364341
85647,0,-0.0989454790217636
85663,0,0.0189247311827958
85653,12,-0.0498132004981319
85728,0,0.0396975425330812
85708,0,0.0158730158730158
85883,0,-0.0019286403085824
86419,50,0.0276535176901178
87138,66,0.4322033898305084
85731,28,-0.0560675883256528
85751,0,0.0
85656,0,-0.015810276679842
85880,0,0.0810249307479225
88183,36,0.0124653739612188
89498,0,-0.0394736842105264
85776,0,-0.0624999999999998
85744,48,-0.0624999999999998
85753,0,0.0237623762376237
85768,13,0.0834914611005692
85724,0,-0.0093374833259225
85755,56,0.0310457516339868
85738,55,0.0396624472573841
54624,0,0.1496296296296295
85814,22,-0.0053368912608405
85770,0,-0.0024177949709864
85792,0,0.0854092526690393
85822,0,0.1087179487179488
86497,0,-0.0130382049727106
85839,0,0.1010248901903367
87024,50,0.142674888369126
85966,0,-0.0952153110047846
85846,48,0.0273972602739727
85886,48,-0.0484848484848485
85889,0,-0.0062642369020501
88384,0,0.0157706093189964
85931,0,0.0303030303030302
85903,0,0.1494547787042976
85804,3,-0.1160550458715596
85739,12,0.120639534883721
85865,0,0.0237804878048781
88203,48,0.1187258687258687
85923,16,0.3335948225142184
85864,12,0.125
85963,63,-0.0023071852340145
85993,63,0.0252225519287834
86003,0,0.0035211267605634
86102,0,0.0141969831410824
86111,48,-0.0131506849315067
87014,0,-0.0076799999999999
85860,0,-0.0305454545454545
85863,10,0.000179115171055
86570,0,0.1157777777777777
87488,0,0.0484210526315789
87501,34,-0.0406290956749672
87508,16,-0.0163043478260869
88820,34,0.0114425827543931
88482,48,0.0112548924137156
89278,36,0.0257201646090534
88951,0,-0.0388114008489993
80638,12,-0.0389610389610389
89504,36,0.0461814377522045
87538,7,0.3243243243243243
85986,13,0.0093567251461987
85939,5,0.1105947955390334
85951,0,0.0030769230769229
85953,0,0.2875536480686695
85976,0,-0.1139613120269134
85980,0,-0.01
85995,12,0.1623595505617976
85959,0,0.1789600967351874
85978,0,0.1183500385505011
86302,0,0.0579083837510803
87614,36,-0.0644257703081232
85992,0,0.2232808616404309
85946,22,-0.0802139037433156
86047,7,0.3417475728155339
86073,35,-0.0428134556574923
86062,12,0.2525252525252526
86034,50,0.1059216013344452
86026,0,0.1272727272727272
86021,0,0.0279586365377249
86083,34,-0.1101549053356282
86097,18,0.0733315747823792
86051,13,0.096244131455399
86113,0,0.1690363636363636
86048,34,0.1152416356877323
86196,0,0.0514237144071396
86128,3,0.1202357563850688
88341,0,0.0268486842105264
86198,13,0.3830645161290322
86211,0,0.1720514583128742
89279,34,-0.0038222646918297
86109,63,0.1383742911153118
86150,0,0.0020177562550443
86166,29,-0.0135931128228364
86158,0,0.0171598432644237
86171,35,-0.217687074829932
87067,0,-0.0112293144208038
86249,0,0.0841520717642032
88836,12,0.5358664772727271
87564,20,-0.0263852242744063
86199,0,-0.038655462184874
86155,20,0.1213389121338912
86176,0,-0.0176159718144451
86178,13,0.0967567567567566
86180,3,0.0918518518518518
86288,0,0.1459341723136495
86228,38,0.0198955483710518
88257,0,0.0588235294117647
86240,20,0.0549279066249472
87131,0,0.0247252747252746
86299,18,0.0430194805194805
86258,0,0.041570438799076
86298,7,-0.2587719298245613
86236,0,0.183673469387755
86250,0,-0.0602189781021897
86284,35,0.5734265734265735
86287,28,0.0108747044917258
88516,0,-0.0930930930930931
86233,31,0.1576763485477177
86260,29,0.0243013365735114
86246,7,-0.1183098591549295
86728,0,-0.1139954853273137
86312,0,-0.0189873417721518
89419,50,0.1055475504322767
87160,48,-0.0183783783783784
86323,0,0.1831379117811278
86576,36,0.0489311163895485
86713,35,0.0442583732057417
86322,0,0.1316510172143976
86332,28,0.0389072847682119
87089,16,-0.059047619047619
88602,12,0.8421052631578947
86305,50,0.0271186440677966
86226,48,-0.167903525046382
86316,4,0.1100266193433896
86339,48,-0.0451191827468786
86338,13,0.1592505854800938
86333,42,0.0642642642642643
86324,15,0.0867052023121386
87571,0,0.0468658465143527
86362,15,0.205005959475566
86356,0,0.1329337094499296
89109,7,0.0416666666666665
88409,7,-0.111111111111111
86253,36,-0.0054090601757943
87639,0,-0.0084033613445377
86721,0,-0.0051238257899232
86945,42,0.2571428571428573
86437,0,-0.0183276059564719
86435,47,0.5265438786565546
86432,0,0.0190951821386604
86489,47,-0.0228519195612431
86496,22,-0.035
86512,0,-0.0513043478260869
86527,35,0.0891719745222929
86544,0,0.0959869848156182
86525,0,0.0955326460481098
86531,28,-0.0383428823270163
86543,22,0.0197956577266922
86526,20,-0.0358467243510506
86529,0,0.0605405405405405
86533,29,-0.0043478260869566
87069,35,0.0895714285714286
86573,29,-0.0133333333333333
86574,0,0.027802294792586
87845,7,0.3137254901960784
88581,0,0.0573065902578795
87342,20,0.0755148741418765
86582,36,0.0336257309941521
86547,0,0.1234272019173157
86548,0,0.1760984182776801
89143,0,-0.0240568616730452
86560,34,0.0980158730158731
86583,22,-0.0599520383693045
86586,12,0.263157894736842
86602,28,0.069615663524293
86719,0,-0.0782630648826054
86709,20,0.2724358974358976
86715,34,0.133209990749306
86717,31,-0.0081967213114754
86738,7,-0.1860465116279069
87598,13,0.1054131054131055
86739,13,0.2038404726735598
86720,5,-0.001001001001001
86718,12,-0.1818181818181817
86725,0,-0.0851600693896861
86759,22,0.0746081504702196
88941,0,-0.0163265306122448
86751,31,-0.1387900355871887
86763,20,0.1433447098976108
86789,0,0.0222367560497056
86791,0,-0.0057220708446866
86778,0,0.0659773510585919
89021,15,0.0182072829131652
86783,48,0.0951345474313671
86810,20,0.0935430463576159
86820,36,0.0658042744656917
86756,0,-0.1092957746478873
86823,0,0.0458666666666667
86840,3,0.1967213114754098
86822,20,0.0468319559228649
86819,3,0.1506123800066201
86850,0,-0.183673469387755
88416,34,0.0317460317460316
86858,0,0.0246679316888047
86827,0,0.1352777777777776
86799,63,0.1153482508666876
86830,5,-0.0883002207505517
87039,20,-0.0524710189139719
86899,63,0.0050962627406567
86916,35,0.1041666666666665
86923,0,-0.1589825119236884
86924,0,-0.1447368421052632
86926,48,0.0489216201998947
86876,48,0.1247630535929691
86895,0,0.2029367469879519
86935,0,0.0419026047565118
88909,0,-0.0141010575793183
86890,0,-0.0054945054945054
86910,13,-0.2201704545454544
86915,31,-0.0291858678955452
86946,0,0.0192028400839114
83554,36,0.0715835140997831
86964,0,0.2321295606850335
86988,0,-0.1461224489795918
88231,66,-0.0625
86949,0,0.2713738834538493
87843,34,0.0113468179575728
86990,7,-0.0779914529914528
88368,0,0.1204447189623223
86996,13,0.0978216193999179
86983,13,-0.0979381443298968
87006,0,0.1374002280501711
87013,0,0.008010680907877
87002,63,-0.046875
86958,0,-0.1335587489433642
87000,0,-0.1579223504721929
86965,0,-0.0124143835616438
86977,0,0.0150115473441108
86979,31,-0.0034722222222223
87016,0,-0.1096064325010579
87077,16,0.0785824345146379
87020,0,-0.1017060367454067
87121,55,0.1750663129973473
87054,13,0.0894230769230768
87066,0,-0.0621359223300971
87051,66,0.0303030303030304
87099,0,-0.0234375
87075,63,0.0099374309900626
87056,0,0.1264933239634575
87074,66,-0.0174672489082969
87105,0,0.0753623188405796
87118,42,0.3019744483159119
87034,0,0.1772925764192141
87086,48,0.0695153061224489
87134,12,0.0208333333333332
89481,0,-0.0327137546468401
87162,56,0.0494296577946766
87183,56,0.2629757785467126
87167,13,0.1089947089947092
87165,0,-0.0264765784114052
87189,0,-0.0496453900709218
87179,0,0.2465331278890601
87173,0,0.2542955326460481
87182,0,0.0315126050420169
87172,47,-0.1127129750982962
87178,0,-0.0291878172588831
87140,16,-0.1446480231436837
87265,22,0.0
87264,0,0.5397923875432526
87257,0,-0.1070871058382766
87242,0,0.02659069325736
87261,0,0.1100164203612479
87229,0,-0.0372623574144487
87230,13,0.1057142857142856
87233,0,0.2234710743801651
87301,0,0.066225165562914
87236,13,0.0827858081471748
87219,29,0.0019047619047618
87267,0,0.0123489932885907
87357,7,-0.0961240310077519
87345,0,-0.0699685534591195
87340,0,-0.004669260700389
87350,0,0.1287978863936592
87327,0,0.1532184950135993
87268,50,0.0792144026186578
87557,0,0.2891566265060241
88475,16,0.0077419354838708
87361,0,0.0238095238095237
84108,3,-0.0173872180451127
87269,0,-0.0022075055187636
87277,0,0.1936936936936935
87302,16,0.0048780487804878
87298,0,0.1397306397306394
87292,0,0.0851513019000702
87299,13,-0.062612522504501
87321,0,0.1239349341595661
87337,35,-0.0196560196560197
87379,16,0.0007168458781363
87439,42,0.1675874769797423
87430,35,0.1448598130841121
87378,0,0.513157894736842
87394,0,-0.0405594405594406
87419,0,-0.0384615384615384
87415,0,-0.0365521003818875
87414,13,0.2412587412587412
87424,56,-0.0722891566265059
87373,0,0.0844009042954032
87418,0,0.1585653610193487
87384,0,-0.0529411764705881
87510,0,0.1128571428571429
87445,0,0.0535353535353535
87482,15,0.1574193548387097
87494,0,0.0950819672131146
86806,47,0.1149425287356322
87507,28,0.2227687983134221
87478,34,0.0450819672131146
87499,29,0.0252707581227435
89067,12,0.0
87525,4,0.0242917338200743
88926,35,-0.1789506172839506
87632,0,0.6355140186915886
87539,0,0.1506944444444444
87541,28,-0.0099137931034483
87634,0,0.0510638297872341
87618,31,0.172752808988764
87583,12,0.4129032258064515
87588,7,-0.0809248554913294
87625,66,-0.0820512820512819
87589,55,-0.0099573257467994
87602,48,0.0662617338487023
87646,0,0.0119794637763832
87648,0,0.0
87649,0,0.0260586319218241
87601,42,0.1608478802992519
87644,63,-0.0169934640522876
87771,0,0.1283454987834549
87833,0,0.1353383458646615
87633,13,0.0908771929824561
87611,20,-0.0047941888619854
87612,0,-0.044806517311609
87619,34,0.1194029850746267
87587,0,0.1507197290431836
87797,0,0.0658914728682169
87752,0,0.0666666666666666
87825,66,0.2142051860202931
87814,35,-0.1111111111111111
87660,0,-0.006836707862214
87785,42,0.345919610231425
87812,0,0.0519019987105093
87657,50,-0.0785576303927881
87659,0,0.0855674399222115
87791,0,0.0537363560033585
87827,22,0.2665432670060157
88810,7,0.0778967867575464
87789,0,-0.1157432803071859
87801,2,0.0281578947368421
88207,0,0.0140237324703345
88784,7,-0.0115356885364094
88152,15,-0.0093684941013184
88199,56,0.1362098138747884
88204,56,-0.1551362683438153
88167,5,-0.0230547550432277
88468,42,0.1693363844393594
88213,2,-0.0357142857142857
88165,13,0.1784615384615384
88173,56,0.0583554376657824
88174,0,0.0372439478584729
88195,47,0.0089928057553958
88159,0,0.1136624569460389
88370,0,0.0061538461538461
88153,22,0.083941605839416
88246,1,-0.111358574610245
88338,50,0.0256410256410257
88478,0,-0.0146078933880061
88271,7,0.1895424836601307
88646,48,-0.0493962678375411
88157,63,0.0097323600973235
88182,0,0.0578231292517006
88255,56,0.3766233766233766
88260,35,-0.2169491525423729
88263,0,0.1740196078431373
23887,28,0.0441595441595441
88575,42,0.0576131687242797
88534,42,0.0970406056434962
88248,35,0.0294117647058824
88264,3,-0.0038095238095237
88262,0,-0.0721518987341772
88237,5,0.1274087932647332
88249,0,0.1576433121019107
88343,38,-0.044325290437891
88319,16,-0.0944785276073619
88352,13,-0.0594594594594594
88331,22,0.1371191135734073
88335,0,0.12751677852349
88281,0,-0.0112877217231051
88313,0,0.0182555780933062
88280,31,0.016015734756954
89320,0,0.0336057881924138
88332,7,0.1285714285714287
88287,0,-0.0512820512820513
88359,42,-0.4820143884892086
88439,63,0.0274977085242897
88417,31,-0.0198863636363635
19675,10,0.0372388737511353
88457,63,-0.0416391275611368
88448,0,-0.015
88432,0,-0.0327272727272727
88419,29,0.0966542750929368
88485,0,-0.0134408602150538
88421,0,0.2729549248747913
89331,12,-0.0666666666666665
88423,13,-0.2034682080924856
88446,13,0.3305084745762712
88510,10,0.0781824256598731
88511,12,0.0948905109489051
88580,0,0.0362239297475301
88550,0,0.1151792524790236
88542,31,0.1133333333333332
88504,0,0.1355206847360912
88497,2,-0.0119999999999999
88545,0,0.1507092198581561
88577,56,-0.1304347826086955
88574,0,0.20817843866171
88535,7,0.0539629005059021
88564,20,-0.0925925925925925
88499,15,-0.0336408030385242
88572,42,0.0652051714446317
88554,22,0.0725806451612904
88503,16,0.2679738562091502
88583,42,0.1018518518518516
89395,0,-0.071508379888268
88587,0,0.1197552447552448
48506,47,0.0140715815234016
88648,0,0.0384615384615385
88627,12,0.4514516129032258
88634,0,0.0711737424188367
88739,13,-0.009009009009009
88620,12,-0.1954887218045112
88626,47,0.1341463414634147
89366,0,0.3639846743295021
88642,22,0.1455108359133128
88615,0,-0.0057471264367817
88733,0,-0.1863354037267081
88661,47,0.1523255813953488
88748,0,0.129250060284543
88675,0,-0.0375707668553783
88743,0,0.0234375
88727,16,0.0637417218543046
88750,63,0.026936026936027
88868,57,0.0695721711315473
88799,13,0.0481927710843372
88817,0,-0.0089249492900608
88792,36,-0.0008244023083265
88809,22,0.0913705583756345
88801,47,-0.0193062093700964
88813,7,0.0260869565217392
88807,0,-0.1256490134994808
88790,0,0.1525821596244132
88791,13,-0.111111111111111
88786,0,0.2866666666666666
89029,22,0.1263001485884101
88860,16,0.2179261862917396
88831,0,0.2443729903536977
26382,0,0.2058261700095509
88949,22,0.0905349794238681
88839,0,0.1355555555555556
88917,13,0.1373074346952445
89174,4,-0.0655853314527503
88906,13,0.1637791012452627
88910,15,0.0597964376590329
88908,34,0.0512437810945272
88915,42,-0.0982142857142858
88892,0,0.1453154875717017
88897,0,0.056
88945,13,0.251991079961771
88922,22,0.028759244042728
89035,34,-0.0004027386226338
88991,22,0.1411092985318107
88895,0,0.0967078189300409
88943,28,0.1535742340926944
89497,42,0.1348284247500675
89004,0,0.1256983240223463
89290,0,0.1637258924907672
89006,63,-0.0353337072349971
89110,0,0.0469536053661263
88970,36,0.0365217391304348
88964,20,-0.037190082644628
89046,0,0.0189690721649484
88994,0,-0.0147928994082839
89040,0,-0.1196410767696909
89208,22,0.0230769230769232
88982,2,0.0443458980044346
89031,0,0.2154046997389034
89002,5,0.100199311469469
89030,34,0.0057915057915058
89014,5,0.0590809628008752
89367,7,0.2012102874432677
89036,0,0.2168498168498167
89044,22,0.2910583941605837
89215,0,0.0648421052631578
89070,0,0.0668148148148148
89327,0,0.1650485436893203
89300,7,-0.1666666666666666
89413,3,0.0543859649122806
89203,0,0.093032462391132
89179,63,-0.009474367293965
89347,42,-0.0756880733944954
89313,22,-0.048606994665086
89244,0,-0.0166892196662156
89265,22,-0.0496760259179266
89269,56,0.4349148418491482
89172,12,-0.2575757575757575
89243,0,0.0517621145374449
89224,0,-0.0313026727666747
89217,22,0.0631451123254402
89225,0,-0.0176991150442478
89230,5,0.0842922899884925
89307,0,0.0318085428657983
89252,0,-0.0418215613382898
89262,0,0.0563424614416117
89297,13,0.2217428817946505
89308,0,0.0068571428571428
89370,0,-0.0755627009646301
89353,12,0.3593073593073592
89383,57,0.06733048838312
89409,22,0.0459132189707367
89390,0,0.0555852485301977
89332,0,0.1662551440329218
89431,36,0.0317394888705688
89410,0,0.0662009314703924
89424,0,-0.0005118950976996
89387,0,0.0436374732987487
89394,0,0.0433542498573871
89355,20,0.0522875816993462
89445,0,-0.0243902439024389
89471,0,0.2156368221941993
89453,0,0.0461938841899804
89407,35,0.0565552699228792
89418,0,-0.0582362728785357
89426,0,0.0328697850821746
89406,0,0.0645375914836994
89443,0,-0.0034930139720559
89482,28,-0.0098556846180922
89463,0,0.070326958667489
89484,20,-0.016593607305936
86786,0,-0.014601585314977
54594,0,0.0922818791946309
11790,0,0.059647923431892
13056,0,0.0341695501730103
50091,0,0.1024984948826008
14526,0,0.0578566732412886
11581,0,0.0247504990019959
15203,3,0.3099315068493151
16126,0,0.0358904109589042
17137,36,0.0172413793103449
85885,7,0.2863070539419086
85914,0,0.0315533980582523
18092,15,0.1755203479341411
84839,35,0.507042253521127
20670,0,0.0919540229885058
64899,22,-0.0434747826086956
22905,3,0.2078587699316629
47175,0,0.0744723217841498
23660,28,0.0139603232916973
23975,0,0.0685470646113479
82542,0,0.2278056951423783
30680,42,0.3089030988686672
56274,18,0.0682189542483659
31318,0,0.1039290240811154
31668,29,-0.0101449275362319
54391,50,0.0707582582582582
32046,5,-0.0282186948853615
32054,0,-0.0315533980582525
47511,0,0.0609699769053118
33188,0,-0.2016666666666666
53866,0,0.0071819425444596
60628,0,0.0539197644460802
57330,31,0.0482529118136438
37875,22,0.05759385665529
20765,0,0.0202492211838005
17144,0,0.0038869257950528
39328,63,-0.1154202898550724
26657,0,0.1490863787375416
40540,4,-0.3854961832061069
22250,0,0.050221565731167
41452,0,0.4014806378132118
84226,28,0.0415329052969501
89181,0,-0.029968454258675
64020,0,0.0141843971631205
51423,0,0.0879407923378319
67002,0,0.1927710843373493
52090,0,-0.015271195365982
53613,5,-0.1695402298850574
54114,0,0.0020461853259281
55213,0,-0.0156083717630365
51377,57,0.0322991925201869
57665,0,0.0486190367496004
67010,0,-0.1169544740973312
34948,0,0.2300163132137032
35107,0,-0.0303030303030302
61621,0,0.0713704206241518
51692,0,-0.1185983827493261
65307,0,0.0084254870984727
66852,0,0.0620155038759691
46922,3,0.0308370044052863
67193,0,0.2448253557567916
77354,0,0.0086677367576244
69199,0,0.0297745640153126
38850,0,0.0334990840094215
72128,0,-0.0531914893617021
72486,0,0.0847994370161857
27764,50,0.0565902578796559
44951,57,0.1264755480607082
65429,0,-0.0466601178781924
74500,20,0.0473488981016803
74740,0,0.0489795918367346
65752,0,0.2733439744612929
40061,0,0.0497753197372969
75433,7,-0.0243902439024389
40694,0,0.1928543987706492
76129,0,0.1020408163265307
65306,0,0.1539692701664532
92874,20,-0.0104235387254254
81294,0,-0.0470984020185029
19502,0,-0.0159945933768866
81614,0,0.1262798634812285
51086,0,0.0608667941363925
83601,28,0.0128956623681126
62042,18,0.0733157199471599
68304,0,0.0802997801356331
88867,63,0.2284694332887105
21785,47,0.0673575129533678
65067,66,-0.0273437499999998
10044,0,-0.0405305821665439
69032,0,0.048278699766836
10104,0,0.0411499436302142
75510,47,0.0210891617725572
11161,0,0.172077922077922
11353,0,-0.0256696428571429
75033,31,-0.0574712643678161
75110,56,-0.180327868852459
12211,0,0.1440000000000001
75434,10,0.0191304347826086
80297,55,0.0065252854812398
75976,0,-0.05085529357374
75857,0,0.0245398773006135
77488,0,0.0857142857142856
76355,16,-0.0357142857142858
76858,12,0.7180487804878051
76279,0,0.0977845683728035
76568,0,0.0061919504643963
76990,0,0.0656312625250501
76605,3,0.0842207163601163
76752,0,0.1073076923076923
77163,0,-0.0318949343339587
77478,0,-0.0844640434192673
79580,12,-0.2313725490196078
77637,0,0.0309653916211292
77667,28,0.1238604212511789
79094,0,0.0049002450122506
79262,4,0.0620437956204378
79255,0,0.0002469135802467
87055,0,0.0744766505636072
79866,47,0.108433734939759
80032,0,0.1235194585448391
80393,0,-0.1055900621118013
80599,0,0.0538857297590036
80553,42,-0.0634755463059312
80719,0,0.2926577042399172
80763,0,-0.1075441412520065
81078,0,0.0291258741258741
81300,29,0.0130975769482646
81655,0,-0.0134212385213091
82738,57,-0.0152671755725191
82777,0,0.0044182621502208
83148,0,-0.124074074074074
83597,5,0.0479719991764462
83957,0,-0.0075187969924812
20598,31,0.0377073906485672
84649,12,0.0975609756097561
84746,20,-0.1511111111111112
84785,0,-0.0948275862068965
85040,7,0.3076923076923077
85982,3,-0.0864036517769808
85272,0,-0.2418918918918918
85394,0,0.1251655629139072
87579,7,0.1904761904761904
87467,63,0.0638297872340425
85796,0,0.0560866794136392
85972,0,0.0665127989928662
86251,7,-0.0267857142857143
86724,13,0.0388768898488121
87092,50,0.030066815144766
89416,34,-0.0354706684856752
87184,0,-0.2229601518026565
87214,29,0.0478468899521531
87484,35,-0.2592592592592593
87800,42,0.0542582417582417
88193,0,0.1233396584440229
88668,63,-0.0593490746649648
88841,0,0.080253826054498
88873,63,-0.0068166325835037
89271,63,0.0510344827586206
89216,0,0.0911894273127753
