firms,clusters,mom1
50906,7,0.1838383838383837
11157,2,-0.1049030786773089
50032,4,0.0313465783664459
47730,4,0.0367604824813325
13777,3,0.0853471155189271
38746,3,-0.0063131313131312
60871,9,0.0481927710843375
14198,1,0.0438489646772231
45583,6,0.0
14702,2,-0.0334224598930481
15537,3,0.1536679536679537
68830,1,-0.0854519774011299
85631,10,0.0451586655817739
49373,6,0.0462344229727289
18570,6,-0.0261860751694393
18973,6,-0.0706748466257669
19271,2,0.0508280254777071
29938,6,-0.4873646209386281
10866,5,-0.02478249406802
20248,1,0.0588817417120235
25320,4,-0.0175373134328359
21726,6,-0.0529147982062779
21742,6,-0.0571913929784825
11267,8,0.0219512195121951
86474,3,-0.057788944723618
22825,9,-0.0518838789376159
65533,5,0.0480769230769231
80416,5,0.1015000000000001
24572,1,0.1376146788990824
24951,1,-0.0899999999999999
26201,5,0.116359847169156
82165,7,-0.0113636363636363
65541,9,0.0269467430511349
27562,10,-0.0195924764890281
27677,3,0.001025641025641
27909,10,0.0605504587155962
63546,7,0.2809523809523808
49154,1,-0.0114583333333332
19350,5,-0.037663335895465
76769,1,0.2118320610687021
49429,4,0.0303766707168893
61313,5,-0.0868830290736983
80971,5,-0.0458598726114648
12008,5,-0.035421327367636
31500,8,0.0302947598253275
87581,10,-0.0918997457319288
33209,2,0.0887772194304856
50788,6,0.0404949381327333
33690,7,0.5571847507331376
34121,2,-0.0909090909090909
34287,2,0.13464447806354
77462,6,0.0074262677699976
46295,1,0.189083820662768
37058,2,0.1333333333333333
47036,7,0.1090573012939002
21055,1,0.1434236615994712
47888,1,-0.0062814070351758
83233,6,0.064770487186708
40468,10,-0.0330788804071247
39765,5,0.0672187043351193
85987,7,0.0659340659340659
32678,9,-0.1895604395604395
23077,4,-0.028822399121603
41663,9,0.0531400966183575
27828,1,0.0356987374836743
66181,1,-0.0005635390250775
32870,8,0.0449438202247192
66587,5,-0.0034260378879482
42922,3,-0.1383177570093456
12503,6,-0.007099603257465
45744,5,0.0140941904434515
46149,6,0.046618516086671
47133,9,0.1846635367762128
57437,5,-0.0046341463414633
47571,4,0.1314285714285714
16678,2,0.0010804970286331
48291,7,0.1510312707917498
48347,8,0.059580552907531
64282,1,0.00942872989462
53612,8,-0.0998383185125302
61399,9,-0.0332189925979419
13100,8,0.1317509459924319
51984,6,-0.0109589041095889
27617,1,0.0052199850857568
64637,5,-0.0199004975124379
60097,1,0.0125488582596173
60548,8,0.0496894409937886
54843,2,-0.0666666666666667
56777,5,-0.0165458263617771
57745,6,0.1042253521126759
57809,6,0.0465183472984687
57817,5,0.1457725947521866
57884,7,0.1473354231974921
79611,5,0.010272759475735
56733,7,-0.008298755186722
59185,5,0.0590823381521057
35051,6,-0.0309355199403652
90924,7,0.5694214876033059
18403,6,-0.0038051750380517
35238,3,-0.0362920857017928
13936,6,-0.0163472378804959
49971,9,-0.0379659456971928
63686,5,0.1954430379746834
63715,8,-0.0370757180156656
42307,5,-0.0299349240780911
62033,5,-0.043728813559322
67177,1,-0.0249622926093513
91556,1,0.0525321239606955
68065,5,0.0185507246376812
39773,2,-0.0244897959183674
50948,1,0.0953427065026362
70923,4,0.1115942028985508
42585,5,0.028703908147494
72005,8,-0.0219155844155843
72961,4,-0.0284697508896797
76081,5,-0.4663820704375667
60580,8,0.0258620689655173
61065,1,0.1170886075949366
50278,6,0.1055577768892441
66368,2,1.3855421686746987
37807,8,0.0016187778227438
80179,4,0.0
80857,10,0.0292587776332899
59627,2,0.1574803149606298
81190,6,-0.0287610619469027
55976,1,0.0150801131008484
82924,8,0.0276603918555511
82991,1,0.3717948717948718
83011,10,-0.0765027322404372
15456,5,0.0550106609808103
40539,1,0.0426303854875282
34228,10,0.1578947368421053
10025,2,0.1294794126707052
90609,3,0.2041785375118709
75494,3,0.0564150943396226
69411,10,0.3295454545454543
67467,9,-0.0056298381421534
10089,2,0.2519685039370078
10182,9,0.0440917107583773
10259,3,0.0504648074369189
10501,5,0.1326067211625796
77420,9,-0.0968054211035818
10514,10,0.053370786516854
10659,3,0.5566615620214392
10645,3,-0.1889054643902978
10709,6,0.0451612903225806
86917,1,0.0826359832635983
75527,9,-0.0705019740552735
10942,1,-0.0022740193291642
10984,3,-0.0056193501099437
11132,3,-0.2004938271604938
71837,1,0.0369230769230768
11154,1,-0.0286144578313253
11343,3,0.2193548387096775
71685,4,0.0605112154407927
11382,6,0.1303191489361703
11379,10,-0.015850144092219
11426,7,-0.0363636363636363
11278,3,0.1109062980030721
75066,10,0.1685082872928178
11174,3,0.2321761851437103
75100,6,-0.1230088495575221
87281,5,0.028507546115148
11663,10,-0.0895522388059701
11805,8,0.0040083985493415
11081,9,-0.0158917010005885
12266,10,0.0995475113122172
75489,5,-0.0252747252747252
76008,5,0.2102689486552569
12106,10,-0.0270270270270269
75905,10,0.0027173913043478
76052,2,-0.0581929555895865
76215,1,0.1
76076,9,0.0610813041683864
85735,7,0.1462450592885376
76322,6,0.0470879801734818
76937,5,-0.0882352941176469
76671,5,0.0384615384615385
76217,2,-0.115267947421638
56354,9,0.0392857142857143
79315,3,-0.1072374227714033
76673,10,0.2610526315789474
77007,4,0.0604790419161678
86590,9,0.0346153846153844
76839,6,0.0128834355828222
76847,3,0.1117117117117116
77077,9,-0.0767213114754098
77045,1,0.1232394366197182
77357,2,0.0422327229769639
77403,2,-0.0337837837837837
85837,2,-0.0438095238095238
77501,6,0.0560669456066944
77505,7,0.1052631578947367
77530,9,0.2888349514563106
77584,9,0.1625282167042889
77606,2,-0.0142412105028927
77897,6,-0.0302748020493711
77699,7,-0.0015360983102917
77830,3,0.0782978723404255
77862,5,0.0539174389216512
78216,4,0.0228758169934639
78034,5,0.0300046882325362
78050,3,0.001547987616099
78200,5,-0.0159327925840093
78816,6,0.1562804284323273
78881,5,-0.0515624999999999
78975,9,-0.047105561861521
78999,7,0.0924170616113744
79007,6,-0.0824858757062148
78963,5,-0.00297699594046
78956,5,0.1168465509150633
78953,3,0.1617773943054357
78972,10,-0.1514799767846779
79156,3,0.1134751773049644
79195,3,-0.1373157486423585
79307,3,0.4365079365079367
79411,3,-0.0088235294117647
79667,6,0.030441400304414
79742,2,-0.0615989515072084
79683,7,0.0775075987841944
79881,3,0.0928475033738192
79922,4,0.055880441845354
79847,3,-0.0003072668612691
79808,4,0.1134593993325916
79797,7,0.2710280373831775
80114,7,0.5561797752808988
80290,9,-0.146341463414634
80274,3,-0.0248756218905472
80233,5,-0.0906560636182901
80245,3,0.391812865497076
80359,2,0.0333333333333334
80348,8,-0.013157894736842
80320,9,0.0150602409638553
80432,7,0.1353658536585367
80544,3,0.2652061112712598
80549,10,0.0318396226415094
80592,6,0.032588454376164
80669,9,0.1340872374798059
81165,7,0.0361111111111109
81212,2,0.1909090909090909
81553,1,0.0495399858457181
82160,10,0.0254506892895016
82737,2,-0.0041666666666665
82467,10,0.0529157667386608
82598,10,0.0949119373776907
83163,1,0.1707602339181284
83170,5,0.2288135593220339
83111,2,0.0676072898295119
83275,9,-0.0496613995485326
83399,7,0.1255106353007467
84326,7,0.3928571428571428
83351,9,0.1254932912391475
83391,3,-0.0493827160493827
83429,2,0.170940170940171
83526,4,-0.0638297872340424
83808,7,0.6525641025641025
83861,3,0.02
83926,6,-0.0755052187430601
83956,10,-0.0154440154440154
83976,7,0.0481586402266287
84044,9,0.2764285714285714
84084,6,0.0436241610738254
84275,5,0.1091617933723196
84255,10,0.3103896103896104
84229,9,0.2005649717514124
84329,7,0.2060301507537687
84416,7,0.3254545454545454
84588,4,0.0394117647058824
84519,2,0.1051829268292683
84534,1,0.1214797136038183
84625,7,0.4517241379310346
84721,7,0.0235772357723575
84761,5,0.0062456627342122
84730,3,-0.1093023255813953
84834,2,-0.1098265895953757
85019,10,0.1333333333333333
85232,1,-0.0570557491289199
85314,3,0.2601957585644372
85390,5,0.0059857837635615
85402,5,0.2183406113537118
85477,9,0.0344827586206897
85464,6,0.0299488677867056
85550,9,0.059090909090909
85729,3,0.1002604166666667
85819,5,0.3288385826771653
85900,5,0.0394246137453384
86037,7,0.1348837209302325
86055,10,0.0692362598144182
86189,6,0.0790943840047047
86209,10,0.1229314420803782
86187,7,-0.1719745222929936
86139,7,0.2499999999999997
86259,9,0.1013543031891655
86580,7,-0.0409482758620689
86594,9,-0.0404797601199399
86735,7,0.2610354223433242
86913,3,0.0936106983655273
86878,2,0.0191938579654509
86881,2,0.1072664359861592
86959,3,0.0958115183246073
87057,2,-0.2408163265306122
87149,2,-0.0936018957345971
87153,2,0.0473790322580645
87255,7,0.4527027027027026
87356,8,0.016030534351145
87310,7,0.1421319796954314
87333,3,-0.176685436006696
87343,7,0.0708812260536397
87390,7,0.0766773162939298
87432,1,0.2606019151846785
87377,3,0.1138502913491708
87498,7,0.0204603580562658
65832,4,0.0805970149253729
66413,5,0.0124917817225509
21020,7,0.2664092664092663
11499,2,0.1393939393939394
62500,9,0.2570452604611442
81912,8,0.0475330926594463
27991,4,-0.019240379810095
20482,1,-0.0755364806866953
10656,5,-0.3731401722787782
11647,10,0.0484126984126984
60038,5,0.0185185185185183
85084,3,-0.0841121495327102
79678,10,0.0378912685337724
61487,10,-0.0811808118081182
61241,10,-0.0026845637583893
28222,9,-0.0552716259700928
11368,5,0.1147572815533979
11456,7,0.1341463414634147
28804,8,0.018688164162697
11587,5,-0.0360915492957746
42083,6,-0.0063411540900443
48514,10,0.0042158516020236
11691,6,-0.039111111111111
71271,9,0.047191011235955
10137,7,-0.0109717868338558
10145,1,0.0804666467244989
41443,4,0.0450837269214254
45911,7,0.2195402298850575
24643,9,-0.1005263157894736
84260,3,0.0813186813186812
28484,2,0.0605604664284371
80778,3,-0.0975806451612903
81073,10,0.069767441860465
39482,2,0.148051948051948
10225,5,-0.0187438802629736
12758,3,-0.1952200951103525
24109,4,0.0701409373975745
57904,4,0.0193477059148701
15667,2,-0.0353356890459364
66800,2,0.0478273989136994
10488,9,-0.0492831541218639
13470,5,-0.034409175780208
13507,1,0.0683001893939394
13603,3,-0.0709555345316934
58560,9,-0.0174273858921162
13769,5,0.01
81285,5,0.054617676266137
69200,1,0.1129653401797174
10401,1,-0.0413793103448275
11144,3,0.0405874499332441
85257,6,0.0671363447990054
14008,1,0.0464476452500404
14059,10,-0.049107142857143
18075,8,-0.0051207022677396
62770,8,0.0081632653061223
14219,1,-0.115727002967359
14227,1,0.3838526912181303
87119,2,-0.1316
29073,2,0.3414634146341464
14323,7,0.4788610871440897
83112,6,0.1335880253021857
29102,1,0.0602409638554217
59184,1,-0.0372057706909643
77828,1,0.0319371727748691
29145,5,0.1814595660749505
39490,5,-0.5255240443896424
14593,1,0.0556855404773044
10516,9,0.028909329829172
14868,5,-0.0387096774193548
77595,6,-0.0979020979020979
29209,9,0.1564390665514261
24272,9,0.0510667271901952
15457,2,0.1209255533199196
15553,8,0.00893470790378
15721,4,0.0360050093926112
69542,5,0.177272727272727
44644,4,0.0792729108810905
15991,3,0.2012135922330096
16030,6,0.0655293799079339
44601,4,0.1096037129596572
80073,5,-0.0070921985815602
27684,9,0.216528162511542
40416,10,-0.061786931397244
53110,6,-0.0956749672346002
85754,1,0.0089090909090909
62797,1,0.0229885057471266
52484,1,0.0531400966183575
75034,4,0.0907960199004975
10318,9,0.0087719298245614
58755,8,0.0179431072210065
57568,9,0.0503609199261372
24221,9,0.0273237997957098
16505,9,-0.0131549609810479
16548,6,0.0376777251184832
55781,6,0.0172330097087376
49656,1,-0.0413647342995168
16890,6,0.1358024691358024
46877,6,0.1593846153846154
39693,5,-0.0331166821417518
26518,6,0.035645472061657
27887,2,-0.0448885976408912
29612,6,0.0347862531433362
39642,6,0.0952843947496353
17444,5,0.0809364548494984
65875,2,0.0507411630558722
29639,9,0.0894941634241244
65883,4,0.0328621908127209
65509,8,-0.0278757939308397
43772,8,-0.0306
11510,1,0.1754111198120596
85640,10,-0.0710128055878928
61508,6,-0.0672413793103448
18033,2,0.0412147505422992
20220,9,0.0391321978913219
61946,1,-0.0010056989607776
62519,4,0.0489510489510489
65154,10,0.113087674714104
19561,1,-0.0092548647365923
42024,9,-0.0124771758977478
18650,2,0.2318059299191375
52230,1,0.006426735218509
87146,4,0.0092783505154638
66130,4,-0.0336860289354351
11901,2,0.5625
60898,9,0.0314061384725194
39757,9,-0.0306818181818183
47642,8,0.1194690265486724
17961,5,-0.0201780415430267
86079,3,0.1095238095238095
19393,1,-0.0192307692307692
10874,6,0.0948790449261702
55597,10,0.1058131939908555
19722,3,0.2029023746701848
50227,8,-0.0068006182380215
19880,7,-0.1519243754220122
10890,9,-0.0680134680134679
79732,7,-0.0350877192982455
20117,8,0.0252281266774021
20125,7,0.5004492362982926
45655,6,-0.0058015267175571
64186,2,0.0786086956521738
67838,9,-0.0325701386649468
47626,2,0.0692946058091286
20299,4,0.0312913907284768
20336,10,-0.0048622366288493
62148,8,-0.1218697829716193
28564,4,0.202608695652174
86290,7,0.323076923076923
20459,4,0.1727078891257993
46690,8,-0.0113065326633166
20504,3,0.1925108017282766
20512,6,-0.0902920608802961
20571,9,0.0192307692307691
56602,7,0.1123595505617978
20750,4,0.0397810218978103
85073,7,0.1761168384879723
84837,10,-0.0501567398119122
21371,1,0.0482341399607586
27334,6,-0.0443641143608282
23114,4,-0.0106053910737957
20618,10,0.0233344606019614
56952,4,0.0369843527738265
30402,1,0.0328767123287672
18542,5,-0.0589014695254155
53831,3,-0.016256386437529
22032,9,0.0012706480304955
22437,8,-0.0144989339019189
64557,4,0.010567296996663
63503,6,0.0106382978723404
60599,4,-0.190680564071122
22374,3,0.1743981209630063
22518,10,0.0836820083682006
41419,10,-0.0457142857142857
22913,2,0.1844660194174758
22921,6,0.054997355896351
64194,6,0.3683297180043383
21960,8,-0.1106495468277946
23182,8,-0.0099808061420345
14541,9,-0.0004630165528418
30509,1,0.0422065901517956
23297,1,0.0660434258142341
23318,6,-0.0856440856440855
23393,6,0.0063131313131312
79026,4,-0.0239208138575748
47677,7,0.0891089108910891
22680,2,-0.0815347721822541
23537,2,0.1434511434511436
86685,8,0.0213936430317849
23916,6,-0.0257566001287828
24046,1,-0.0392910527439674
27422,3,-0.1287536800785084
24097,3,0.0060180541624872
46578,1,0.0065897858319605
56741,6,0.0248481501932633
24193,3,0.1161524500907442
11995,8,-0.0397275822928491
11308,1,-0.0297536945812807
24441,3,-0.0570934256055363
64901,7,0.0119402985074625
24476,4,0.2823529411764705
30648,1,0.0630536737884313
18729,7,0.0243756243756245
24548,7,0.7412140575079873
25081,4,0.0187299322154834
25129,8,-0.0020399836801305
25348,1,-0.0254304635761589
25452,4,0.0861423220973782
25989,8,-0.2458830210107893
25487,6,0.0170633138751683
30744,8,0.1028257456828884
25778,1,-0.043891733723482
25786,7,-0.0641178813221824
26009,10,0.2464788732394365
40125,1,0.0094958173185621
26084,1,0.0462724935732647
26252,4,0.0688775510204082
79618,10,-0.053553384978107
86743,4,-0.1111111111111111
26463,4,0.0126582278481013
11404,4,0.0190653336433388
41929,8,-0.0578171091445427
26607,5,0.119327731092437
26650,3,-0.04434250764526
23229,2,0.0305164319248825
30840,9,0.007695126419934
38914,8,-0.0181470869149953
21979,6,-0.028137407215605
27430,6,-0.0519176800748363
59248,1,0.0078431372549019
22293,7,0.2387344199424736
64565,5,0.1015161502966381
27474,8,0.1008291960177798
20204,6,-0.0227716330513988
27618,4,-0.0283286118980169
38420,2,-0.0097629009762901
53575,8,-0.0284857571214391
17726,10,-0.075055187637969
31077,4,-0.0491304347826087
27888,8,-0.0034508257333004
41080,6,0.036575398447078
18091,1,0.0142190624305709
83186,1,0.0251436781609195
19828,2,-0.0143824027072757
86786,3,0.0585714285714285
11607,9,0.1335149863760216
66472,3,0.1049723756906075
28629,5,0.0169491525423728
28840,8,-0.0357043235704324
11183,1,0.0570824524312896
29050,7,0.3333333333333332
29058,2,-0.0332203389830508
22859,4,-0.0306513409961686
60273,6,0.0920634920634921
45110,5,0.2004000000000001
26112,2,-0.1109229466553768
29285,8,0.0897703549060544
61743,7,-0.0227437696588433
11674,4,-0.0076142131979695
76708,4,0.1790688420214883
29736,1,0.3289036544850499
29752,9,0.0553256371160968
65226,10,0.0334773218142547
29867,2,0.0562962962962962
40440,6,-0.0274735474289956
79322,9,-0.0073973616076933
44943,5,0.1526315789473684
30147,5,0.1636245110821381
26403,4,0.0287183883411916
10886,5,0.1744791666666667
30307,10,0.1363636363636364
38682,9,0.0364842454394693
30593,3,-0.0681967213114753
25953,8,0.0394968553459118
20626,9,0.0091412076016359
58990,1,-0.0074222668004012
54279,8,0.0432048681541583
30681,8,-0.0564525363563493
30761,1,0.1808035714285714
11703,1,-0.0433645674438876
63132,5,0.1051454138702459
27959,2,0.0625916870415648
25072,4,0.0381679389312976
30940,8,-0.0780651340996168
31051,5,0.1611111111111109
31070,9,0.0105393676379417
31078,9,0.247682119205298
42200,1,0.209724663151728
63159,6,0.2295081967213115
31480,8,0.0396419437340154
11754,2,0.10673938449552
11762,6,0.0756621596591962
70578,2,-0.0073072707343806
31552,10,-0.0304259634888438
82855,4,0.047191011235955
77481,2,0.0378510378510379
44185,6,0.0749063670411984
32062,9,0.1253012048192769
32110,6,0.0506329113924051
22103,8,-0.0131274131274131
81124,10,0.0132978723404255
23042,4,-0.0059279525763793
32540,1,0.0168665667166416
26470,6,0.0480136485498414
32636,2,-0.0387596899224805
32791,4,0.1200000000000001
62834,9,-0.0527545909849749
32986,1,0.0534979423868313
33137,2,0.1152882205513783
52476,1,0.0616326530612245
24328,4,0.0226001863932898
33420,5,0.1450381679389312
33532,5,0.0862018240659017
31691,9,-0.0096153846153845
33567,3,-0.1001064962726305
42550,3,0.1042524005486966
33612,2,-0.0177777777777777
87696,2,0.1749271137026238
87717,1,-0.0066383430695697
33815,10,-0.081967213114754
33823,1,-0.0334448160535116
11850,1,-0.0051219512195122
19166,1,0.0017579841781423
24205,1,0.005044328951391
34367,1,0.0031847133757962
34463,4,0.0119205298013245
47706,4,0.0559360730593607
21135,8,-0.0463065049614113
34818,6,0.0462215700660306
34981,10,0.0791062801932369
35044,8,0.0080645161290322
10342,5,0.0726326742976066
35167,4,-0.0424197713021025
35263,8,0.0126409292791254
10777,8,-0.0205809128630706
66157,8,-0.0507051712558764
36397,9,0.0072562358276644
36469,8,-0.0075123417042284
36709,2,-0.0264462809917355
54244,1,-0.0076335877862595
36768,5,-0.0453333333333333
27748,8,0.0
37023,4,0.0373417721518987
56784,6,-0.2461257976298997
37154,4,0.2260869565217391
25785,7,-0.09125
45241,7,0.2053398058252427
37234,1,-0.1302065103255162
37402,6,0.1923076923076923
37568,1,0.0023144321375434
37584,6,0.109681137149443
58421,9,0.1755952380952381
37832,3,-0.0768072289156626
37955,8,0.0536054421768708
12036,1,-0.1922802001429592
38093,8,-0.0372422283779624
47941,8,-0.0386944818304172
87031,5,0.0206262691033451
38333,5,-0.0933333333333332
12052,9,0.011505697532913
12060,4,0.0855390574564236
46834,7,0.0410958904109588
12079,7,-0.0696629213483145
83596,2,-0.0236348818255908
55212,4,-0.0351980955619792
38659,5,-0.0115489130434782
46674,8,-0.0072289156626507
23915,9,-0.0837952396478644
39029,2,0.2250000000000001
16424,1,-0.0130683365096649
57154,4,-0.0361445783132529
53479,5,0.005233065219498
32299,9,0.2539682539682539
12140,8,0.0390703940720782
16432,2,0.2086513994910941
53604,8,-0.0428030303030302
85908,7,0.2140077821011674
39571,9,0.0281795511221945
60468,1,0.1313725490196078
52695,8,0.0158261236547794
39731,4,-0.048121292023731
32379,4,-0.0584773813902169
75897,10,0.0573333333333332
63976,10,-0.0165254237288136
40097,8,-7.318644423082166e-05
19721,4,0.0027999999999999
84808,2,0.0285714285714286
65939,8,0.0267929634641406
67942,1,0.020618556701031
23819,1,0.1596153846153845
40970,7,-0.0940170940170939
50905,9,0.0293040293040294
25582,8,0.2827404479578392
25304,6,0.0497489730716567
52978,6,-0.0718984962406015
41188,10,0.0992366412213741
10294,6,0.0569999999999999
41241,6,-0.0903832248734635
41292,5,0.0374414976599062
32651,3,-0.0952955367913147
41444,7,0.2133072407045009
41487,1,0.1622934888241012
32707,4,0.0390261367704976
18016,1,0.0
16600,9,-0.0192232757500973
61567,10,0.0256410256410255
41807,9,-0.0353041259038707
52716,9,0.0070899129874315
23309,6,-0.0659661412726211
42140,1,0.3369098712446352
42439,5,-0.033471837488458
42455,4,0.1132686084142395
32897,2,0.2727272727272729
21792,2,0.0835913312693499
32934,6,-0.0836700736867126
44150,2,-0.0704761904761904
42877,9,-0.0259163272861904
42906,8,-0.0075555555555556
88795,5,-0.0396747967479674
87464,2,0.2033333333333333
42981,7,0.2974358974358972
43028,5,0.132544378698225
38973,8,0.0035046728971961
64258,2,0.713235294117647
64004,1,0.28
12570,6,0.0044468400485111
80210,4,-0.0484220669718139
21928,4,0.0294117647058822
56573,6,-0.0692408532951972
43634,10,0.1146496815286624
43757,2,0.0592105263157896
51633,4,0.0036511156186611
12431,6,-0.0198880377136121
12458,9,0.0104803493449783
88990,10,0.0059523809523809
44274,4,-0.0327272727272727
65293,5,0.3564954682779457
46463,5,0.0760118460019743
44506,7,0.0611531741409432
59328,9,-0.0477379095163805
44637,5,0.1329063250600479
77855,6,0.0439822707125809
44768,8,0.3815551537070523
44792,10,0.0167154199749268
89093,1,-0.005514705882353
58608,6,-0.0204678362573098
12490,1,0.0706732844195079
40272,1,0.0498281786941579
45277,1,0.0492997198879552
45306,5,0.18252427184466
21573,4,-0.0194850382741822
27705,5,0.0240841934831006
45373,3,0.0611570247933883
45437,5,0.0
45560,3,0.4200772200772202
53065,4,0.0602564102564102
45728,8,0.060688630170919
45891,1,-0.0033444816053512
57066,8,-0.1400313971742544
45955,3,0.0943952802359882
46042,10,0.5399578537850545
46077,8,0.0683925811437402
47984,5,0.0040322580645162
46229,9,0.2322206095791001
52329,8,-0.0651947510935221
82694,1,-0.070387243735763
86804,1,0.1490006056935189
80543,8,-0.0791599353796445
22111,7,0.0340689121176926
42534,5,-0.4931966930761281
46886,9,-0.025965152032798
51596,9,-0.0016920473773266
46923,5,0.087542778918549
46931,6,0.1081081081081081
46950,1,0.0015438054805094
47002,4,0.0408483896307934
42067,4,0.0548523206751054
24432,8,0.0439974858579508
12650,4,0.0293296089385475
24053,8,-0.0330864197530864
45890,1,0.0262697022767075
47205,8,0.0684984520123839
47248,8,0.1017759562841529
26825,9,-0.0070903361344536
47379,8,0.0196215837421163
44134,8,0.0666666666666666
25769,4,0.0479673047967303
47619,10,0.2444444444444444
83726,3,-0.0353535353535353
47707,6,0.0756358768406961
47715,4,0.0501607717041798
17750,1,-0.0005077001184633
33398,1,0.1785714285714286
59045,6,-0.0576261467889909
47969,4,0.1013400335008376
48960,8,-0.0058162078324932
48072,9,0.1506782945736433
48101,2,0.1996007984031935
48144,10,0.0201668984700973
89456,1,0.0177777777777778
48267,2,0.1600901916572716
47255,5,0.087912087912088
12781,8,0.0420315236427319
65656,6,0.0562685093780848
48486,10,-0.176470588235294
33603,1,0.0017331022530331
48523,6,-0.0520372010628873
48531,6,0.0472388556220892
48697,7,0.4123919308357346
48961,8,-0.0928333837314786
50286,8,0.0357388316151203
60943,8,0.1391585760517799
65330,6,0.1473179580202124
10092,5,0.0976172175249807
49227,1,0.0007698229407235
20415,10,0.0670281995661603
47802,4,0.0411595485726929
76966,1,0.1090909090909091
49534,1,0.0157894736842105
50876,1,-0.0325607848713208
81678,8,-0.0012126111560225
49905,8,0.008742244782854
21178,9,-0.0540856031128405
26710,2,0.0851365015166834
89675,2,0.0287859824780976
24360,8,-0.0089673913043477
68523,2,0.4905660377358489
56223,5,0.1895973154362416
43721,8,-0.0236777367773678
76489,6,0.0507649513212795
62906,2,0.1475409836065573
59774,4,-0.043179587831207
33849,2,0.028708133971292
66245,5,-0.0286821705426356
23835,4,-0.0079798404031918
34067,9,0.1372031662269131
50623,5,0.2126885075403015
50666,6,0.0014602803738317
89771,2,0.6823529411764706
50789,8,-0.0041335453100158
89790,9,0.4656488549618318
33937,8,-0.0502713510425592
51263,8,-0.0423076923076922
81311,4,0.0200523103748908
15069,9,-0.0184345723783622
45751,2,-0.020045938609313
51693,2,0.142857142857143
51706,4,0.0020915032679738
34032,8,-0.0273622765414082
35705,2,-0.0582524271844658
39538,9,-0.0186818889465489
51925,6,0.0630422209369578
51933,2,0.017857142857143
86281,5,-0.1666666666666666
51960,2,0.2057746478873239
13119,1,0.0283662477558348
43449,1,0.0366492146596859
89915,8,0.0829357798165137
17478,1,0.0729405034324941
81061,1,-0.0864427860696517
52231,7,0.2888482632541134
10507,3,-0.0475681453768038
52469,5,0.0167464114832536
59379,4,0.018685767673622
17005,9,-0.0110741971207086
52792,9,0.1803823773898587
52813,1,0.0832187070151306
52840,8,-0.0397103992979376
22752,2,0.0303030303030302
42796,8,0.0327801679983608
52919,8,0.002387041773231
53015,7,-0.0147275405007363
53074,5,-0.0270080321285141
53082,1,0.2060439560439559
87437,3,-0.0222222222222222
55546,1,0.1993243243243245
53373,2,0.1363636363636364
53480,5,0.0345940959409594
53640,10,0.2431660546715626
53656,2,0.0256410256410257
24010,6,0.0236303168212845
53859,4,0.0231527093596057
54181,1,0.2067363530778165
54253,5,-0.6414287511004906
54341,3,-0.1159646385855435
22592,1,-0.0698576972833117
24248,8,0.0702614379084967
54675,8,0.0483870967741935
54704,8,-0.000741289844329
54798,3,0.1589307411907654
54827,8,-0.0042992261392948
76591,3,0.1253481894150416
42614,6,0.0749999999999999
22779,1,0.1842857142857141
55467,8,0.0091674925668978
28345,1,-0.0727300566528862
65365,4,0.0313531353135314
59408,8,0.012806166853164
84372,9,0.0708762886597937
13303,4,0.1581196581196582
80345,7,-0.0981012658227847
90377,7,0.3691366417403126
55993,10,-0.147005649717514
56040,10,-0.0872873769024171
45487,1,0.052941176470588
80004,7,-0.0145681581685742
78900,6,0.1599999999999999
56232,9,0.0170889805539189
25590,4,0.0270049099836333
52337,2,-0.2274143302180685
58501,5,-0.0637499999999999
34497,9,0.029045643153527
56937,3,0.2204020848845869
56945,1,-0.014251781472684
57067,5,0.2928091050181065
38658,1,0.0722070844686648
57251,4,0.0018903591682419
57286,10,0.0145762711864405
64450,4,0.0020773824980526
34649,9,-0.0119145439605586
24096,4,0.049107142857143
47466,4,0.0169491525423728
60986,4,0.0729029424681597
21207,5,-0.1429746965644929
34673,4,0.0271398747390396
57534,2,0.2075812274368229
61815,8,-0.005176682421787
57780,5,0.1026265060240962
64311,8,-0.0570824524312895
28118,6,-0.041685292802861
84402,6,-0.0497435897435897
44206,8,-0.0456122954883491
38762,4,-0.0428441203281677
23931,4,0.0200235571260305
58246,4,0.0254969749351772
24766,1,0.0116108786610877
58318,5,0.0365168539325841
58334,8,0.0016260162601626
38703,8,-0.0251316012905417
34817,9,0.0055357142857144
11406,2,0.0662460567823344
58756,5,-0.0513201508743855
77555,10,-0.0421533773489081
58836,5,-0.122478386167147
34833,5,0.0428503787878786
72611,10,-0.0760869565217392
58975,9,0.1125
80378,7,0.0142348754448398
59089,9,-0.1292822185970635
23026,4,0.0659090909090909
59222,7,0.0819711538461538
24440,8,0.0099214551467547
13610,8,-0.0493519441674974
63714,5,0.0901213171577122
25232,1,0.0276268115942031
90705,3,0.3432343234323434
59871,3,0.0918666666666667
90721,4,0.0018639328984155
60098,4,-0.0067340067340067
51457,6,0.0343612334801761
60186,6,0.0474669100867184
77157,1,-0.0597140454163163
44230,9,-0.0662857142857142
60354,3,0.019543973941368
22509,6,-0.0904404873477038
60506,5,-0.0757753759398496
13688,10,-0.0331292761973351
86136,9,0.0359281437125749
75083,8,0.0470149253731342
61138,3,-0.0481964696853416
61146,5,0.081351689612015
61218,5,-0.0183908045977011
61269,10,0.3243243243243243
58675,2,0.3568627450980393
41355,6,-0.075798319327731
61322,2,0.1087231352718076
61496,1,0.0302663438256658
57509,9,0.2715105162523901
61787,4,0.0844961240310078
44353,1,-0.0446376811594202
61955,5,-0.007906558849955
22517,9,0.0450285714285714
62034,6,-0.000437636761488
35203,9,0.1142857142857143
13821,8,0.0099904852521408
13856,1,0.0137280137280138
50550,5,0.3781420765027321
27713,1,0.1414775470787059
62341,3,-0.1063291139240506
62368,1,0.1224489795918366
21936,7,0.0367959241437871
17806,5,-0.0055197792088316
21776,8,0.0093429776974081
52898,4,-0.0135746606334842
13901,6,0.0214994487320838
13928,9,0.0047277718468812
62958,6,-0.0613636363636364
63125,1,0.1748878923766814
24459,1,-0.000984736582964
63240,4,0.0124610591900311
80185,5,0.226646248085758
53815,8,-0.0752242926155969
60695,5,-0.1739130434782608
56143,9,-0.0607609312890403
49744,9,0.072763876905378
23501,4,0.0301944728761514
63811,1,-0.1274885145482389
63830,6,0.0303897819863467
77880,4,0.0058823529411764
64152,5,-0.0420932878270761
64195,5,0.0555555555555555
18163,9,0.012014417300761
55511,8,0.0711743772241992
23712,8,0.0374429223744292
25443,4,-0.0058897770298695
64929,6,-0.1538211382113821
64961,3,0.2704642296479029
65008,1,0.0364583333333332
87043,2,0.1698717948717947
65083,5,-0.0389299695519791
27756,6,-0.0005689900426741
65163,9,-0.0487914789020892
65270,5,0.0039343372676705
69649,8,0.0090185676392571
66683,1,0.0382165605095541
65518,3,0.4402895054282267
65700,5,0.2681481481481482
18286,4,0.0843373493975905
24942,4,0.0156458055925432
91380,5,-0.013733468972533
66078,10,0.0263691683569979
58771,8,-0.0704545454545454
76711,5,0.0931174089068824
66369,2,0.0762711864406779
76282,6,-0.1083287969515515
66799,8,-0.0839931153184165
66967,4,-0.0859044162129463
80294,1,0.013650374284456
84381,6,-0.0851123595505618
35991,6,0.0550770625566636
23990,9,-0.080543198314212
36003,9,0.121951219512195
23472,5,0.0242914979757082
45495,4,-0.0125161847216228
67847,3,-0.1806020066889633
54818,8,0.0558659217877095
66050,1,-0.0669616519174041
47490,8,0.0028473804100228
68049,9,0.0866402116402116
27633,6,0.0775988286969253
68196,2,0.1122415490646537
81028,3,-0.1113924050632911
68233,8,-0.0051546391752576
54199,4,0.022408963585434
68340,10,-0.0664015904572563
46340,10,0.2722772277227723
76149,2,0.0310360565951619
68591,10,0.1711491442542785
91687,3,0.0018336389398232
22840,1,-0.0179640718562874
91708,5,0.2189349112426035
23085,8,0.0137226277372262
25013,2,0.008625646923519
12253,2,0.0327272727272727
45671,9,0.2395604395604396
36281,6,0.0815602836879432
85926,6,-0.0803472478758773
14322,9,-0.0272587381842163
86865,2,0.2285714285714286
41574,7,-0.1903485254691689
51625,6,0.2745825602968461
71116,4,-0.0686695278969957
50243,7,0.1551724137931034
67723,3,0.0710382513661203
49138,7,-0.0317073170731706
70536,6,0.024484085344526
70616,10,0.3859890109890109
70659,6,0.0647702407002186
65402,6,-0.1095577746077032
45794,1,0.1671483622350673
60206,8,-0.0338089330024814
14461,2,0.002020202020202
71176,4,-0.0422420796100732
26614,8,0.0162962962962962
63335,3,0.0824742268041238
71395,2,0.1510204081632651
15720,6,0.0031919744642043
71475,4,0.02
18411,4,-0.0148760330578512
76091,1,-0.0239130434782607
77015,5,0.0361370716510902
71686,4,0.0381795968234575
58683,4,-0.073729863692689
71782,8,-0.1240601503759398
66093,2,-0.0218642117376294
63765,5,-0.1359832635983263
71942,5,0.028
71985,10,-0.0148514851485148
17523,9,-0.0557213930348259
72232,9,0.0316561844863734
72304,10,-0.219360568383659
16715,10,0.0737419033383159
39220,1,0.145679012345679
72494,4,0.0932857991681521
43481,6,0.0382142857142857
71124,5,-0.0406976744186046
43350,8,0.0002640612622129
18438,4,0.0279635258358663
92073,5,-0.0079140757490108
36898,4,-0.0230019493177388
27254,4,0.063157894736842
72980,5,0.1528976572133169
58464,5,0.1262135922330096
73139,5,0.0438771909187152
73219,8,0.0536499560246264
72733,8,0.1612244897959183
14656,5,0.0840664711632455
37022,3,-0.1524475524475526
52396,1,-0.049172794117647
47861,6,-0.0881458966565349
73681,1,0.0233766233766232
66739,9,-0.0100890207715134
73940,9,0.0242747187685021
43334,6,-0.0404624277456647
52038,9,0.0188020413644911
74203,3,0.0461061604029446
37161,4,-0.0097154753643303
62420,3,0.0518867924528301
74406,9,-0.0432098765432098
74580,1,0.0901033973412113
15560,1,0.0619295958279009
42219,4,-0.0207715133531156
92340,5,0.108695652173913
44513,4,-0.0935390549662487
74908,7,0.0486891385767789
92399,3,-0.1378348214285715
74932,1,-0.0899786780383795
57007,6,-0.0221897098268714
43123,7,-0.2889561270801816
44329,8,0.0117939168218497
63773,4,0.0596322941646683
60142,7,0.04
75257,2,0.1605231866825207
66114,8,-0.0577628849529281
75460,8,-0.069515011547344
84375,5,0.5874439461883405
51369,1,0.0569744597249508
37284,10,0.0432395332875772
79641,7,-0.0417947141979102
15579,9,0.0670524166099388
24563,2,0.0118043844856661
23579,8,-0.0662460567823344
62092,8,0.105952380952381
38578,6,-0.0943643512450852
45129,6,-0.0193306405077897
76100,1,0.1910286156225831
50606,4,0.072623828647925
76209,2,-0.0372340425531914
14795,9,0.0992023928215355
76340,10,0.2655737704918033
48696,9,-0.0032095369096745
37399,5,-0.0563063063063062
14816,4,0.0
62308,8,0.0417215634606937
76639,6,-0.2659813684548666
76807,7,-0.018181818181818
37460,1,0.1669449081803005
76946,10,0.125
61209,2,0.1127819548872179
65787,8,-0.0079457364341085
12010,2,-0.0691964285714287
55001,6,0.0408560311284047
92583,9,0.0833333333333332
48389,6,-0.0024330900243308
59600,9,0.0641093011035207
45356,1,0.009433962264151
76185,3,0.0384215991692626
77730,8,0.1616314199395769
17929,9,-0.0486725663716813
79244,5,0.100784550392275
77893,7,0.2213740458015267
77973,1,0.0483870967741935
78044,4,-0.227906976744186
24985,8,0.0497826086956521
48725,8,-0.0731145653425445
78263,4,-0.0387424579231501
63781,10,0.0543524416135881
78749,5,-0.0179257362355953
53663,4,0.0370288248337029
41371,9,-0.0127423822714681
78829,4,0.0317627261253681
87447,8,-0.0439973172367538
79039,2,0.1006711409395972
15077,9,0.0005603810591203
79303,6,-0.0290811339198436
17830,6,0.00812493405086
39087,1,0.0602923264311814
79338,3,-0.1172657631113729
67360,4,0.0077519379844961
59619,4,0.0333839150227617
79637,8,0.0223380491437081
14891,8,-0.0002715177844148
79776,3,-0.0263963274674828
26606,2,0.1356932153392329
43553,6,-0.017113783533765
79864,5,0.0581132075471697
79944,1,-0.076361924932345
80128,8,-0.0565874730021598
27043,6,0.2002894356005788
81116,1,0.0688920454545454
77006,6,0.0935046395431835
79860,6,0.1393875395987327
61700,9,0.0940170940170941
80900,2,0.1666666666666667
57808,9,0.0148471615720524
45348,8,0.0285714285714284
15202,8,0.0027328147992433
56063,9,0.0331010452961673
86008,2,-0.0980060831361946
21231,4,0.0057574667146456
53225,9,0.06837249005882
24969,8,-0.0149006622516556
81700,9,0.0119581464872944
46068,5,0.0104347826086956
81702,8,-0.0599112426035501
42059,4,-0.0482093663911845
46076,10,0.0210526315789474
63829,6,0.0422535211267607
63060,6,0.0124872579001018
38906,1,0.0255681818181818
79066,7,-0.0243902439024389
62498,6,0.0501474926253688
66384,3,-0.1323155216284985
59467,10,-0.0251428571428572
38033,8,-0.0757526226633777
39917,8,-0.0396874999999999
17337,10,0.0674157303370788
25419,6,0.0454232622161046
77053,4,-0.0175652598194681
38156,7,0.0325865580448065
64135,5,0.1087786259541985
83030,4,0.0369444444444444
38172,9,0.0475409836065574
83142,1,0.0644736842105262
24803,2,-0.3407035175879397
66747,3,0.1246537396121882
58819,4,0.0397590361445783
25099,9,0.0385031364914558
83345,5,0.0226190476190475
42286,6,0.0215897939156035
83433,8,0.0715976331360948
84403,9,0.0364244237198663
15472,1,0.0010674257249601
27983,6,0.0608695652173914
63079,4,0.084384093113482
83863,5,0.2449693788276465
59483,5,-0.1318772463367432
38295,3,-0.0601827901362304
84129,8,-0.0440169546788392
84161,10,0.1716191631291692
88832,2,0.195505617977528
90756,9,0.1420732902214383
11262,9,0.0046153846153846
80098,10,0.041860465116279
72996,5,0.1035897435897434
87426,3,-0.0179856115107913
88664,4,-0.1127308066083574
87856,6,0.1034975017844397
15318,8,0.0137850467289719
71563,4,-0.039855072463768
80072,4,-0.0253424657534245
89763,6,0.140655105973025
85586,5,-0.0104529616724738
90916,5,0.4375
35917,4,0.0191181005242058
70332,1,-0.0217604391295824
90537,4,0.0368921185019563
68742,10,-0.0521885521885522
75216,10,0.2080536912751678
89499,1,0.0882352941176471
10147,1,0.0866873065015478
10100,10,0.2936802973977694
38149,10,-0.022312373225152
75491,5,0.1618098159509202
87637,2,0.448739495798319
10028,7,0.0468085106382978
77576,6,0.1831761006289307
90879,3,-0.5140532544378698
10078,2,0.1827740492170022
10138,6,0.1001898333684876
10042,3,-0.0237467018469657
10107,2,0.0102301790281329
10108,4,0.1234211476001443
10143,7,0.0778294573643409
10200,7,-0.2379862700228833
10163,6,0.1925795053003534
10272,1,0.3086816720257235
10302,10,-0.0074906367041198
10299,1,-0.0499168053244593
85845,3,0.0864060676779461
10324,9,0.111381618989653
12217,10,0.056779246206559
10363,3,-0.1276923076923076
10333,7,-0.012121212121212
10353,1,0.0542986425339366
10382,4,0.1016260162601625
10397,8,-0.0584915341200614
10383,3,0.2417279411764705
10404,3,-0.0816135084427768
10257,2,0.0535714285714283
76565,6,0.0212499999999999
10418,5,0.2633228840125392
10463,2,0.3649085037674919
70033,1,0.0738480959394065
10371,3,0.3635863586358636
10421,1,0.0686220254565577
10530,6,0.1063218390804598
79698,8,0.0053050397877982
10606,6,0.0
10550,3,-0.2070063694267515
79785,3,-0.0675965665236051
70156,7,0.9056603773584906
75070,3,0.0044182621502208
10597,10,-0.0636132315521628
10547,2,0.3755656108597285
10586,2,0.2288025045656143
76123,6,0.0592652185572539
79903,4,-0.0022988505747126
10667,7,-0.0573394495412844
10355,1,0.1065573770491803
10661,3,0.1117021276595744
45225,6,-0.0788770053475936
75596,1,-0.0060698027314112
10691,3,-0.0659213569776407
10649,9,-0.1714205555036004
79909,10,-0.0117797695262482
75517,4,0.1359223300970875
75071,1,0.0785714285714287
10696,4,-0.0548811330298432
10785,3,0.2442497261774368
10791,7,1.3722627737226274
10644,2,0.1133455210237659
44813,7,0.3018867924528301
70500,9,0.0470964791952446
10828,6,0.1292246520874751
70965,5,0.2198407838334355
75224,6,0.0033792917004595
89659,5,-0.0086848635235732
10881,3,0.5951790145338531
71191,6,0.0149253731343284
10026,6,0.1149364406779662
86758,4,-0.0148148148148147
10994,7,0.1125
10812,9,-0.0921868540719306
10908,2,0.3782051282051282
10909,1,0.035667107001321
62296,2,0.2174721189591077
88779,3,-0.053030303030303
10924,10,-0.0329305135951661
75222,6,-0.1035318559556786
10935,1,0.2143505903723888
10860,7,0.1683417085427136
10443,6,-0.0233636363636363
10032,1,0.2620850320326149
11701,1,0.0185004868549174
71538,3,0.3260869565217392
10001,2,0.0100840336134453
11038,5,0.2063636363636363
10657,2,0.0188916876574307
75215,5,0.0321057601510859
75035,3,0.0
64515,8,0.0669796557120501
77453,1,0.1235955056179776
71909,5,0.0626611655492521
77081,8,0.0366847826086957
11082,10,-0.1901408450704225
11137,3,0.2153398058252427
11923,10,-0.1614387285654537
10838,3,0.075268817204301
10362,7,-0.0132450331125827
77150,6,0.0792845056804447
11194,1,0.0744680851063828
80037,6,0.048627995831886
11292,10,0.0206771775652623
11162,5,-0.1408114558472553
29621,2,0.1985714285714286
11347,7,0.2441860465116279
75545,9,0.076167076167076
11358,1,0.0585106382978724
64390,1,-0.0112453642780236
65294,4,0.0848905499199146
11415,9,-0.021572449642625
12173,8,0.0310344827586208
11371,2,0.0245901639344261
75058,10,-0.110198494182067
11378,4,0.1143317230273752
11384,2,-0.2233104799216455
11403,8,-0.078420467185762
11478,9,-0.048395061728395
76310,7,0.2714370195150797
85991,2,0.0526315789473683
11411,3,-0.1072992700729926
11481,3,0.1769983686786296
11531,5,0.0819793205317578
75101,6,-0.0432110620318801
75470,3,0.0172967630343465
11552,5,-0.0982620320855616
75107,7,0.1087267525035764
11547,6,0.076470588235294
75554,10,0.4876404494382023
11441,7,0.5785714285714287
75150,3,0.0950413223140496
11600,8,-0.0699579366836397
75558,5,-0.1445904954499494
75104,4,-0.0835780438220014
11043,10,0.2966915688367131
11315,7,-0.0666666666666667
11473,7,0.0731707317073171
11654,5,0.0390625
11638,10,-0.0144927536231883
11636,1,-0.0816326530612245
11641,5,-0.0033407572383075
11394,3,0.0694980694980695
11622,2,0.0606060606060605
75526,10,-0.0814525139664803
11533,7,0.2076891781936534
11656,5,0.4394366197183099
11707,4,0.0977830562153601
82811,2,0.1
11681,2,0.2310756972111554
75172,7,0.0810810810810811
11775,5,0.1377005347593582
11781,10,0.2178770949720672
75233,4,0.0477941176470588
75186,4,0.0633445945945945
11671,7,0.0445370073694328
75244,7,-0.0909090909090908
11809,7,-0.1447811447811448
19289,4,-0.0555555555555555
11731,5,-0.0486725663716813
11825,10,0.1330232558139534
17559,7,0.088888888888889
75162,10,-0.0170114942528736
11910,10,0.0586552217453504
11873,10,-0.1868932038834951
75261,9,0.0316860465116279
37217,9,0.05689063266307
75272,4,0.2080291970802918
88197,4,-0.0114155251141552
11599,3,-0.0192118226600985
85789,8,-0.0552276559865092
75262,9,-0.0855670103092783
11618,9,-0.0371859296482411
84666,7,0.1799999999999999
82107,8,-0.008838891120932
11881,7,0.1018387553041018
75902,1,0.0513874614594038
10623,6,0.0698324022346368
84769,6,0.0334741123103392
10574,5,-0.037593984962406
11898,10,0.2777777777777779
11884,3,-0.0132802124833997
75182,5,-0.0638970422217204
75577,10,-0.0110375275938189
75241,5,-0.0003131850923895
75259,2,0.1389728096676739
62084,2,0.1948051948051947
75320,4,0.0943661971830986
75285,6,-0.0148683092608324
75308,7,-0.0740103270223752
11927,5,0.0891395708913957
86168,10,0.0246153846153847
10901,5,0.0963851536551545
75316,1,0.0263543191800879
11903,5,0.1117891816920944
11891,8,0.0744482850305769
75228,6,0.0469011725293133
79634,2,0.1333333333333333
75286,3,0.0073051948051947
11509,4,-0.0031181789834736
80186,2,0.0595084087968951
11955,8,-0.0621621621621621
84176,9,0.0103038028468238
11752,6,-0.0841085271317829
11970,5,0.006530612244898
81774,3,-0.1250890102065037
12149,10,0.1349206349206351
12188,3,-0.0488888888888888
12248,4,0.0742407199100112
12067,1,-0.1907253269916765
75573,6,-0.0454817474566129
11917,2,-0.1646039603960396
11887,3,-0.0530805687203791
11306,3,0.0243478260869565
11976,4,0.0670241286863271
75326,5,-0.1138915623997434
84387,5,0.0856164383561643
11998,9,-0.2454054054054053
28223,7,0.1538461538461537
17743,7,0.1018597997138768
10119,4,0.0436363636363636
12022,5,-0.0578965399109284
75585,2,0.1384615384615384
12113,7,1.1875
12226,5,0.5269841269841271
12260,3,-0.0016920473773265
12265,5,-0.1373650107991361
12074,8,0.0112660944206008
12236,7,0.3359631821170281
87137,9,-0.0139713587146349
12214,7,0.0718232044198894
12062,7,0.155615696887686
12190,3,0.0881226053639847
80926,10,-0.0983606557377049
75333,6,-0.0115565185987721
12209,5,0.0444855662472243
75432,6,0.006119434479848
75383,9,0.0723981900452488
75444,8,0.0112094395280237
77579,8,0.1788194444444444
12174,3,-0.1766666666666666
36346,4,-0.0218503021850303
58094,9,0.0415122312824314
75684,7,-0.0206692913385827
75729,2,-0.0840909090909091
85269,10,0.1419939577039275
12169,10,0.0058859975216851
75591,8,0.0026448665544602
82540,1,-0.101123595505618
83189,5,0.0383884454580008
75734,3,0.0984924623115579
75477,3,0.3149243918474687
75447,7,0.3778409090909089
76573,8,-0.1030267753201397
75730,1,0.30374479889043
75625,7,0.1333333333333333
75721,7,0.024390243902439
10375,8,-0.0251217137293086
75694,9,0.0258985200845665
63467,1,0.0628641521005826
75649,4,0.0083708950418546
75740,3,0.0401002506265664
86787,10,-0.0405405405405406
75646,1,0.0786355943236556
75609,2,0.3534891896642644
75606,2,-0.0188271604938272
75607,2,0.1240579710144929
75764,9,0.0591695501730102
75654,9,0.1329091551785082
86861,4,0.0385623362036688
12073,8,0.1646697388632871
75603,7,-0.023407022106632
75998,3,0.0867659146954058
10051,3,0.2042389210019268
80422,5,0.0706016631338659
75825,10,-0.0188434048083171
75962,3,0.4076923076923078
75853,7,0.7376294591484465
75854,2,0.1084710743801653
10304,4,0.0250737463126844
76148,6,-0.1173681090693539
78717,6,-0.0312658871377733
15070,4,0.0122478386167146
85922,6,-0.0258227848101266
16644,4,-0.0156178226917776
92663,5,0.0635905389685924
75556,9,-0.0015544041450777
86124,4,-0.0726141078838173
11628,4,-0.0928761651131824
75831,5,0.1250000000000002
75828,7,-0.0171979865771811
11646,2,0.2911392405063291
22198,10,-0.0287648054145516
11348,9,-0.0200225606316977
12165,10,0.0
11506,9,-0.0139318885448915
23326,8,-0.0294292508917954
23799,1,-0.0106044538706255
11285,9,0.0602564102564102
11389,4,0.0179028132992327
11442,10,-0.0136908157444382
10769,9,0.0191728293618187
86896,6,-0.0275510204081632
10916,6,-0.1544136352073264
75503,1,-0.0384615384615385
11018,6,0.0230088495575222
11513,4,0.0663983903420522
75851,9,-0.0509751773049644
10974,10,-0.0011997600479906
87952,6,-0.0514320911610717
35503,8,-0.0499488360194422
11216,8,-0.0552677029360967
11847,9,0.0028380634390652
35829,4,0.0448239060832444
75605,4,-0.0200305750460585
88007,6,0.0040816326530612
88015,1,0.0746751082972341
10650,10,-0.0147783251231528
75616,6,-0.0278951817413355
88891,10,0.0537403267411866
10252,9,0.091554770318021
44688,9,0.0181818181818183
89440,4,0.0644418872266974
10271,8,-0.0590560334805858
90086,4,-0.0216748768472906
10290,2,0.0241327300150828
10638,4,0.0046511627906975
11652,9,0.0067563047695498
12189,10,0.0503129513721714
11208,9,-0.0077821011673151
75550,4,0.0774674115456237
11713,2,-0.0706521739130435
10906,6,-0.0101444820166
11823,8,0.0354969574036512
52936,9,0.0244897959183674
11625,6,-0.0945584299732382
56611,8,0.0087173100871731
10297,10,0.0109305760709008
10056,10,-0.0137693631669536
75860,7,0.3188118811881189
75856,8,0.008284023668639
11786,8,-0.0404768505683393
10562,5,-0.048
75509,4,-0.0109038737446198
11634,4,0.0029651593773165
10932,6,0.0979066724814654
11293,4,0.0061460592913955
93105,1,0.0558839333691563
67046,4,0.1676337846550613
11750,8,0.0407843137254901
11593,3,0.1395973154362415
69586,2,0.0605187319884723
35685,4,0.0426332288401254
75861,8,0.0896113074204947
83729,9,-0.0152471083070451
10308,4,0.01628664495114
77519,4,0.0258555133079847
10085,1,-0.0436746987951807
10682,8,0.0227703984819733
92807,4,0.2119999999999999
83469,4,0.0244086291683118
86814,4,0.0065184049079756
84409,7,0.0021786492374726
86384,9,-0.0076045627376425
10781,4,0.0107142857142856
79031,6,0.0249161475802588
84725,8,-0.0430622009569376
83642,4,-0.0992366412213739
76037,6,0.0295774647887323
76331,9,0.024459078080903
83641,8,0.0278519648988935
75773,6,0.0587341772151899
86566,8,0.0350767303476353
10232,8,0.008
12166,5,0.004101722723544
10629,8,-0.4174894217207335
81652,8,-0.0034912718204488
75866,3,0.217447081462476
10913,4,0.0985004410467509
78922,7,-0.0686845168800931
77643,4,0.0084151472650773
77379,4,-0.005
11006,4,0.1562790697674418
86382,8,-0.0037037037037037
77889,6,0.0504718916700861
39766,3,0.023890784982935
81620,8,-0.014866032843561
75912,1,0.0634517766497462
75888,6,-0.017989417989418
85299,10,-0.0084937712344279
11705,9,-0.0606060606060605
77181,4,0.0754545454545454
10002,9,0.0056179775280897
76000,7,0.017714897158483
77415,8,0.0065298507462685
90561,5,0.0116917203531377
83155,4,0.0770093457943925
79851,9,0.0222222222222221
77798,4,0.0123674911660776
11844,8,-0.0145695364238409
76266,4,-0.0144940344675209
91855,4,-0.0148712368516503
79189,8,0.082940963419051
79113,4,0.0121308016877637
75881,5,0.0425709515859766
75906,10,0.0129394004744447
77236,3,-0.1490702804916482
76060,6,0.0164880461665291
85749,8,0.0320720720720721
11056,5,0.1075394506136762
91265,3,0.2727272727272727
77528,8,0.0124161073825503
79747,9,0.1226229508196721
75755,3,-0.0315315315315315
11397,8,-0.0014885496183205
81019,9,0.1945205479452054
20395,4,0.0368066355624676
75900,6,-0.011111111111111
76023,1,-0.1464968152866241
33647,7,-0.0052291602583818
75925,9,0.0274463007159904
84516,6,-0.0706675364209611
63562,4,0.1176470588235292
77300,6,0.0667680865449629
75930,3,0.2216867469879517
76371,3,0.1271551724137931
76090,6,0.0648985332529634
76082,9,0.039182282793867
76085,2,-0.0545702592087312
76095,5,0.0156521739130435
76374,10,0.1864406779661016
76101,8,0.0518662142510906
85671,5,-0.0463576158940397
79148,1,0.040118870728083
76445,8,0.0333333333333334
76299,5,0.0589481115425343
76391,6,-0.4900420757363254
76963,3,-0.0081081081081081
76127,9,-0.009075907590759
76128,1,0.0517090271691498
76110,10,0.1064836725035494
76314,2,2.843478260869565
76435,8,-0.0417241379310344
11396,3,-0.0231660231660232
76336,5,-0.036697247706422
76135,8,-0.0923797360578969
78981,2,-0.0586225026288117
76138,7,0.0351851851851849
76317,7,0.5999999999999999
76139,5,0.050748752079867
76415,3,0.4154852780806979
76302,9,-0.0616966580976864
76165,3,0.1104761904761904
76868,8,-0.0190623390005152
79584,8,0.0178117048346055
76931,3,0.3050847457627117
76306,10,0.062811980033278
76448,2,-0.0438931297709924
76383,2,0.3287671232876712
76392,10,-0.0125786163522012
76372,1,-0.0688354549740688
85875,4,0.0540827147401909
84669,4,0.0773594636410521
76887,6,-0.0165706051873198
76544,3,0.0636334712058543
83566,2,0.4915254237288136
76195,7,0.1070539419087135
83671,5,0.0038167938931297
76171,1,0.0451582867783983
76202,8,-0.0583850931677019
76367,7,0.3358024691358026
76201,9,0.0846492363448097
87053,7,-0.0234702430846605
79259,6,0.3871499176276769
76207,5,0.0384772820302907
84911,8,0.0324825986078887
85685,4,0.0427283418267345
76214,8,-0.055661274976213
76360,10,-0.185
81651,3,-0.0400801603206413
76443,10,0.0222138554216866
77486,2,-0.0792079207920791
76240,1,0.0902506963788301
76228,4,0.1129607609988108
76230,5,-0.0024167561761547
76223,1,-0.0122562674094707
76366,1,0.0342368045649073
76421,10,0.4955752212389379
76272,4,0.0407315045719036
76254,3,0.0760365138456831
11644,5,-0.094300518134715
76261,5,0.1210280373831775
76259,5,-0.2307104660045836
78106,3,0.2927942614933159
76264,8,-0.0098039215686275
76224,6,0.0100545820166617
76265,8,0.087492354740061
77256,6,0.0515161395500487
76385,1,0.0489510489510489
76477,4,-0.0304709141274237
76478,6,0.027491408934708
79037,6,0.0434574976122255
78071,3,0.1626506024096385
85520,8,-0.0879396984924623
76529,6,-0.0134782608695651
76515,2,0.7216494845360824
76504,1,-0.0162470987323691
76507,7,0.1415289256198348
83551,8,-0.0105920695274307
80634,2,0.2538071065989848
76553,5,-0.0920798454603992
76879,10,0.0192307692307691
11493,9,0.1041666666666667
76582,3,0.0329032258064516
76584,7,0.1763727121464227
76586,4,0.0223994894703254
76598,10,-0.0566233766233765
76613,2,0.2195121951219512
76614,2,0.0101971447994559
77004,2,0.2264150943396226
76619,3,0.0280663668785858
76978,10,-0.0964912280701753
76622,3,0.064516129032258
76624,7,0.0870646766169154
76625,7,0.1239413344350341
76627,3,0.0070384407146726
79910,9,-0.0809674027339641
87035,7,-0.1983122362869198
76644,5,-0.0276984580239865
76653,10,0.0695468914646997
76888,7,1.5121951219512195
76656,2,-0.074468085106383
76837,4,0.1929677689409794
77010,6,-0.0319537431527693
76638,8,-0.0329264831109848
76661,2,0.3630769230769231
76686,3,-0.0917159763313608
76691,2,0.3155893536121674
76693,7,0.0610465116279068
76695,10,0.0321356275303643
82478,9,0.0679611650485436
76856,3,0.1349011349011351
19968,3,0.0776101016322761
76702,6,0.0029405111965619
76706,2,0.406099518459069
76709,5,0.0583405358686257
76710,6,-0.1693181818181819
76934,2,-0.0190839694656489
76712,7,0.0338983050847458
76714,1,0.1288805268109123
76720,10,-0.0260869565217392
76721,9,0.0226063829787235
76684,8,0.0547920102620487
76960,4,-0.0027932960893854
76732,6,-0.0774428274428273
76980,9,0.0138740661686234
88031,5,0.0688836104513064
76744,2,-0.0425120772946859
76750,10,0.1688376753507012
76764,10,0.2083333333333332
76945,3,-0.1208646616541353
76779,10,0.1080459770114943
76795,10,-0.0266686756064488
76792,6,0.0505344995140915
76796,6,-0.0109465550547327
76798,3,0.1574618096357227
79500,3,0.0564102564102564
76999,7,-0.0124186871673566
76892,8,0.014979338842975
76943,10,0.0532319391634981
81564,10,0.0222033898305085
76841,2,0.1711171662125339
76845,7,0.1274550773088174
76846,2,0.0351718625099919
77204,2,-0.1062693280854653
76843,5,0.010757346039997
76830,4,0.0593415007656967
77018,5,0.0440107156525066
77032,5,0.037187111953467
77042,7,0.053639846743295
77074,3,-0.0025489883702406
77063,5,0.0326873011281458
77235,9,0.1898305084745761
77037,3,-0.090669014084507
85426,9,-0.0274706867671692
77099,1,0.019650655021834
77087,3,-0.0927341018002849
77095,5,-0.005763688760807
77207,3,-0.1443177349587101
77103,7,0.032778618255169
77106,4,0.0605363984674329
77090,5,0.0046345811051693
77117,3,-0.0610921501706483
77114,3,0.1096028154851684
77165,3,-0.2789968652037617
77180,7,0.2233940556088207
77182,6,0.0623409669211194
77191,6,-0.1190667739340306
77184,3,0.1629542790152405
77175,7,0.1984126984126983
77178,10,0.0867791581679955
77173,7,0.4102564102564103
77257,9,0.0833333333333332
77259,1,-0.0909090909090909
77261,2,0.1212121212121213
77262,7,0.2465517241379311
77263,7,0.6666666666666665
77264,3,-0.1255625562556255
77271,6,0.1599999999999999
77274,10,-0.0595401509951956
77284,10,-0.0630791161796151
77279,3,0.0503040353786623
77282,4,0.2274774774774774
77281,5,0.0050647996424848
77289,7,0.5821782178217823
77326,3,-0.0134680134680135
77327,7,0.1078717201166179
77338,6,-0.0156313438895654
77347,6,0.2699055330634279
77334,7,0.1521252796420582
79200,8,0.0159574468085106
77366,8,0.062908011869436
77362,3,0.0709677419354837
77392,1,0.0076045627376426
77461,2,0.0425894378194207
77405,10,0.111541774332472
77475,10,-0.0055110220440881
77413,10,-0.0545722713864307
77418,4,-0.0233463035019454
77421,1,0.0658244680851065
77425,8,0.1578521589645061
77433,6,-0.0396151669496323
78147,9,-0.0029126213592234
77426,2,0.2096774193548387
77427,9,0.0660377358490564
77437,7,0.0858585858585858
77472,2,-0.052579365079365
77447,1,0.0959463400408282
77448,1,0.056873977086743
77495,2,0.4905660377358489
77768,2,-0.0730366492146598
77502,8,0.010854816824966
77507,8,0.039755351681957
77512,7,-0.1784274193548386
77546,4,-0.0469700657094185
77515,2,0.0789865871833086
77517,9,0.2088014981273409
77526,4,-0.0257575757575757
77520,6,0.0009930486593843
83738,8,0.0057384475989126
77582,7,0.4213197969543145
77585,9,-0.0017513134851138
77599,3,0.3529411764705883
77610,10,0.1785714285714286
77605,10,0.1096300326441785
77624,2,0.0677966101694915
77649,9,0.1194690265486724
77629,9,-0.1099809281627464
77630,3,0.289038356662425
77660,5,0.0784313725490195
77662,1,-0.0191870739712193
77668,9,0.0413969592051783
77673,10,-0.1374999999999998
77679,6,0.0212373037857802
77683,3,0.1187800963081859
77685,3,-0.0229518648390182
84776,9,-0.0085889570552147
77701,1,0.0536649214659687
77702,6,0.1040410132689988
77790,7,0.2487562189054726
79407,2,0.2100456621004567
87505,10,0.0593477820538788
77763,4,0.0265957446808511
77767,2,0.0052631578947368
77775,6,0.0056737588652482
77778,10,0.013787510137875
77780,3,0.2072779165180165
77783,8,0.0610441767068274
77785,5,0.1983193277310924
77787,8,0.1056497175141244
77837,7,0.0666666666666666
77839,2,0.5217391304347825
85759,3,0.1269841269841269
77868,3,-0.0921052631578946
80758,3,0.0264900662251654
77887,4,-0.1474926253687315
77892,3,0.0537313432835819
77898,10,0.0057278497342483
77900,3,-0.1008403361344538
77902,6,-0.0279291553133513
77918,6,-0.0027758501040944
77917,2,0.4280230326295586
77971,9,0.0303612605687932
77967,9,0.0144927536231882
77976,1,0.1535904255319151
77982,10,0.2243589743589742
77984,8,-0.0434782608695651
87462,7,0.1714285714285714
77993,5,0.2976190476190476
84315,10,-0.1065830721003134
78001,4,0.1102994886778669
78018,3,-0.1155913978494623
78008,3,0.2358934169278996
78009,4,-0.0616541353383458
78015,6,-0.1066666666666666
78051,2,0.0540540540540541
78054,5,-0.0909090909090908
78062,10,0.1465346534653466
78065,6,-0.0084745762711865
78077,5,0.0138568129330254
78068,6,0.1301587301587301
78073,2,0.2975609756097563
78081,10,-0.0204220558202858
78083,1,-0.0535322509872751
78082,5,0.0255102040816326
78112,5,0.3273837482386097
78210,5,0.3301282051282053
78145,3,-0.3188854489164086
78179,7,0.1648936170212767
78189,9,0.0321543408360129
78155,6,0.0148641722193745
78197,6,0.1308641975308642
78139,1,0.3294701986754966
78172,4,0.1296135475466782
78170,9,0.0070175438596491
78208,3,0.002296211251435
78137,4,-0.0164168451106352
78156,10,0.3092269326683292
78193,3,0.3307984790874525
78213,3,0.4063004846526654
78157,6,0.0334685598377282
78840,9,-0.0495137046861184
78214,2,0.1833333333333333
78195,9,-0.0700992555831265
78830,2,-0.0176991150442478
79427,2,-0.1035353535353535
78818,10,-0.0741962077493817
78815,2,0.0711493354182954
86889,2,0.0092526690391459
83583,9,0.0825858335910918
78894,7,0.3725490196078429
78908,3,0.2161679321125502
79033,4,-0.0178089584457636
78875,7,0.4171848501978519
78889,4,-0.0214424951267057
78876,2,0.2214532871972316
78868,3,-0.0298507462686568
78915,1,0.0164835164835164
78867,9,0.0504040015390536
78916,6,0.011086956521739
82640,2,-0.0070671378091873
79065,3,0.171875
79006,7,0.0575539568345324
48653,5,0.0210065645514221
79022,2,0.3008130081300815
78955,3,-0.02
78990,10,0.0228758169934639
78950,8,0.0550458715596331
78987,9,-0.1399460593347317
78977,10,0.1876371616678858
79025,2,0.6918918918918917
78959,7,0.1048689138576779
79072,8,-0.0329004329004328
79087,9,0.0540909090909091
81491,3,-0.2416302765647744
79089,6,0.0291503732669746
79080,10,0.0552570990023024
79108,7,0.0357142857142858
79131,3,0.1187301587301588
79116,6,0.0741444866920151
79133,6,0.0274358974358974
79103,6,-0.0023340248962656
79069,7,-0.1219387755102041
79100,7,0.4291044776119401
80656,4,-0.05
87218,4,0.2370370370370371
78910,2,0.1717557251908394
79150,3,0.0420944558521561
79149,7,0.3305699481865285
79212,10,-0.0731448763250883
79166,4,0.0085714285714284
79167,3,0.0186671171551651
79198,7,0.2549019607843137
79159,5,0.0846871759419287
79164,5,-0.052073732718894
79192,5,0.1429970617042115
79157,6,0.1762465373961219
79237,2,0.1220324864639732
79254,8,0.0474171164225134
79323,9,0.0567178056717805
79280,10,0.0527065527065526
79247,3,0.2019095759618085
79299,9,0.0185739964050328
79289,8,-0.0679711637487127
79248,10,0.0388708931050441
79249,3,0.2249614791987673
79328,8,0.048091603053435
79251,9,0.0485651214128035
83659,10,0.81
79336,4,0.0133426966292133
79265,3,-0.0082191780821917
79313,1,-0.0827777777777777
79252,3,0.1492226318320244
79262,7,0.3917808219178083
79283,3,0.1042944785276074
79390,7,0.2673003168250791
79444,1,-0.0077738515901061
18649,8,0.0486510393631136
79392,7,-0.1229090909090908
79417,10,0.1624365482233503
79382,10,0.0498069498069499
79366,7,-0.131979695431472
79420,3,-0.3795440542205791
79428,7,0.1202830188679244
79399,5,0.1341127922971114
79666,3,0.1053719008264462
79467,8,0.0614362806143629
79512,4,0.0176470588235293
79518,10,0.0005717552887365
79523,7,0.1527093596059114
79507,6,0.0493273542600896
79472,10,0.2649842271293374
79499,10,0.0375
79525,10,0.0866910866910868
79545,5,0.0922769483954391
79528,8,0.180089485458613
79502,5,0.0773716951788492
82763,7,0.0945273631840797
79491,3,0.1909140369967357
79517,1,-0.1379596350566768
81103,3,-0.1605541972290137
79577,3,-0.0528808208366219
79836,3,0.1503333333333334
79564,7,0.2693370165745854
79588,9,-0.1073298429319371
79612,3,0.1593927893738143
79568,7,-0.1113689095127609
79607,9,-0.065126050420168
85913,8,-0.0391774891774892
79591,10,0.5199161425576522
79610,7,0.0484581497797356
79628,5,-0.0098740211099762
79668,8,-0.0469416785206258
79670,7,0.0080645161290322
79613,10,0.0090452261306532
79731,5,0.1428571428571428
79712,9,0.0667396061269145
79724,7,0.2275677739595263
79758,10,0.0235439900867409
79686,3,0.0404878048780485
79689,4,-0.0851063829787235
79740,6,0.0307845084409135
79734,10,0.0017872260370614
79393,10,0.1167108753315648
79704,7,0.6363636363636362
79721,2,0.9081908190819084
79725,1,-0.0252747252747252
79718,10,-0.0349506578947369
79824,4,-0.024805447470817
79819,1,0.007081038552321
79845,2,0.3071895424836601
79857,9,0.0455511691466747
79828,5,-0.0618705035971222
79906,2,0.3040935672514619
79862,6,-0.0552244735796583
79839,7,0.1296296296296295
79795,3,0.1569268492031059
79791,5,-0.0210210210210211
79878,5,-0.0570987654320986
79927,7,0.0571428571428571
79802,7,0.0789473684210526
79846,10,-0.0430622009569376
79915,6,0.0594970812752582
79841,1,0.0236363636363636
80223,9,0.037842190016103
79879,2,0.401098901098901
79796,4,0.0610215053763438
79850,2,0.0977777777777779
79884,3,0.0
79799,1,0.1383024558380008
79859,10,0.0840998685939553
79801,9,0.1670588235294117
79935,7,0.1462728551336145
79971,7,-0.1939999999999999
80023,4,0.0134048257372654
79973,2,0.0260869565217392
79994,10,0.0392156862745098
80055,10,-0.1085899513776338
80034,6,-0.0887254901960783
80049,7,0.2121640735502121
80080,4,0.0091070073362002
80001,3,0.0016447368421053
80012,6,-0.3035787741670094
80007,4,-0.0336700336700337
80050,9,0.0820512820512819
84723,3,0.3213675213675215
79943,5,-0.0738461538461539
80000,9,0.0524999999999999
80002,4,0.0490181603425365
79965,6,0.0
81290,5,0.127659574468085
80079,6,-0.0906486064079188
83344,6,-0.04
80054,3,-0.3347517730496453
80122,1,-0.0226086956521738
80130,9,-0.0332885003362474
80121,6,0.1466560509554142
80167,8,-0.0241275312365361
80113,5,-0.0902729181245626
80112,6,0.1412253374870196
80159,1,0.0184397163120566
80165,10,1.245022970903522
80127,4,0.1206115515288788
80135,1,-0.0081716036772214
80252,1,0.1823587710604559
80239,1,0.0496453900709221
80242,1,0.1561338289962826
80279,3,0.3071895424836601
76697,10,0.0183486238532109
80236,9,0.0613226452905812
80256,2,0.0625
80204,8,-0.020651479667873
80254,4,0.0086206896551725
80286,10,0.0860645227470893
80257,7,0.2756410256410255
80191,8,-0.0126793460126792
80193,5,-0.0453614581200081
80237,7,0.0604395604395604
80266,10,-0.1275935621485359
80325,10,0.4534883720930234
80361,6,-0.1141367323290847
80309,3,-0.0217606330365973
80375,3,-0.0267965895249696
86230,7,0.3043478260869563
80343,6,0.0350318471337578
80316,9,0.0692840646651269
80362,9,0.1036825953529154
80368,1,0.1417112299465239
80310,7,0.3192405063291139
84584,6,0.0561224489795917
80336,8,0.0992647058823528
80357,5,-0.1913043478260868
80303,2,-0.0392156862745096
81066,7,0.0480446927374302
85179,3,0.0091789903110657
80467,10,0.0161836657884832
80479,9,0.1453066608045723
80439,3,0.2718840579710146
80485,7,0.187335092348285
80463,7,0.419491525423729
82541,2,0.1973684210526316
80415,5,-0.0793097726895636
80478,4,0.0902527075812273
80469,8,0.2305411415863603
80446,6,0.0439882697947213
80460,5,0.0142857142857142
80539,7,0.2498163115356357
46392,2,0.0061919504643963
80568,5,0.0530679933665008
84345,2,0.2300884955752213
80512,5,0.121951219512195
80569,1,0.1521829275516852
82846,2,0.5
80534,5,0.1707317073170733
80528,10,-0.3170048985304409
80537,7,0.080888888888889
80557,3,-0.0943999999999999
80577,7,0.1643835616438356
80560,7,0.1196219035202086
80563,10,0.0666089965397922
80575,9,-0.0275265434526149
80579,2,-0.0506726457399103
80679,6,0.1377551020408165
80658,3,0.1867219917012446
80621,5,0.1681443951868271
80625,8,0.0505193578847968
80629,7,0.252212389380531
80670,3,-0.0319327731092438
80633,6,0.035034993824619
80756,10,0.0
80737,10,-0.0538341158059467
80768,9,-0.0263450292397662
80762,9,0.0235820895522387
80759,8,0.0141939844542076
80774,5,-0.0004385964912281
80740,9,0.0134886572654815
80776,6,-0.0206040958822979
80828,3,0.1984021304926764
80791,9,0.1067524115755627
80798,3,-0.1366442953020135
80820,10,0.1500000000000001
80852,7,-0.1127379209370424
80856,2,0.148642857142857
80797,6,0.0962566844919785
80812,10,0.0176470588235293
80804,3,-0.4345421020282729
80808,9,0.0196078431372548
80713,7,0.3441108545034643
80816,9,-0.0206297502714442
80837,9,0.2991999999999999
80928,3,-0.039855072463768
80955,9,0.0377358490566037
80864,6,-0.1267690454682325
80913,1,0.0181784796180684
80932,10,0.0685714285714287
80943,7,-0.0388429752066115
80942,3,-0.0440740740740741
80979,10,-0.0163934426229508
80997,10,0.1077981651376145
81002,7,-0.0204878048780489
81048,2,0.1325966850828728
80993,10,0.2665474060822899
80973,8,-0.0310756972111554
81001,3,0.0038
81010,3,-0.1146025878003696
80960,3,0.0039370078740157
80987,6,-0.0479532163742688
80957,7,-0.1267056530214424
80969,8,-0.0710152551288796
80648,9,0.0999999999999998
80990,9,0.0158490566037736
81084,2,0.0086956521739129
81110,8,0.033103448275862
81109,1,-0.0547445255474453
81097,2,0.0207792207792207
81098,1,-0.0633059788980069
81119,4,0.0249500998003993
81055,9,0.1597324196443139
81060,9,0.1985815602836877
81071,9,-0.0009514747859181
81182,5,-0.0176991150442478
84122,4,0.2288343558282208
81142,5,-0.0676156583629893
81137,10,0.1756373937677056
81162,7,0.0931876606683805
84211,3,0.0404040404040404
81126,5,0.0611295681063122
81178,10,0.1691228070175439
81184,6,-0.1407407407407408
81185,2,0.1985294117647056
82248,2,-0.1507430997876856
81173,7,0.1974921630094044
81172,2,-0.0260869565217392
81128,5,0.1788375558867361
85748,5,0.0
85679,9,-0.0091743119266054
81148,8,-0.0063473744950951
81200,2,-0.068597014925373
81201,2,0.4081632653061224
86993,3,-0.1396475770925109
81214,3,-0.0388888888888888
85205,3,-0.0770676691729324
81188,4,-0.0055152394775037
81220,9,0.048404255319149
81206,10,0.0256410256410255
81241,7,0.049283909014322
81288,2,1.5294117647058822
81275,9,0.3215613382899629
81256,10,0.0332268370607029
81259,10,-0.0636363636363636
81242,2,0.1283582089552237
81244,9,0.0287928385329681
81254,3,0.1247684795420103
81291,9,-0.0317919075144509
81262,5,0.0560600078957758
81293,3,0.1071796633459292
81292,8,0.0629322268326415
81282,5,0.0080826223619219
81278,6,0.0343129207026762
81488,7,0.375
81508,9,-0.0657174151150055
81309,2,0.9166666666666664
81298,8,-0.0612244897959183
81475,5,-0.2780536246276068
81501,6,0.0835715856608754
81297,8,0.0617283950617284
83458,2,0.0536044362292051
81483,1,0.1464968152866241
81540,7,-0.0195903829029385
81566,3,-0.1164510166358595
80833,7,0.350253807106599
81541,10,0.0148351648351647
81546,8,0.0198198198198198
81560,9,0.0259740259740259
81590,6,0.0866666666666666
81588,7,0.1267605633802817
81533,10,0.0463065049614113
81539,7,0.214765100671141
81565,9,0.127061335864278
81562,9,0.5367965367965366
81584,6,0.0604026845637584
81636,3,0.1594202898550722
81595,4,0.0474576271186439
87476,6,0.080210074003342
81624,3,0.0594059405940594
81647,5,0.0078947368421051
81601,10,0.0434397163120567
81621,7,0.4606896551724138
81705,1,0.1106666666666666
81736,9,0.0604236880115551
84223,2,0.1025641025641024
86245,8,-0.1291266193063101
85332,8,-0.0185185185185184
81740,9,-0.0887850467289719
81741,10,0.0209580838323353
81676,2,0.0185185185185186
81747,10,0.1802575107296136
81763,6,-0.0388500388500389
81682,6,0.221189591078067
81756,7,0.3130434782608697
81743,10,-0.135483870967742
81670,3,0.0681137724550897
81761,2,0.657142857142857
81653,8,0.0726655348047538
81857,4,-0.1051502145922747
81696,1,0.07384524860253
81666,7,0.31438127090301
81665,3,0.0945945945945945
81726,9,-0.0518060836501901
81691,7,0.0129032258064516
81698,10,0.0777070063694269
81709,10,-0.0002856326763781
81865,4,0.0288461538461537
81677,6,-0.04518779342723
81851,10,-0.0258525852585257
81776,10,0.0935550935550935
81893,3,0.1407837445573296
81769,7,0.1
81901,2,-0.0389972144846796
82231,3,0.7266187050359714
81850,3,0.2666666666666666
81869,2,-0.0277777777777777
81889,4,-0.0149049169093712
82155,2,0.0358565737051792
82171,2,0.0379746835443035
82156,3,0.1229742612011439
81920,9,-0.0101156069364162
81925,10,-0.0785185185185185
82201,7,0.5
82212,5,0.0588235294117647
82179,5,0.1350314026517796
83236,2,0.1190140845070422
82176,9,0.0923076923076922
85832,8,0.0907457322551661
82168,3,0.6825396825396828
82207,2,0.0421792618629173
82281,7,0.185929648241206
82272,5,0.0673443456162641
82285,3,-0.0833333333333332
82266,10,-0.052060737527115
82235,2,0.002375296912114
84836,4,-0.0190166975881261
82287,3,-0.2195367573011077
82236,7,0.6417910447761195
82255,9,0.1352622061482822
82261,6,0.0790144435004247
82242,1,0.1002386634844869
82486,8,0.016517225106182
82494,7,0.0902255639097744
82497,6,0.0298638559508124
82488,10,-0.0229007633587786
82504,6,0.162057522123894
82508,2,0.3351477449455677
82536,3,0.2344827586206896
82539,3,0.2469879518072288
82295,1,0.3395847287340925
82471,4,0.1500000000000001
82298,2,0.106777181862506
82518,2,0.7005988023952097
82515,1,-0.0192778457772339
82507,7,0.432748538011696
82521,10,0.3710729104919974
85374,8,-0.0083454281567488
82501,5,-0.029940119760479
82307,3,0.0287179487179487
82575,6,0.0278330019880717
85032,2,-0.0648148148148148
82581,5,0.0380290026635099
82621,7,2.1262135922330097
82551,6,0.1433311214333112
82618,3,-0.1127450980392157
85760,7,0.0975609756097561
82584,1,0.0781046602447279
82649,6,0.0711887172599059
82544,7,0.1538461538461539
82593,7,0.1860869565217391
81661,10,0.2129760225669956
82552,3,0.0843795620437957
82643,6,0.0540437436419125
82549,3,0.1833124215809283
82546,2,0.0814687320711418
82547,9,-0.1408829174664108
82583,5,0.0900951315053162
82642,9,0.0435557819663781
82613,3,-0.0474595198213289
82651,1,0.1432448733413751
82558,1,0.179245283018868
86042,3,0.1875961045617631
82634,5,-0.0600882028665931
82557,10,0.2567567567567568
82638,3,0.1327649208282582
82573,4,0.0273522975929978
82587,3,0.1404255319148935
82619,10,0.0927272727272727
82635,4,-0.1054726368159204
82607,6,0.0608856088560885
82554,9,0.0454198473282441
82606,10,-0.0418530812527061
82599,4,0.0525920360631104
82697,1,-0.0893060295790669
82724,10,0.0238095238095239
82762,3,0.2599049128367672
82779,7,0.0250000000000001
82720,4,0.0868315123634271
82686,1,-0.0406427221172022
83974,4,-0.0417837078651686
82759,10,-0.0413533834586467
82512,6,0.1175689139820657
82727,2,0.4400000000000001
82480,4,-0.0022872827081427
82717,5,0.1548387096774193
82722,4,0.0953133228014746
82768,1,0.1993769470404984
82710,9,-0.0261627906976743
82755,1,0.0467769537934967
82702,3,0.3134120917303682
82730,9,0.1176470588235294
82685,3,0.0350318471337578
82681,2,0.1078167115902966
82747,7,1.0588235294117645
82816,2,-0.1025145067698259
86131,3,-0.0263157894736841
82800,3,-0.0691263782866835
82812,1,0.0961538461538462
82821,4,0.0432220039292732
82837,1,0.0938079347423064
84067,3,-0.0293877551020407
84578,10,0.0898989898989897
82839,3,0.2982456140350877
83875,3,0.0348027842227378
86122,5,0.1370558375634518
83113,10,-0.0008163265306122
83131,1,-0.1026785714285716
83162,6,0.053640776699029
83127,10,0.6978417266187051
83161,7,0.3660377358490565
82861,1,0.0853658536585366
85838,3,0.1096774193548386
84825,10,0.1376022536432093
86286,10,-0.0094339622641509
83145,9,0.2917431192660551
87471,2,0.1999999999999999
83149,7,0.7243816254416959
83120,7,0.1307870370370369
82857,7,0.1435185185185186
83123,7,-0.0583804143126176
83121,3,0.2120044052863436
87005,3,0.3904382470119523
37381,5,0.0041666666666668
83124,2,0.1473178542834268
83374,3,0.0273556231003038
85294,1,0.1500000000000001
82859,2,0.388392857142857
84157,7,0.25
83307,5,0.1010215664018159
83251,7,0.1734104046242772
83143,8,0.0528578654527061
83317,7,-0.009090909090909
83291,9,-0.055
84639,3,0.0134803921568626
83283,8,-0.0587522713506967
85406,9,-0.0458975165042438
83299,10,-0.0574088440651667
83304,2,-0.1
83309,7,0.1880000000000001
83244,5,0.325092056812204
83301,1,0.0460308710033077
83350,1,0.1498257839721255
83390,3,-0.2912843204816656
83416,7,0.1413748378728925
83373,1,0.0169491525423728
83332,7,0.5774647887323945
83413,7,0.0904255319148936
83412,7,0.0057692307692307
83435,3,0.0433044636908726
83356,3,0.225153672292516
84215,6,-0.0166666666666667
83347,2,0.8981481481481479
83414,8,-0.0428380187416332
83421,2,-0.0264679038637054
83366,5,0.0526829268292683
83383,3,0.1036639857015191
83362,1,0.2210796915167094
83377,5,-0.2361463442133152
83418,5,-0.0584246218049034
83404,7,0.168181818181818
83405,1,0.2177254098360654
83422,9,0.0139697322467986
83444,1,-0.0098039215686274
83520,1,0.07680608365019
83504,10,-0.5029268292682927
83531,7,-0.0563002680965145
86744,2,0.3870967741935482
83582,1,-0.0160320641282565
83499,3,0.1016949152542372
83478,7,0.3147566718995289
83496,2,-0.1038461538461538
83509,10,-0.3581514762516046
86388,7,0.2098765432098763
83568,2,0.2569832402234637
83466,10,0.0657596371882085
83547,4,0.0812720848056536
83462,1,0.0178777393310265
83475,7,0.3463497453310695
83495,5,0.0411471321695759
83565,9,-0.0547945205479452
83534,10,0.0352035203520353
83452,7,-0.0690414983474109
83535,2,0.1085594989561586
83581,7,0.2342047930283224
83503,1,0.1322033898305084
83575,7,0.3780487804878047
83467,2,0.1039999999999998
83559,3,0.469731663685152
83558,5,0.0451729478575115
85714,10,-0.0130117423040304
86091,8,0.0005405405405405
83699,3,0.0874119215387545
83616,1,0.2689963429500204
83690,5,0.0762376237623763
83632,3,0.3140495867768595
83709,3,0.0229445506692158
83592,3,0.2518518518518517
83651,7,0.1837349397590362
83615,1,0.0378535773710482
83650,2,-0.0323115161557581
83657,3,-0.0521262002743484
83664,1,0.227427597955707
85523,10,-0.0684596577017114
83625,1,0.1840688912809474
83621,5,-0.0438287153652393
83622,2,0.2690058479532162
83633,7,0.389873417721519
83638,10,-0.0530098831985625
83630,7,0.5539906103286385
83653,9,0.131578947368421
83669,5,0.1134751773049647
83661,6,0.046031746031746
83815,8,-0.0035760728218466
83602,6,0.042674253200569
83677,10,0.6882352941176471
83694,7,0.0461538461538462
83683,6,-0.047422111938241
83693,7,-0.0445402298850574
83702,2,0.5151515151515151
83744,7,0.5763929618768326
83740,2,0.1414868105515587
85824,5,-0.0155595451825254
83764,9,-0.0015847860538826
83722,7,0.0651685393258427
83789,2,0.0645454545454546
83720,9,0.0748062015503876
83779,5,0.2048611111111109
83800,2,0.1671215283352061
84806,8,-0.0177619893428064
83799,3,0.0355600477809427
83813,7,0.1145569620253164
83790,2,0.0444444444444442
83807,5,0.1203045685279189
83756,7,0.0982948846539617
83866,5,0.0047827819848544
83916,9,-0.0787610619469026
83879,4,0.0297427652733119
83832,6,0.0068825910931173
83822,5,0.0952775476387739
83844,2,0.2181693048864417
83828,9,-0.1295116772823779
83908,3,0.1254019292604502
83893,9,0.031932830941812
83838,10,0.221774193548387
83889,3,0.0937459283387622
85857,10,-0.0170161045274991
83860,9,0.1363636363636362
84736,6,-0.0196078431372548
83883,10,0.0455192034139402
83850,10,0.091715976331361
83862,10,0.1059288537549407
86300,9,0.0238805970149253
83897,5,-0.2638190954773869
83910,3,-0.1252566735112936
83884,2,0.0745098039215688
83906,9,-0.0535331905781584
83885,1,0.0682414698162729
83903,5,-0.0352588147036759
83831,8,0.0109890109890109
83934,9,-0.0488126649076517
83929,7,-0.1145833333333333
83969,9,0.142857142857143
83928,6,-0.0567222342498375
83918,10,0.1268894192521876
83981,2,0.2099792099792101
83931,10,0.1809218069250173
83991,9,-0.0101314348302301
83967,5,0.0660017600469344
83944,10,0.454681089145841
83995,1,-0.000788643533123
84007,10,0.1523702031602709
83950,3,-0.010752688172043
83961,3,-0.0373263888888888
83982,4,-0.0776852952833928
83942,3,0.4726631393298059
83946,2,-0.1373626373626373
83965,1,0.3597560975609757
84001,1,-0.108843537414966
83953,10,0.0222222222222221
84047,1,0.1732009925558313
84069,4,0.0379048931771193
84140,8,0.0027472527472527
84030,3,-0.1797468354430379
84104,5,0.0135900339750849
84131,1,-0.0172413793103447
84023,9,-0.0923076923076923
84026,2,0.0771428571428571
84117,7,0.6214031339031341
84103,3,-0.0387062566277837
84062,3,-0.1253351206434315
84110,6,0.0106382978723404
84036,2,-0.0222325150532654
84133,1,0.3936430317848411
84636,10,0.0381374722838137
84508,2,-0.0930232558139534
84052,2,0.3258196721311475
84058,1,0.0423301870403614
84020,9,0.0349959774738535
84134,9,-0.0091185410334346
84136,7,-0.1441383728379244
84098,9,0.3533308796466692
85996,4,0.0458030273245528
84042,5,-0.0945686900958466
84111,9,-0.0030935808197988
84010,3,0.1169934640522876
84060,7,0.139344262295082
84107,7,0.3603603603603602
84041,8,-0.026098901098901
84032,8,0.1498211091234347
84057,1,0.0749185667752443
84031,2,0.1005154639175256
84056,4,0.0076045627376426
84075,1,0.0815077319587629
84164,3,0.3986013986013985
84168,9,0.050314465408805
84203,1,0.2645161290322579
84186,2,0.4105960264900661
84238,8,0.0699823943661972
84247,3,0.18503937007874
84280,7,0.3222222222222222
84250,8,0.102272727272727
84243,3,0.0338461538461538
84234,9,0.1458670988654782
84214,6,-0.0199146514935989
84281,2,0.0649819494584837
84162,8,0.0342857142857142
84172,5,0.1351667641895844
84262,5,-0.02
84169,6,-0.0405585106382978
84277,7,0.7006802721088436
84283,1,0.0848041325871717
84210,2,-0.0738028169014083
84348,9,0.2199582027168234
84325,6,0.0766961651917403
84330,7,0.2751937984496122
84311,2,0.0370370370370369
84365,1,0.0345394736842106
84342,2,0.1147540983606556
84291,9,0.0816326530612243
84364,5,0.0682835820895522
84302,2,1.5
84320,10,-0.0242038216560508
84373,9,0.1626316509369443
84319,6,0.0289567631892107
84317,7,0.3818181818181816
84309,5,-0.0053763440860216
84331,3,-0.5293118096856415
86440,9,0.0082908491683402
85176,3,-0.16911045943304
84313,9,-0.0168115942028984
84438,1,0.1132596685082873
84385,10,-0.0293440736478709
84420,10,0.1486486486486484
84426,2,0.2006079027355622
84511,7,0.2255639097744359
84559,3,0.3198269079464986
84531,1,0.1419392523364486
84525,2,3.135802469135802
84742,7,0.0143266475644698
84536,2,-0.0390163934426228
84514,7,-0.0345423143350605
84561,2,-0.0297619047619047
84563,3,0.005105882352941
84549,7,0.1640866873065014
84565,10,0.0156249999999997
84555,5,0.0399148483235762
84543,7,0.0941176470588236
84571,7,0.077450980392157
84624,1,0.0646303674192121
84616,5,0.0526960784313725
84605,10,0.2710098624809003
84604,2,0.1257208765859285
84530,3,-0.0296442687747034
84606,3,-0.0991740118631854
84620,3,0.1857707509881423
84389,8,0.0579806731089636
84597,3,0.1241051810900844
84738,4,0.0025720164609051
84737,9,-0.0422783323546683
84749,8,-0.0547945205479452
84763,9,-0.0014265335235377
85211,7,0.1620370370370367
84607,7,0.4437367303609341
84509,2,0.2888888888888887
84599,10,0.0
84656,5,0.0982735723771581
84756,9,0.0056675062972291
84734,1,0.0821661998132585
84779,4,0.019806763285024
84792,5,0.0038610038610038
84784,3,0.0596205962059621
84827,3,0.0149837133550487
86075,4,-0.0466727536387561
84811,9,0.0407239819004525
84768,7,0.640625
85204,3,0.0098765432098766
85035,7,-0.0566600397614314
85002,2,0.0122850122850122
85005,7,0.1111111111111111
85072,6,0.0486111111111111
85034,3,0.1785885741718675
85067,6,-0.0161001788908766
85051,6,-0.0200348432055749
85013,9,0.083743842364532
85047,5,-0.0627808393387027
85077,5,-0.0218190733022799
85020,3,0.2623985572587917
85025,3,0.1598185026468364
85059,5,0.2208029197080292
85168,1,-0.0464344941956882
85240,2,0.1183856502242153
85187,3,0.1526750761200521
85210,2,-0.0376344086021506
85177,3,-0.1078651685393258
85178,10,0.014827018121911
85225,7,0.4453781512605042
85175,7,-0.0752351097178682
85158,3,-0.2346938775510204
86279,8,-0.0400943396226415
85245,4,0.0859728506787329
85222,9,0.1677852348993287
85198,4,0.0053262316910784
85246,6,0.0250844187168355
85680,1,0.0872093023255813
85231,9,0.1408450704225352
85216,3,0.204928429063236
85255,4,0.0107639800472563
85213,5,0.0215995329830704
85196,9,-0.146067415730337
85223,7,0.0476190476190476
85292,2,0.0732673267326733
85304,5,0.0644374782305816
85280,9,0.083182891265102
86004,9,-0.0187590187590187
86818,3,0.2982708933717577
85311,2,0.0458452722063036
85306,3,0.7554054054054054
85291,2,0.3473684210526315
85320,10,2.87032967032967
86264,9,0.0063973063973064
85319,5,0.1631108052305574
85531,6,0.0511904761904762
85298,1,0.1908517350157728
85351,10,0.3397435897435896
85401,7,-0.1222707423580786
85349,6,-0.0796019900497513
85382,7,0.3444444444444443
85333,3,-0.0693069306930693
85348,1,-0.0142441860465116
85372,3,0.1941553242594074
85317,9,-0.0332930513595166
85405,7,0.1440677966101695
85625,10,0.1455847255369928
85354,10,0.6059999999999999
85336,5,0.066546762589928
85353,1,0.2255920232654757
85356,10,0.1313672922252009
85395,5,0.0537931034482759
85358,6,0.0654999999999998
85453,6,-0.0425531914893617
85486,3,0.126410835214447
85611,1,0.2289915966386555
85418,9,0.0359025032938076
85502,2,0.1411917098445596
85516,1,0.1560480147737764
85452,10,0.1666666666666665
85411,1,-0.0739856801909307
85463,2,-0.0198675496688741
85482,3,0.0446927374301675
85440,6,-0.013953488372093
85488,10,0.0733992712129099
85517,5,0.0780141843971631
85458,10,-0.1069437404967055
85432,6,0.1277777777777777
87139,10,-0.0188225871045253
85500,1,0.1265164644714038
85415,7,-0.0909090909090909
85424,4,0.1595092024539877
85445,3,0.0679738562091505
85492,3,0.1880733944954127
85495,1,0.0740432612312813
87114,5,-0.0304109589041096
85457,7,0.1523364485981309
85512,2,-0.2706422018348624
85427,5,0.0157502072395689
85419,5,0.1360544217687074
85496,2,0.1104972375690609
85540,7,0.0221238938053098
85590,6,-0.0191666666666665
85621,8,0.0850509357972044
85629,8,0.0415094339622641
85524,4,0.1061946902654866
85627,10,-0.0235602094240838
85579,2,0.3070866141732282
85539,7,0.0031499878846619
85571,10,0.1675503711558854
85622,3,0.0666666666666666
85798,6,0.1025641025641026
85593,9,0.2185658859031469
85521,5,0.0296789824348877
85549,2,0.0924855491329479
85567,9,0.0565568676196395
85576,2,-0.0210157618213659
85522,7,0.2244556113902847
85526,1,0.2693333333333332
85565,10,0.6019777503090236
85686,3,0.0493653032440057
85702,1,0.0964912280701755
85725,10,0.065491183879093
85675,5,-0.0076416337285903
85559,5,0.0491467576791808
85707,3,-0.0310077519379845
86162,10,-0.0324999999999999
85548,5,0.1088082901554403
85645,8,0.0208998548621188
85710,5,-0.118350268977884
86017,1,0.3945205479452054
85716,2,0.2105263157894736
85647,6,-0.0420200462606014
85663,9,0.163032191069574
85653,3,0.0311958405545929
85717,4,0.0280641466208475
85728,9,0.0106675843083277
85708,8,-0.0329545454545455
85883,4,0.0516252390057361
86419,10,0.0637681159420291
85752,9,0.2126081582200247
85740,5,0.0420112471055242
87138,2,0.2893275755706352
85731,9,0.0194603130370163
85751,1,0.02423975319524
85656,8,0.2708333333333332
85880,4,0.0221674876847293
85763,9,-0.0137614678899081
85776,1,0.1403118040089086
85744,3,-0.0200501253132832
85786,2,-0.008274231678487
85768,5,0.0929729729729729
85724,7,0.2511801242236025
85755,3,-0.0504273504273504
85738,1,0.1895582329317269
85803,5,-0.1160975609756097
54624,6,0.05
85814,7,0.006190476190476
85933,1,0.1374999999999999
85770,8,0.1083916083916083
85792,7,0.1205479452054794
85854,7,0.607142857142857
85822,4,0.1492007104795736
85836,2,0.1710144927536232
86497,10,-0.0350877192982456
85839,3,0.4328493647912885
87024,8,0.0170783775541323
85966,9,0.0024752475247524
85816,1,0.1669902912621357
85846,7,0.1561983471074379
85894,7,0.3441108545034643
85886,1,0.2376899696048633
85889,2,-0.1251474304970513
85931,4,0.1312872975277066
85903,2,0.1765624999999999
85804,3,-0.0221543162719632
85739,3,0.0328798185941041
85865,10,-0.0134222222222222
85861,8,-0.0361990950226244
85876,6,0.0736725048651654
85923,10,0.0222222222222221
85864,7,0.1841746248294677
85963,10,0.193121693121693
85993,3,-0.2482213438735178
86003,8,0.1409958120055841
86102,1,0.0521117166212534
86111,7,0.0157116451016636
87014,6,0.0031867431485022
85860,4,0.0338983050847456
86354,5,0.1655011655011655
85863,5,-0.025137614678899
86570,10,-0.2016991818753933
87488,8,0.028322440087146
85874,10,0.0020779220779221
85829,1,0.0440835266821346
85879,1,-0.0525756771109929
87501,6,-0.0178602881600733
87508,7,0.3130434782608697
85950,8,-0.0166579906298802
85669,8,-0.0057142857142857
87472,7,0.1904761904761904
85986,2,-0.2818181818181818
85939,2,0.2860169491525426
85951,3,0.0259067357512954
85943,10,0.0874476987447698
85953,7,0.0421052631578948
86248,3,-0.1641086186540732
85976,10,0.1186525892408245
85980,4,-0.0207885304659497
85985,10,0.1347517730496454
85995,7,0.397336293007769
85959,6,0.0132158590308371
85978,8,0.0219879518072287
86302,8,0.0406504065040649
85994,4,-0.0160320641282565
85948,6,0.0398846708313311
85992,9,0.0130246020260491
86006,3,-0.0137807070101857
85946,10,0.3969849246231154
86047,10,-0.0413450937155457
85979,3,0.0
86073,10,0.0686003243965269
86062,3,-0.2631578947368421
86034,6,-0.1629629629629628
86026,10,0.2041645505332656
86063,7,0.7666666666666668
86021,1,0.0408878504672898
86083,10,0.0242446848190973
86097,9,-0.0150913423351866
86051,7,0.2411575562700965
86113,2,0.3840304182509506
86048,7,0.1729729729729729
86774,10,-0.1641221374045802
86196,5,0.1744583808437858
86128,5,0.1580030880082348
86156,2,0.0033444816053511
86164,8,0.260649819494585
86198,2,0.3181818181818181
86211,3,0.1890243902439023
86109,10,0.0491967871485943
86150,5,0.0434782608695654
87318,9,0.075268817204301
86166,5,-0.0022047244094488
86157,8,0.1389793702497284
86158,10,0.186459246275197
87067,10,-0.0286183814982565
86151,9,-0.0192307692307692
86249,3,-0.0050632911392405
86199,9,0.1186232329440688
86188,5,0.0870159453302961
86155,10,-0.0768181818181819
86176,7,0.09305373525557
86178,2,0.0201005025125626
86180,7,0.1436363636363635
86288,5,-0.009832134292566
86228,9,-0.0265314085056573
86235,2,0.2607287449392712
86240,10,0.0781671159029648
87131,10,-0.0586630286493859
86299,8,0.0657318141980718
86258,5,0.1363636363636362
86298,7,0.1047619047619048
86236,2,-0.0996784565916398
86250,6,0.1148730350665054
86301,7,0.2987421383647797
86284,9,0.075268817204301
86287,6,0.0261003070624361
86244,10,0.0490716180371353
86233,9,-0.0142857142857144
86260,2,-0.0412926391382406
86246,3,0.0295055821371612
86728,3,0.081726354453627
86312,6,0.0025706940874037
87160,2,0.2717948717948717
86323,1,0.2233676975945016
86307,4,0.0285067873303166
86576,8,-0.0435886584849766
86713,1,0.7420689655172414
86322,3,0.0692307692307692
86332,6,0.1465076660988074
86305,2,-0.0423825887743414
86337,7,0.0644444444444445
86226,10,0.0747663551401869
86316,1,0.0239085239085239
86339,7,0.1242067089755214
86338,3,0.4552238805970148
86333,7,-0.005787037037037
86324,2,0.2181372549019606
86362,9,0.0427807486631015
86356,7,0.0359077542176133
86253,4,0.0141891891891892
86721,1,0.0011123470522802
86397,1,-0.0140845070422535
86945,7,-0.0458015267175573
86437,1,0.0228380805748011
86435,3,-0.1096358792184725
86401,8,0.0271012006861064
86432,4,0.0538869257950529
86489,3,-0.0597738287560581
86496,7,0.3400402414486922
86512,1,-0.0588235294117647
86516,4,0.1088777219430485
86527,7,0.3436974789915965
86544,3,0.4815618221258133
86525,3,0.1884654994850667
86531,8,-0.0187541862022772
86447,1,0.0572483841181901
86543,8,0.0259009009009008
86526,9,-0.1392169049098819
86529,1,0.0025062656641603
86533,1,0.0402062321921214
87069,3,0.0542168674698795
86573,9,0.0176190476190476
86574,8,-0.0645161290322581
86578,5,0.2315789473684211
87342,8,0.0966824644549761
86582,10,-0.7621276595744682
86579,10,0.4113137414333836
86547,5,-0.0410687778327562
86548,6,-0.0335151987529228
86560,4,-0.1010196374622356
86583,5,-0.05
86602,1,0.0007418397626113
86719,5,-0.0257078986587183
86709,2,0.0033311125916055
86727,3,-0.0722154222766218
86715,10,0.1221401549270402
86591,4,0.0362389813907932
86595,2,0.003448275862069
86717,1,0.1111111111111111
86729,7,0.0024999999999999
86739,7,0.0484581497797356
86720,9,0.0201414184701091
86718,3,0.6549165120593692
86725,10,0.1012730653697611
86770,5,0.0748258557411429
86780,2,0.0143266475644698
86748,2,-0.0070588235294117
86761,10,0.0275862068965517
86777,3,0.2625698324022345
86751,9,0.170940170940171
86763,3,0.3798024149286498
86789,6,-0.039846375420067
86791,10,0.1127853881278539
86768,7,0.6541353383458648
86778,9,-0.1848275862068965
86783,3,0.0687150837988828
86810,6,0.0202738283307004
86820,10,0.0604674374116276
86756,4,0.0963606286186933
86823,9,0.1335326357747881
86840,10,0.0169491525423728
86822,2,0.1775312066574204
86819,3,0.081296992481203
86850,7,0.5185185185185184
86813,1,0.0661183169882948
86858,2,0.0279001468428781
86838,2,0.0024999999999999
86827,8,-0.0160550458715597
86799,9,-0.108108108108108
86830,1,-0.0310679611650486
86836,3,0.1345454545454545
87039,6,0.06
86899,9,0.1718166383701187
86916,4,-0.056777493606138
86923,8,0.0775473399458972
86924,10,0.1847290640394088
86926,7,0.0779861796643632
86876,5,0.159322033898305
86885,7,0.137418755803157
86887,5,0.0750000000000001
86935,1,-0.0367892976588629
86908,8,-0.1348195329087048
86890,2,0.0718562874251498
86910,1,0.0247933884297519
86915,8,0.0559006211180124
86897,9,0.2341666666666666
86946,7,0.0156491831470335
83554,1,0.0594795539033456
86964,5,0.3545816733067728
86988,5,0.1737804878048781
86982,7,0.0287769784172662
86949,1,-0.0343558282208589
86990,7,0.3481818181818181
86996,7,0.1835106382978724
86983,7,0.0536912751677853
87006,10,-0.0915032679738561
87013,2,0.0866666666666666
86952,2,0.16015625
87002,8,0.0102766798418971
86958,10,-0.1414728682170543
86966,10,0.0061349693251533
87000,10,0.211290322580645
86965,8,-0.1087495572086433
86977,10,0.3978021978021979
86979,10,0.5433618843683083
86991,3,0.0370370370370372
87103,2,0.5354330708661417
86961,10,-0.110738255033557
87016,9,0.050071530758226
87020,3,0.0750717597703687
87121,9,-0.0228613569321534
87023,7,0.2638888888888888
87100,3,0.195364238410596
87126,3,-0.054054054054054
87049,6,-0.0398829125503109
87054,7,0.5177664974619292
87093,10,0.0565345080763584
86975,1,0.0718113612004287
87066,3,-0.0136986301369862
87110,2,0.0029013539651836
87085,10,0.2238372093023255
87087,2,0.2647058823529411
87099,2,0.0235294117647058
87075,3,-0.0697862041145623
87056,7,0.0295103092783506
87074,7,0.1583514099783078
87105,3,0.2188065099457503
87118,3,-0.0164899882214371
87034,6,-0.0119760479041916
87086,10,0.6339285714285714
87081,2,0.0037735849056603
87097,4,0.0910652920962198
87134,1,0.0428969359331476
87162,6,-0.0786618444846294
87183,10,0.0648242227189594
87167,2,0.1884057971014492
87165,7,-0.0866807610993657
87158,7,0.0
87189,3,-0.1527446300715992
87156,7,0.5227272727272727
87179,9,0.1513157894736843
87173,7,0.2258709677419355
87172,3,-0.1843749999999999
87178,3,0.3664906918588497
87140,2,-0.144815766923736
87211,2,0.0796645702306078
87265,7,0.0338028169014084
87228,1,0.19001386962552
87241,7,0.4302670623145401
87264,7,0.0480769230769231
87257,3,0.1781420765027321
87242,1,0.0202702702702703
87358,3,-0.0337627721012884
87229,3,-0.1258690084156604
87233,5,0.0521005385996409
87301,3,0.3753581661891116
87236,7,-0.0653061224489796
87254,1,0.054229934924078
87219,4,0.1138952164009112
87267,9,0.092449632837507
87314,5,-0.0899959823222178
87357,3,-0.109166983643971
87316,7,0.1499999999999999
87345,10,0.3896648044692736
87340,10,0.0138441725692208
87350,2,-0.0093023255813954
87327,7,0.0619195046439629
87268,6,-0.0145228215767635
87361,9,0.0827906976744186
84108,2,0.0118918918918917
87269,8,0.0065645514223193
87277,2,0.3258883248730966
87302,2,0.1481218993621544
87298,2,0.106736842105263
87292,6,-0.0924686192468617
87349,7,0.1577060931899641
87299,3,0.203531598513011
87321,2,-0.0840336134453781
87337,7,0.3020689655172413
87407,7,0.34375
87379,3,-0.1811175337186898
87439,7,-0.0707964601769912
87430,10,-0.0370121130551815
87378,7,0.2039800995024876
87441,7,-0.3415233415233416
87394,7,0.1680672268907563
87419,7,0.1999999999999999
87415,7,0.0635696821515894
87457,2,0.7125000000000001
87414,10,0.1642857142857143
87385,10,-0.0833333333333332
87424,7,0.5151515151515151
87373,7,-0.0822784810126583
87400,2,0.3168724279835391
87412,7,0.0420258620689655
87420,7,0.1042253521126761
87418,1,0.2729927007299269
87384,3,0.0445205479452055
87510,10,0.1749999999999998
87445,6,0.0212201591511935
87449,6,0.0008149959250203
87482,2,-0.0518796992481204
87474,7,0.6588235294117646
87494,5,0.0192771084337348
86806,2,0.0941768511861971
87507,1,0.0798946444249342
87487,10,-0.0417376490630323
87489,7,0.3746268656716418
87521,3,0.0119176598049837
87523,7,0.0
87492,3,-0.2283582089552239
87478,7,0.3663663663663663
87518,7,0.7623762376237624
87465,2,0.2470588235294117
87499,2,-0.0827845719661336
87525,9,0.0019912385503784
23887,8,-0.0555555555555554
48506,10,0.0551610239471511
26382,10,-0.0384615384615385
54594,10,-0.1070234113712373
11624,2,0.1231292517006803
11790,6,0.0857553956834531
13056,6,-0.0406950160036579
50091,4,0.1011818968002307
14526,9,0.0334801762114538
11581,7,0.003867403314917
15203,5,0.0224948875255623
15748,2,0.2264150943396226
16126,1,0.1685393258426966
17137,8,0.3103030303030303
85885,7,0.4814814814814816
85914,9,-0.0354134762633997
18092,9,0.0673660960795139
18244,8,-0.0069834781127576
84839,5,0.0686767169179229
67176,8,-0.1016068052930055
20670,3,0.0319829424307036
64899,4,0.0209154289178539
22905,9,0.1245810055865921
47175,1,0.0562685093780848
23660,9,-0.1011976047904191
23975,5,-0.0170068027210884
82542,9,0.0498489425981873
30680,6,-0.0644736842105262
56274,8,-0.0170519136036376
27642,10,-0.0337078651685394
55589,2,0.0666666666666666
31318,5,0.159073359073359
31668,3,-0.0481370682621703
54391,4,0.0502346121998344
32046,1,-0.3253373313343328
32054,7,0.0756302521008402
47511,6,0.0392156862745098
33188,1,0.0389610389610388
48143,2,0.0495238095238095
23552,5,0.0611111111111111
60628,6,-0.0032592592592592
57330,5,0.0989583333333332
37875,4,-0.0585070611970409
20765,8,-0.0157845868152274
17144,1,0.0028697571743929
39328,2,0.0106200753682768
26657,2,-0.0571428571428571
40540,2,0.083076923076923
22250,5,0.2422062350119904
41452,3,0.2411408815903197
44821,1,0.1335740072202167
53129,2,0.0416666666666667
84226,4,0.0578307830783078
89181,10,0.0278011794439763
46843,3,0.211111111111111
46907,3,0.2216905901116428
64020,2,0.0
51423,8,0.0060975609756097
67002,4,0.1503461918892188
52090,1,-0.013953488372093
53613,2,0.195991091314031
54114,8,-0.0024742268041236
55160,1,0.0443310657596371
55213,6,-0.0193050193050191
64442,2,0.1999999999999999
56363,8,0.1014832162373144
51377,5,-0.02385181426034
57665,6,0.0175284837861524
67010,9,0.0142857142857142
34948,6,0.1304604486422667
35107,1,0.0154775386938468
61621,1,0.0075268817204299
51692,5,-0.0507776761207685
43692,2,0.0357142857142858
65307,6,0.0267314702308625
66852,6,0.1114727420667209
46922,10,-0.043046357615894
67193,4,0.0642443391258558
67732,10,0.3222222222222222
77354,4,-0.0569917743830786
69199,6,-0.1838649155722327
38850,9,0.0286779466590192
72128,9,0.036301972114056
72486,5,0.2865612648221343
27764,6,-0.0351493848857645
44951,6,0.0108429520811472
74500,10,0.0
74740,2,-0.026923076923077
65752,5,0.0703275529865123
40061,6,-0.0167721518987342
75433,2,0.1355932203389831
40694,9,-0.0564864864864865
76129,10,-0.0575275397796817
65306,6,0.0948966680725431
92874,5,0.0568936877076411
81294,6,-0.1374434389140271
19502,1,-0.0503023639362288
81614,10,0.1244979919678712
51086,3,0.014690909090909
83601,6,-0.0942872989462009
62042,4,0.0102123282639041
68304,6,0.0300187617260787
10012,7,0.0969696969696971
88867,3,0.0637567435017165
21785,3,-0.0414201183431952
65067,10,-0.082167832167832
10044,5,0.1255784767432739
69032,1,0.0058752376015207
10104,7,0.0476190476190474
75510,10,-0.0199590583418628
10972,10,0.0
11353,8,-0.1023391812865496
75033,6,0.1051401869158878
11185,10,0.0382978723404254
11833,7,0.0566037735849056
75110,10,0.3701923076923077
11794,10,-0.125
12211,8,-0.011089108910891
12171,2,0.3243243243243241
75434,7,0.1856368563685637
80297,8,-0.0447319778188539
75976,5,-0.1933790876059749
75857,7,0.2013536379018612
75993,7,-0.336906584992343
77488,1,0.1850311850311852
76858,3,-0.0377358490566037
76279,3,-0.3257868580894533
76568,9,0.0654296875
76990,3,0.4222222222222223
76605,10,-0.0104447834761178
76623,7,0.0717131474103587
76752,6,0.0933528836754642
76797,9,0.0955302366345312
77163,7,0.3229424063866184
77478,7,-0.0020481310803892
77637,7,-0.0392857142857142
77667,4,0.0788630904723779
77669,3,0.1344678011344677
77803,5,0.1236613457264093
79094,9,0.0459363957597174
79255,8,0.0224409448818898
79505,7,0.2811501597444088
87055,1,-0.0064550833781603
79866,3,-0.2570247933884296
79950,3,0.0103011093502378
80032,2,-0.1424375917767988
80393,10,0.0918032786885247
80599,9,0.063196063196063
80553,10,0.1055849979616796
80719,5,0.0746268656716417
80763,3,0.2441505595116988
81078,5,0.123076923076923
81181,7,0.2666666666666666
81300,10,0.1353652861796186
81655,4,-0.0494296577946767
81713,7,0.4736842105263157
82533,7,0.1024007839294462
82535,1,-0.0419412822049132
82738,10,0.0403669724770641
82777,6,0.0272727272727273
83597,10,-0.0041873855011778
84240,2,0.2251908396946564
20598,3,-0.0618360119858349
84746,1,0.0463768115942027
84785,5,0.0157303370786514
85272,2,0.9096774193548388
85394,2,-0.0111821086261979
85431,6,0.0076752171278529
85796,8,-0.0508356545961001
85972,5,0.063457330415755
86724,10,0.0579710144927536
87092,1,0.1550960118168391
87095,1,0.0833333333333332
87184,3,0.0282365476824721
87214,1,0.1333333333333335
87484,7,0.276470588235294
