firms,mom1,clusters
54594,0.0714285714285714,1
10154,0.0285714285714284,1
10867,0.2073170731707316,1
11790,0.0147058823529411,1
12117,-0.2692307692307693,1
12320,0.0062111801242235,1
13056,0.0136986301369863,1
13283,-0.0069930069930069,1
50091,-0.0780141843971631,1
14286,0.0,0
14526,0.05,1
11581,-0.1065989847715735,1
15203,0.0,1
15828,0.0140845070422535,1
16126,-0.0833333333333333,1
17137,0.0458715596330274,1
85885,-0.1333333333333333,0
85914,0.176079734219269,0
38471,-0.1875,0
55044,-0.0251572327044025,1
18092,0.0652173913043479,1
18244,-0.0952380952380952,0
55108,0.0114942528735633,0
20336,0.0149253731343284,1
20670,0.0652173913043479,1
64899,0.0,0
22905,-0.1538461538461538,0
23115,-0.1323529411764705,1
47175,-0.034313725490196,1
23660,-0.028169014084507,1
23975,-0.0372670807453415,1
30680,-0.0825688073394494,1
53401,0.0126582278481013,1
25583,0.06,0
56274,-0.0080321285140562,1
48637,-0.0684931506849315,0
36150,0.1388888888888888,1
64565,-0.0338983050847457,0
12044,-0.119047619047619,0
87207,0.1111111111111111,0
63554,-0.0173160173160172,1
65218,0.0,1
31318,-0.1739130434782608,0
31536,-0.0162601626016259,1
31983,0.1176470588235294,0
32046,0.104,1
32054,0.1481481481481481,0
47511,-0.0185185185185184,1
33639,-0.0869565217391304,0
48143,0.0080971659919029,1
34041,0.0869565217391303,1
23552,0.0625,1
60628,-0.0637860082304526,1
63597,-0.1081081081081081,0
57330,-0.2211538461538461,1
37875,-0.037593984962406,1
20765,-0.1354166666666666,0
10608,-0.1818181818181817,0
66923,0.1403508771929824,1
17144,-0.0423162583518931,0
88357,0.0166666666666666,1
38907,0.1282051282051282,1
32205,-0.0271739130434782,3
39328,-0.0357142857142857,1
26657,-0.1483253588516746,0
40540,-0.1666666666666666,0
22250,-0.0652173913043477,1
64979,-0.1213389121338912,1
41452,-0.0335570469798657,1
27879,-0.099290780141844,1
50382,-0.1333333333333333,1
52716,-0.0123966942148759,1
42586,-0.1875,0
62287,-0.1085271317829457,1
44821,-0.048780487804878,0
44856,0.0120481927710842,1
45103,0.0,1
89181,-0.176,0
46739,0.0545454545454544,1
46843,-0.04,1
47141,-0.1463414634146341,1
47563,0.0,1
89392,-0.0140845070422535,1
33478,-0.081081081081081,0
61145,0.0,1
50462,-0.0466666666666666,1
49585,-0.0363636363636363,1
64020,-0.0486486486486485,0
11198,-0.1999999999999999,1
51423,-0.019047619047619,1
67328,-0.0294117647058823,0
45022,-0.0382775119617224,1
67002,-0.1023622047244094,1
52090,-0.0379746835443037,1
59942,-0.0115606936416184,1
53613,0.05,0
55213,-0.094017094017094,1
64442,-0.1153846153846154,1
55862,0.1666666666666667,0
65373,-0.0416666666666666,0
52337,-0.0258620689655172,1
51377,0.0425531914893617,1
22066,-0.0467289719626168,1
57665,0.0492813141683778,1
67010,0.1111111111111111,0
25232,-0.0212765957446808,1
34948,0.1231527093596058,1
35107,-0.0158730158730159,1
58675,-0.183673469387755,2
61621,-0.0466666666666666,1
45823,0.0,1
51692,0.0161290322580645,1
63096,0.0149253731343284,1
43692,-0.0833333333333333,0
40571,-0.0631067961165048,1
64427,-0.1475409836065574,0
65058,-0.0388349514563106,1
65307,-0.06,1
79733,-0.0434782608695651,0
66828,0.0128205128205127,0
66852,-0.0967741935483871,0
46922,-0.0572916666666666,1
67193,-0.0612244897959183,0
67679,0.2857142857142858,0
67732,0.1269841269841269,1
67970,-0.1111111111111111,0
91679,0.1043956043956044,1
69199,-0.0657894736842105,1
69682,-0.05,0
70288,0.28,1
38850,-0.0632911392405063,1
71002,-0.1206896551724138,0
25283,0.0095693779904306,1
72128,-0.2380952380952381,1
72291,-0.0909090909090909,0
72486,-0.0279898218829516,0
72603,-0.1538461538461538,1
72710,-0.0172413793103448,1
27764,-0.1081081081081081,1
44951,0.0103092783505154,0
76022,-0.0212765957446808,1
74500,0.4857142857142857,1
60353,-0.0294117647058823,1
74561,-0.1395348837209302,1
65752,0.0,0
74975,-0.05,1
40061,-0.0164473684210526,0
75417,-0.0978260869565217,0
75433,0.0833333333333332,1
40694,0.03515625,1
37640,0.0044642857142858,1
76129,0.0807453416149068,0
48709,-0.0563380281690141,1
92524,-0.375,0
47183,0.2203389830508475,1
65306,0.0210526315789474,1
37612,-0.1052631578947368,1
65103,0.0,0
47917,-0.1081081081081081,1
80013,0.043010752688172,1
61698,-0.0288461538461538,1
92874,0.0,1
81294,-0.0235294117647059,1
19502,0.0060422960725075,0
81614,0.0178571428571427,1
81702,0.0543478260869565,1
64506,-0.0357142857142857,0
82449,0.0769230769230768,0
51086,0.028169014084507,1
53671,0.0,1
83601,-0.101123595505618,1
83687,0.0222222222222221,1
83919,0.3461538461538462,1
88381,-0.0387596899224805,1
88445,0.2054794520547944,0
68670,-0.0576923076923077,1
88867,0.0,1
21785,-0.1891891891891891,0
10048,-0.0735294117647058,1
10175,3.25,0
10361,-0.1818181818181817,0
39416,0.2121212121212121,0
10434,-0.2321428571428571,0
70148,-0.1044776119402984,1
75510,-0.0833333333333333,0
10634,-0.2037037037037037,0
10800,-0.1677852348993288,1
10914,-0.0392156862745097,1
10972,-0.2608695652173913,1
11020,0.1049723756906078,1
11136,-0.1428571428571429,0
11353,0.0212765957446807,1
11344,0.0384615384615385,0
75033,-0.0655737704918032,0
75068,-0.0361990950226244,0
75094,-0.0769230769230768,0
11596,-0.3333333333333333,0
75174,-0.0222222222222222,1
75557,-0.1034482758620689,1
11661,0.0133333333333334,0
11694,0.3714285714285714,0
11727,0.0,0
76270,-0.1811023622047244,0
75110,0.1379310344827586,0
12099,-0.0142857142857142,1
75335,-0.140625,1
11106,0.0810810810810811,0
12006,-0.0583333333333333,1
75434,0.0135746606334841,0
75625,-0.0570719602977667,0
75817,0.0132743362831857,1
75657,-0.0526315789473684,1
75857,-0.0269058295964125,1
76072,-0.0217391304347825,1
76094,-0.0449438202247191,0
76096,0.1016949152542372,1
76138,-0.1079136690647482,1
76279,0.0377358490566037,1
10074,-0.0181818181818181,1
50906,-0.1193633952254642,1
10568,-0.0999999999999999,1
10998,-0.1999999999999999,0
50032,-0.0374999999999999,3
69171,0.0769230769230768,0
68814,0.0222222222222221,0
47730,-0.0119047619047618,1
13232,0.0888888888888888,0
13777,-0.1891891891891891,1
44652,-0.0276497695852534,3
38746,-0.0967741935483871,1
60871,-0.0629370629370629,1
14198,0.0774647887323942,1
14331,-0.0714285714285714,1
45583,-0.0424528301886792,1
14702,-0.0793269230769231,0
15537,-0.0357142857142857,1
68830,-0.1118421052631578,0
85631,0.0905797101449275,1
16185,0.2584269662921348,1
17057,-0.0078740157480314,0
17903,0.0303030303030302,1
49373,-0.2197183098591549,1
18570,0.0122699386503066,1
47642,0.0078125,1
18973,-0.0103092783505154,1
19271,-0.1162790697674418,1
29938,-0.040650406504065,0
10866,-0.0627306273062731,1
20240,0.0512820512820513,1
25320,0.0424242424242424,1
21742,0.0331753554502369,3
11267,-0.1999999999999999,0
22825,-0.2608695652173913,0
26841,0.0444444444444445,1
65533,-0.0561797752808989,0
24572,-0.1666666666666666,0
24951,0.2142857142857142,0
25049,0.0431034482758621,0
25217,-0.1741935483870967,1
25487,-0.0428015564202334,0
69307,0.3333333333333332,0
27124,0.1,0
65541,-0.1428571428571429,0
27562,-0.1420454545454545,1
31026,0.1499999999999999,0
27800,-0.0153846153846153,0
27909,0.1714285714285714,1
28207,-0.25,0
28522,-0.0450581395348836,0
10731,0.1898734177215189,0
59707,-0.15,0
63546,0.4102564102564103,0
29023,0.046875,1
49154,0.0532258064516129,1
19350,-0.1029668411867364,1
49429,0.0613207547169811,1
61313,-0.0652173913043477,1
19254,-0.0588235294117647,1
56960,-0.0789473684210526,1
31500,-0.1620553359683794,1
32839,-0.0357142857142857,1
33209,-0.0857142857142857,0
50788,-0.0606060606060605,0
33690,-0.125,0
34121,-0.0108695652173913,1
34287,-0.03125,1
44708,-0.0151515151515151,1
58405,-0.0566037735849056,1
46295,-0.1467391304347826,1
37058,0.0097087378640776,1
46164,-0.0506329113924051,1
26382,-0.1338383838383838,1
37103,-0.088235294117647,1
31974,-0.0288065843621398,1
62228,0.3846153846153846,0
59010,0.0442804428044281,1
60935,0.0566037735849056,1
40838,-0.0304054054054053,1
19174,0.1714285714285714,1
21055,-0.2105263157894736,1
59547,-0.0240963855421686,1
47888,-0.0093457943925233,1
62367,0.0,2
39670,0.0384615384615385,1
49189,-0.0769230769230768,0
40628,0.0,1
40644,0.0298507462686568,1
39765,0.0222222222222221,1
32600,-0.375,0
23077,-0.0168918918918918,1
41663,-0.1791044776119402,1
27828,-0.0012771392081737,1
32803,0.0456852791878172,1
42366,-0.5,0
32926,0.0045871559633028,1
42922,0.0476190476190476,0
43474,0.0,0
44389,0.0588235294117647,1
12503,-0.019047619047619,0
45560,0.0,0
45699,-0.0185185185185184,1
12040,0.0714285714285714,0
46149,0.0625,0
46237,-0.02,1
33267,-0.25,0
57437,0.0186335403726707,1
47571,-0.0869565217391304,0
53495,-0.175,0
50374,-0.0990099009900989,1
48291,-0.0526315789473684,0
48347,0.0082644628099173,1
64282,0.0472972972972973,1
26294,-0.0714285714285714,1
53612,-0.0971223021582733,1
61399,-0.0597484276729559,1
62316,-0.0333333333333333,0
50519,0.0,1
51960,0.1071428571428572,1
13100,-0.0429042904290428,1
51984,-0.1739130434782608,1
27617,0.0,0
64637,-0.0655737704918032,1
60097,0.0143540669856458,1
22891,-0.1098901098901099,1
53050,0.0,0
60548,-0.0074626865671642,1
53189,-0.1529411764705882,1
55191,-0.0845070422535211,1
48063,-0.0483870967741935,0
54843,0.1363636363636364,1
68582,0.0,1
47773,-0.075046904315197,1
56339,0.0517241379310344,1
56419,-0.25,0
56777,-0.1290322580645161,0
34665,0.1754385964912281,0
57809,0.0178571428571427,1
57817,-0.0203045685279187,1
57884,-0.0374999999999999,1
58473,-0.0909090909090909,0
53639,0.0507614213197968,1
59185,0.0201342281879195,1
45313,-0.0625,1
59767,-0.0495049504950495,1
60055,-0.1351351351351351,0
60346,-0.031578947368421,1
60679,-0.0633333333333333,0
35051,-0.0206896551724138,1
75310,-0.0424242424242424,0
18403,-0.0935960591133004,1
35238,-0.0972222222222222,1
62384,-0.0840336134453781,1
13936,0.1043478260869565,1
64338,-0.1063829787234043,0
49971,-0.0248447204968944,1
63686,0.0666666666666666,0
63715,-0.0227272727272727,1
91193,-0.1764705882352941,0
43748,-0.0983606557377049,1
64697,-0.05625,1
42307,-0.0954773869346733,1
62033,-0.0128205128205127,1
61620,0.0,1
67177,-0.0454545454545454,1
25312,0.0,1
67620,0.3333333333333332,0
91556,-0.009009009009009,0
62682,0.0248447204968944,2
25718,-0.125,0
68065,-0.1052631578947368,1
41320,0.0909090909090908,1
68428,-0.015625,0
39773,0.1794871794871795,1
50948,0.0769230769230768,0
70376,-0.0833333333333333,1
70923,-0.0217391304347825,1
72005,-0.0434782608695651,1
72961,-0.1883116883116883,1
73083,0.069767441860465,1
54981,0.0,0
73796,0.1666666666666667,1
74230,-0.0212765957446808,1
75345,-0.0999999999999999,0
53751,-0.0869565217391304,0
75951,0.0,0
76081,-0.0304878048780488,1
60580,0.0090090090090089,1
63036,0.05,0
76743,-0.136986301369863,1
50278,-0.108695652173913,1
25937,-0.0763888888888888,1
79338,-0.2714285714285714,0
46260,-0.0259740259740259,1
79840,-0.1111111111111111,1
37807,-0.1331058020477815,1
80179,-0.0690335305719921,1
80347,0.0434782608695651,1
80654,-0.0073529411764705,1
80857,-0.0491803278688525,0
59627,0.0135135135135135,1
81190,0.0093457943925232,1
55976,-0.0106382978723403,0
51932,0.0,1
44783,-0.1216216216216216,1
82924,-0.0114285714285714,1
83011,-0.1213768115942028,0
15456,-0.0887096774193548,1
40539,-0.0396825396825396,1
89245,0.0,1
91572,0.1057692307692308,0
34228,-0.1818181818181817,0
91994,0.125,1
10025,-0.0704225352112676,1
86511,0.0120481927710842,1
90609,0.0743243243243243,0
69411,0.0,1
67467,-0.0344827586206896,0
69032,-0.0956022944550669,0
10089,0.0,0
10136,-0.1694915254237288,1
10182,-0.1392405063291139,0
10222,-0.1071428571428571,0
10248,0.0526315789473683,1
10247,-0.3111111111111111,0
10256,0.0526315789473683,0
10259,-0.0535714285714286,0
75500,0.1153846153846154,1
10501,-0.0869565217391304,1
10185,-0.2567567567567568,0
10514,-0.1584158415841584,1
10531,-0.1333333333333333,0
10578,-0.0333333333333333,1
10178,-0.0980392156862745,1
10622,-0.1351351351351351,1
10633,-0.217391304347826,0
10709,-0.0999999999999999,1
10010,0.0714285714285714,1
10706,-0.0789473684210526,0
11747,-0.0153846153846153,0
76563,0.003875968992248,0
10199,0.0058823529411764,1
10845,0.0634920634920634,1
10870,-0.03125,1
75527,-0.0642857142857142,1
75528,0.0,0
10984,0.3333333333333332,0
32563,0.0649999999999999,1
11103,0.1658291457286431,1
71837,-0.0246913580246913,1
11154,0.0,1
11202,0.3248945147679325,0
10325,-0.0296296296296296,1
11343,0.0126582278481013,1
71685,0.0610687022900764,1
11379,0.1864406779661016,0
11278,-0.0526315789473684,0
11475,-0.1693548387096773,0
11484,-0.06,0
11480,-0.1428571428571429,0
75066,-0.0327868852459016,1
10790,-0.0434782608695651,0
75100,0.0608974358974359,1
11651,-0.1111111111111111,0
75172,-0.1022727272727272,0
86677,-0.0697674418604651,0
75563,0.0416666666666667,0
75179,-0.0347826086956521,1
11663,0.0,1
11959,0.0588235294117647,1
11928,-0.0692307692307692,0
11081,-0.0323033707865169,0
75700,0.0227272727272727,0
75621,-0.0422535211267606,1
75659,-0.0999999999999999,0
75615,-0.1018518518518518,0
79410,-0.0204081632653061,1
75614,0.0196078431372548,1
75655,-0.0422535211267606,1
75905,-0.4166666666666666,0
76052,-0.0425531914893616,0
76075,-0.0865384615384615,1
76076,0.0705394190871369,0
76106,-0.0769230769230768,0
76132,0.0823529411764705,0
76217,0.5384615384615385,0
76286,0.0208333333333332,0
56354,-0.0625,1
65832,-0.034965034965035,1
66413,-0.0652173913043477,0
21020,-0.0793650793650794,1
85041,0.1950617283950617,1
62500,0.1071428571428572,1
10496,0.8666666666666667,0
27991,0.0402684563758388,1
10517,0.0309278350515462,0
20482,0.0282258064516129,1
10656,0.0,1
10123,0.0,1
10664,0.2604166666666667,0
10057,-0.1944444444444444,1
63837,0.2891566265060241,1
60038,-0.1785714285714286,1
51510,-0.1764705882352941,0
10752,0.0,0
61487,0.1612903225806452,1
10875,-0.0229885057471264,0
61241,-0.0426540284360189,1
11042,-0.1436170212765957,0
61081,-0.0401785714285714,1
28222,-0.0706806282722513,1
51721,0.0259740259740259,1
28804,-0.0575539568345323,1
49584,-0.0227272727272727,1
42083,0.0098522167487684,1
48514,-0.0175438596491228,1
63845,-0.0679012345679012,1
11691,0.032258064516129,1
44740,-0.0103092783505154,0
11851,0.0206896551724138,0
26331,-0.0517241379310344,0
10145,-0.0577617328519856,1
85033,-0.1023102310231023,0
41443,0.0869565217391303,1
45911,-0.0377358490566037,0
12205,-0.0465116279069767,1
24643,-0.0425219941348973,1
64856,0.0845070422535212,1
28484,-0.085427135678392,1
60046,-0.037037037037037,0
39482,0.0466321243523315,1
10225,0.014388489208633,0
56119,-0.0955056179775281,1
12758,-0.088235294117647,1
24109,0.03125,1
12811,-0.1052631578947368,0
12918,0.0401891252955082,1
15667,0.0275590551181101,1
65859,-0.0306748466257669,1
50112,0.0386740331491712,1
13304,0.062992125984252,1
29049,-0.1023890784982934,1
13603,0.04,1
46527,-0.0806451612903226,1
65111,-0.0824742268041237,1
58560,-0.0816326530612244,1
13769,0.1666666666666667,0
69200,-0.0535714285714286,1
10401,-0.1068181818181818,1
11144,-0.0714285714285714,1
23544,-0.0232558139534884,1
10460,-0.0275862068965517,1
14008,0.047085201793722,1
14059,-0.0625,1
27051,-0.0477759472817133,1
19553,-0.039447731755424,1
18075,0.0,1
64151,-0.1818181818181817,0
14219,-0.0670731707317072,1
14227,0.3,1
87119,-0.0088495575221239,1
29073,-0.0056497175141242,0
14323,-0.0579710144927536,1
29102,-0.0169491525423728,1
59184,-0.0320197044334975,0
29145,-0.0364963503649634,1
39490,-0.0044444444444444,1
14593,-0.1374819102749638,1
52804,-0.2068965517241379,0
14761,0.1666666666666667,0
10516,-0.0349344978165938,1
29380,0.0,0
17566,-0.1403508771929824,0
19692,-0.036144578313253,1
15035,-0.1420911528150134,1
29209,-0.0364238410596026,1
15166,0.0793650793650793,0
21143,-0.0153846153846153,1
10364,-0.1314741035856573,1
24272,-0.1254019292604501,1
15457,-0.1111111111111111,1
15465,-0.0735294117647058,0
15502,-0.2463768115942028,1
15553,-0.0884615384615384,1
10604,-0.0449826989619377,1
15684,-0.1285714285714285,1
20458,-0.3870967741935484,0
15721,0.0097087378640776,1
49701,-0.1320754716981131,1
15820,0.0909090909090908,0
69542,-0.0454545454545454,0
44644,-0.0428265524625267,1
16030,-0.0215827338129496,0
44601,-0.0408921933085502,1
27684,-0.0433333333333333,1
40416,-0.0217391304347825,1
58376,0.0588235294117647,2
16193,-0.025,1
65496,-0.0769230769230768,1
64717,-0.0394736842105263,1
53110,-0.0398009950248756,1
85754,-0.04,0
62797,0.096774193548387,1
52484,-0.0857142857142857,1
75034,-0.1219512195121951,1
10318,-0.0196078431372549,1
58755,-0.0144230769230768,1
57568,-0.0044247787610619,1
16460,0.0384615384615385,0
58480,-0.1607142857142857,1
16468,-0.0967741935483871,1
24221,-0.0268817204301075,1
16564,0.0874999999999999,1
55781,-0.0170212765957447,1
29532,-0.1333333333333333,0
16890,0.0161290322580645,1
46877,0.0612244897959184,1
39693,-0.02,1
16978,0.0,0
85842,-0.1999999999999999,0
47423,-0.2275132275132275,0
26518,0.0269230769230768,1
27887,-0.0096153846153845,1
29612,0.0191570881226053,1
39642,0.0,1
17444,-0.09375,1
65875,-0.0429594272076372,1
29639,0.0666666666666666,2
65883,-0.0258215962441314,1
65509,-0.045662100456621,1
43772,-0.106060606060606,1
19377,-0.0670926517571884,0
42438,0.1742424242424243,0
10786,-0.0718954248366012,1
17815,-0.1027568922305764,1
47992,-0.0661157024793388,1
54164,-0.0655021834061135,1
17962,0.0288461538461537,0
61508,0.1121951219512196,0
18033,0.1935483870967742,0
18156,-0.1025641025641025,1
18316,-0.0526315789473684,0
20220,-0.044776119402985,1
61946,-0.0426829268292683,1
38527,-0.0154440154440154,1
18455,-0.0385964912280701,1
62519,-0.1724137931034483,0
19561,0.0227920227920228,1
42024,-0.0849056603773584,1
51393,0.1126760563380282,0
18754,-0.22265625,1
16571,0.0370370370370369,1
25144,-0.0213903743315507,1
66130,-0.0601851851851852,1
39757,-0.0208333333333333,1
19159,0.0,1
17961,-0.5179856115107914,1
19393,-0.0107066381156316,1
42606,-0.1636363636363637,1
19546,-0.2097560975609755,1
53786,-0.1496062992125983,1
10874,-0.1585365853658537,1
55597,-0.0970149253731342,1
19693,0.0,1
19722,-0.25,0
67176,-0.1153846153846154,1
50227,-0.0225563909774436,1
19888,0.036697247706422,0
10890,-0.1176470588235294,1
67432,-0.2392344497607655,1
19992,-0.0144927536231883,1
59686,-0.0432432432432432,1
20730,-0.0730688935281836,1
20117,-0.0683760683760683,1
20125,-0.0422535211267606,0
45655,0.0514705882352941,1
67838,-0.0225563909774436,1
20299,-0.0689655172413793,0
10989,-0.042056074766355,1
58181,-0.0112359550561798,1
62148,-0.0413793103448275,1
20459,0.0,0
46690,-0.0833333333333333,1
20504,0.0,0
20512,-0.1182795698924731,1
20547,-0.0833333333333333,0
20571,-0.0972222222222222,1
56602,0.0436507936507937,1
20678,-0.1111111111111111,0
20723,0.0201612903225807,0
20750,-0.0119521912350597,1
51414,-0.0843373493975904,1
64880,0.0,0
30330,-0.0165413533834586,1
21304,-0.2424242424242424,0
21371,-0.0267379679144385,0
27334,0.0229885057471264,1
53524,-0.074074074074074,1
23114,0.014218009478673,1
20618,-0.0486725663716813,1
26374,-0.036036036036036,1
86431,0.0,0
56952,0.0272727272727273,1
30402,-0.079646017699115,1
40707,-0.1255813953488371,1
18542,-0.0941422594142259,1
53831,-0.0842696629213483,1
22016,-0.0176678445229682,0
22437,-0.0152284263959391,1
63503,-0.0188679245283018,1
58173,-0.0535714285714286,1
60599,-0.0083333333333333,1
22374,-0.0232558139534884,1
22382,0.3333333333333332,0
22569,-0.0384615384615384,0
41419,-0.2007042253521126,0
21397,-0.0608108108108108,1
22585,-0.25,0
22681,-0.0185185185185184,1
22913,-0.0681818181818182,1
64194,-0.0769230769230768,1
23035,-0.0555555555555555,1
21960,0.0564516129032257,1
23182,-0.0194174757281553,1
14541,-0.0305555555555555,1
30509,-0.0901287553648069,1
23318,0.1465677179962894,1
21282,-0.0960264900662252,1
30525,-0.0520446096654274,1
11260,-0.0025706940874036,0
23393,-0.0888888888888889,1
68320,-0.1111111111111111,0
24117,0.0,1
47677,-0.0612244897959183,1
23481,-0.2127659574468084,0
22680,-0.1278538812785388,1
23537,0.2121212121212121,1
23588,-0.0784313725490196,1
18446,-0.213903743315508,1
66878,-0.0486111111111111,1
24046,-0.0918114143920595,1
27422,-0.0786885245901639,1
24097,-0.0980392156862745,0
46578,0.0787037037037037,1
56741,0.1470588235294117,1
38893,-0.0964912280701754,1
11995,-0.0747663551401869,0
11308,0.0148883374689825,1
24441,-0.1140939597315435,1
64901,-0.2222222222222222,0
24476,-0.0172413793103448,1
30648,-0.0429447852760735,0
18729,-0.0102880658436214,1
24556,-0.0344827586206896,1
52740,0.0,0
24679,0.0,1
11340,-0.116591928251121,1
24935,-0.160919540229885,1
11997,-0.0305343511450382,0
11675,-0.1489361702127659,0
25073,0.5666666666666667,0
61524,0.06875,0
25137,-0.072463768115942,1
41064,-0.0988372093023255,1
25452,0.1341463414634145,1
25989,0.0,1
68347,-0.0249221183800623,1
25604,-0.088235294117647,1
25612,-0.0338983050847457,0
25823,-0.0581395348837209,1
25938,-0.0285714285714285,1
26009,-0.1296296296296296,1
40125,-0.0080645161290322,1
26084,-0.044776119402985,1
26252,-0.0169491525423728,1
26279,-0.1228070175438597,1
26295,0.08,1
26332,-0.0408163265306122,1
11404,0.0402010050251255,1
41929,-0.1340782122905027,1
21821,-0.0344827586206896,1
26586,-0.0083565459610027,1
26607,-0.0232558139534884,1
71765,-0.0458715596330274,1
26650,-0.1090909090909091,1
23229,-0.0326086956521739,1
26711,-0.0704225352112676,1
26965,0.0465116279069768,0
38914,-0.0384615384615384,0
87012,-0.0909090909090909,0
21979,-0.0702341137123745,1
27430,-0.0507614213197969,1
59248,-0.0869565217391304,0
27255,0.0238611713665943,1
22293,-0.1176470588235294,1
27407,-0.4285714285714286,0
27474,0.0,1
20204,-0.0414746543778802,1
27618,-0.024,1
62164,-0.0392156862745097,1
38420,0.0973451327433627,1
31042,-0.1176470588235294,0
17726,-0.0289389067524116,1
59256,-0.0076923076923076,1
31069,-0.0217391304347825,0
31077,-0.0604026845637584,1
41080,0.0235294117647058,1
62527,-0.0638297872340425,0
28143,-0.0105263157894737,0
28151,-0.0862944162436548,1
28178,0.4761904761904763,1
29744,-0.0681818181818182,0
28231,-0.1333333333333333,0
30067,0.0162601626016261,0
11607,-0.1560975609756097,1
49285,-0.0648148148148147,1
66472,-0.25,0
57592,0.1025641025641026,1
28629,0.0625,1
28696,-0.05,1
28717,-0.0136986301369863,0
28725,0.25,1
28784,-0.1111111111111111,0
28840,0.0857142857142856,1
11183,0.0909090909090908,0
12005,0.205128205128205,1
28952,0.0140845070422535,0
29050,-0.0652173913043477,1
22859,0.0061349693251533,1
60273,-0.3,0
29197,-0.0769230769230768,1
45110,0.1557377049180328,1
29226,-0.0833333333333333,1
64215,-0.0441176470588234,0
26112,-0.0360576923076922,1
29285,0.0,1
61743,-0.0176991150442478,1
22867,-0.2249999999999999,1
29560,-0.0958904109589041,1
11674,0.014218009478673,1
45874,-0.0060606060606061,1
29736,-0.1351351351351351,1
29752,-0.09375,1
65226,0.0625,0
24715,-0.2105263157894736,1
45516,-0.0999999999999999,1
29832,-0.0384615384615384,0
29859,-0.0555555555555555,1
29867,0.0,1
40440,-0.0088757396449704,1
43916,0.110204081632653,0
44943,-0.2456140350877192,0
30147,0.0,1
26403,0.1012658227848102,1
10886,-0.0044642857142856,1
30307,0.0461538461538462,1
64936,0.0,1
38682,-0.0839999999999999,1
41515,-0.1971830985915492,0
30577,-0.0833333333333333,0
30622,-0.1571428571428571,1
25953,-0.0788288288288288,1
20626,-0.1292517006802721,1
58990,-0.0292887029288703,1
30681,-0.0211267605633802,1
46471,-0.0666666666666666,1
30761,0.0869565217391303,0
30780,0.0098039215686274,1
63132,-0.0136986301369863,0
27959,0.028391167192429,1
48506,-0.0980810234541578,1
30884,0.1228070175438595,1
25072,0.0,1
30892,-0.0138888888888888,1
30940,-0.0694444444444444,1
31464,-0.0641025641025641,1
31070,-0.1071428571428571,1
31078,-0.1904761904761904,0
31107,-0.0565217391304347,1
42200,-0.0852713178294574,1
31211,-0.2692307692307693,0
63159,-0.0217391304347825,1
43342,-0.1174698795180723,0
32281,-0.0240384615384615,1
31457,0.3529411764705883,0
31480,-0.0701754385964912,1
26075,-0.0192307692307692,1
11754,-0.0545454545454545,1
11762,-0.0906921241050119,1
70578,-0.0411764705882352,1
31552,0.0,0
68398,-0.0795454545454545,0
31748,-0.2233009708737864,1
31764,-0.1176470588235294,0
31836,-0.0294117647058823,1
44185,-0.1111111111111111,1
32062,-0.09375,0
32110,0.1204819277108433,1
38543,-0.1774193548387096,0
60927,-0.425,0
22103,-0.0288065843621398,1
32417,0.2666666666666666,0
23042,-0.0310077519379845,1
61540,-0.02,0
32540,0.0227272727272727,0
68910,-0.0555555555555555,0
26470,-0.1208791208791209,1
32791,-0.086206896551724,1
32804,-0.0526315789473684,1
62834,-0.0638297872340425,1
32986,0.0610687022900764,1
25056,-0.1140350877192982,1
62842,-0.1366120218579235,1
52476,-0.1158798283261802,1
24328,-0.1147540983606557,1
33420,-0.0930232558139535,1
33532,-0.0999999999999999,1
31691,-0.036697247706422,0
33567,0.0,0
42550,-0.0989010989010988,1
33612,0.2340425531914893,1
62199,-0.0833333333333333,0
87696,0.0119047619047618,1
66149,-0.05,1
87717,0.0481927710843372,1
87725,0.0,1
11850,-0.0397614314115307,1
19166,-0.0450819672131147,1
24205,0.0679245283018867,1
34367,-0.0461538461538461,1
34404,0.1521739130434782,2
21338,-0.1098901098901099,1
25371,-0.0958333333333333,1
34463,0.0718954248366012,1
47706,0.0584415584415585,1
21135,-0.0536585365853659,1
34578,0.0555555555555555,1
42745,-0.0196078431372549,1
34818,0.0124999999999999,1
34981,-0.1025641025641025,0
58296,0.0535714285714286,0
54244,-0.1272727272727273,0
47271,-0.0416666666666666,0
36768,-0.0434782608695651,1
49875,-0.0340557275541795,1
27748,-0.0607553366174056,1
22496,0.0427350427350428,1
37023,-0.0151515151515151,1
56784,-0.0469483568075117,1
49031,-0.0342465753424657,1
37189,-0.0217391304347825,0
41726,-0.0754189944134078,1
66165,0.0166666666666666,1
25785,-0.0805084745762712,1
45241,0.0190217391304348,1
37234,-0.2909090909090909,0
37277,0.0666666666666666,1
37365,0.0,0
37402,-0.1186440677966101,1
18112,-0.2048611111111111,1
37568,0.015625,1
37584,-0.0703363914373088,1
62877,-0.0680272108843537,1
58421,-0.0625,1
37832,-0.0229007633587786,1
37859,-0.0450819672131147,0
25961,0.0972222222222223,1
37955,-0.0606060606060605,1
40425,-0.1185887179487179,1
32061,-0.0871212121212121,0
38085,-0.0153846153846153,1
38093,-0.0419847328244274,1
88269,-0.1379310344827586,0
38157,-0.1153846153846154,1
47941,-0.0130208333333333,1
32096,-0.0428571428571428,1
38317,0.0,0
38333,-0.0238095238095238,1
62607,-0.1722846441947565,0
12052,-0.0501474926253687,0
12060,-0.0588235294117647,1
46834,0.0892857142857141,0
56629,0.0756302521008402,1
38472,0.03125,1
12079,-0.0348101265822784,1
12095,-0.1041666666666666,0
38659,-0.0989583333333333,1
62260,-0.1904761904761904,0
46674,-0.0311418685121107,1
38827,0.0,0
23915,-0.0321489001692046,1
27449,-0.1891891891891891,0
39029,-0.0799999999999999,1
39045,0.0833333333333332,0
16424,-0.0117647058823529,1
12024,0.0434782608695651,1
57154,-0.0236220472440944,1
55466,0.0173913043478259,1
45428,-0.1578947368421053,1
65920,0.1499999999999999,1
60441,-0.0481927710843373,0
12140,-0.0083565459610027,1
16432,-0.0355871886120996,1
53604,0.0687022900763358,1
39483,-0.0742857142857142,1
25005,-0.0662460567823344,1
39571,0.0202702702702701,1
60468,-0.0851063829787234,0
52695,-0.0568181818181817,0
32379,-0.0914893617021276,1
63976,0.0597014925373133,1
67571,0.0091324200913243,0
40062,-0.3076923076923077,0
49197,0.0101010101010101,1
40097,-0.0384615384615384,0
19721,-0.0303030303030302,1
32440,-0.0347826086956521,1
32459,0.0449438202247192,1
40345,-0.0902777777777777,1
54770,-0.0242424242424242,1
40484,-0.0269230769230769,1
67942,-0.0517241379310344,1
23819,-0.0574324324324324,1
49349,-0.1041666666666666,1
44468,-0.1578947368421053,1
59301,-0.01010101010101,3
40970,-0.1142857142857143,0
50905,-0.0760233918128655,1
40994,0.064516129032258,1
41014,0.1320754716981131,1
25582,-0.043731778425656,1
25304,-0.0520231213872832,1
52978,-0.106060606060606,1
41188,-0.1428571428571429,0
10294,0.1702127659574468,1
41187,-0.0230769230769231,1
41241,-0.0344827586206896,1
41292,-0.0505050505050505,1
50059,0.0769230769230768,1
41356,0.0461538461538462,1
32651,-0.1333333333333333,1
60476,-0.0697674418604651,1
41444,0.0178571428571427,1
41487,-0.5158730158730158,0
63992,0.0769230769230768,0
32707,-0.1039999999999999,1
18016,-0.0203426124197002,1
16600,-0.0105820105820105,1
61567,-0.1282051282051282,0
41874,0.226027397260274,0
23309,0.1463917525773195,1
42084,0.0,1
12319,-0.0999999999999999,0
42439,0.0566037735849056,1
18374,-0.0891472868217054,1
42455,-0.1071428571428571,1
42578,-0.15,0
42607,0.0,1
44986,-0.0081521739130434,1
20124,0.096085409252669,1
21792,-0.025089605734767,1
58886,0.0833333333333332,1
32934,-0.028169014084507,1
48135,-0.0476190476190476,1
44150,-0.05,1
42877,-0.0671641791044775,1
88795,0.0947368421052632,1
42981,-0.1052631578947368,1
43028,-0.1458333333333333,1
62295,-0.0638297872340425,1
38973,-0.0378787878787878,1
64258,-0.0256410256410256,0
43263,-0.0749999999999999,1
43327,-0.1785714285714286,0
64004,0.1346153846153845,1
75227,-0.0146520146520146,1
56573,-0.0999999999999999,1
43610,0.2037037037037037,0
43618,0.0,1
43634,0.125,1
43749,-0.131578947368421,0
43757,0.0,0
43984,0.0,1
43992,-0.0317460317460317,1
44039,-0.4545454545454546,0
44090,1.074074074074074,0
12431,-0.0947368421052631,1
44194,0.0,1
44207,-0.1538461538461538,0
12458,-0.0839160839160839,1
88990,0.2988505747126437,0
44266,0.2105263157894736,0
44274,-0.1359223300970874,1
65293,0.0235294117647058,0
46519,0.0219780219780219,1
46463,0.1166666666666667,1
44506,-0.0837004405286343,0
59328,0.0160965794768612,1
44565,0.2571428571428571,0
44637,-0.1515151515151515,0
44768,-0.0329670329670329,1
44776,0.096774193548387,0
44792,-0.0869565217391304,1
15747,-0.2631578947368421,0
89093,-0.1851851851851852,1
58608,0.0432900432900433,1
50075,-0.1904761904761904,0
12490,-0.0503355704697986,1
12511,-0.008230452674897,1
45277,-0.1073825503355704,0
45306,-0.02,0
21573,-0.0402684563758389,1
49736,-0.1515151515151515,1
27705,-0.0645161290322581,1
45373,-0.1538461538461538,0
54674,0.0256410256410255,0
45437,0.0,1
68494,-0.1875,0
67619,-0.2121212121212121,0
45509,-0.1714285714285713,0
53065,-0.0416666666666666,1
67993,-0.0303030303030302,0
45728,0.0661157024793388,1
45891,-0.1818181818181817,0
57066,0.0023255813953488,1
46018,-0.1216216216216216,1
46114,-0.125,1
47984,-0.3766233766233766,1
46229,-0.15,0
52329,-0.1111111111111111,1
61583,-0.0765027322404371,1
46392,-0.0149253731343284,1
22111,-0.022883295194508,1
42534,-0.0251256281407035,1
46819,-0.0275229357798164,1
42104,0.0,1
46870,-0.0192307692307692,1
46886,-0.0616113744075829,0
51596,-0.1015228426395938,1
56557,0.2142857142857142,0
46931,-0.0736842105263158,0
46950,-0.0677966101694915,1
47002,0.0384615384615385,1
42067,0.0,0
24432,0.0,1
12650,-0.0518518518518518,1
24053,-0.0259740259740259,1
68996,-0.0263157894736841,0
47205,-0.0267379679144385,1
47248,0.0975609756097561,0
26825,-0.0297872340425532,1
47379,-0.0756302521008402,1
44134,-0.1244444444444444,1
52847,0.1739130434782609,0
58616,-0.0945945945945946,1
25769,-0.0381679389312976,1
60521,-0.0822784810126582,1
47715,0.0052631578947368,1
17750,-0.0266990291262135,1
33398,-0.0357142857142857,1
59045,0.0522388059701492,1
33451,0.0845070422535212,0
47969,0.0192307692307691,1
48960,-0.0606796116504854,1
45866,0.0,0
48072,-0.0212765957446808,0
16678,-0.0813397129186602,0
59897,-0.1848739495798319,1
48144,0.0945945945945945,0
41136,0.0294117647058822,1
48195,0.0689655172413792,1
89456,-0.0555555555555555,1
48267,0.0058823529411764,0
47255,0.0476190476190476,0
58624,-0.154228855721393,1
12781,0.0,1
48363,-0.1458333333333333,1
48371,-0.04,1
65656,-0.0657894736842105,1
48486,-0.0611111111111111,0
33603,-0.1666666666666666,1
48523,-0.0503597122302158,1
48531,-0.0555555555555555,1
48961,-0.0476190476190476,1
59053,-0.0594059405940594,1
49083,-0.1413043478260869,0
50286,0.0,1
57373,-0.2142857142857143,0
60943,-0.0503355704697986,0
65330,0.0297619047619046,1
10092,-0.0588235294117647,0
49227,-0.109375,1
20415,0.144694533762058,1
18147,-0.1535714285714285,1
49534,0.1707317073170731,1
50876,0.0100806451612902,1
49606,0.039855072463768,1
49614,-0.1888111888111888,0
49737,-0.1875,1
49745,-0.1328125,1
49817,0.0149253731343284,1
63239,0.0,0
49905,-0.0216216216216216,1
59352,0.0140056022408963,1
26710,-0.0212464589235127,0
59360,-0.0325203252032519,1
89675,0.1538461538461537,0
24360,-0.0496453900709219,1
33785,0.0,1
68523,-0.2439024390243902,0
50156,0.1699346405228758,0
33814,-0.0964187327823691,1
56223,-0.0857142857142857,1
43721,-0.0232558139534884,1
22373,-0.1225296442687746,1
62906,-0.0097087378640776,1
59774,-0.0324909747292418,1
33849,-0.0522088353413654,1
34147,-0.1071428571428571,1
50404,-0.1521739130434782,1
23835,-0.0506912442396313,1
34067,-0.0148698884758364,0
89755,0.0,1
50623,-0.043010752688172,1
50666,-0.0632911392405063,1
33937,-0.0578947368421052,1
90100,0.0,1
43668,-0.0823798627002287,1
47837,-0.1262135922330097,1
51626,-0.0625,1
46703,-0.1058823529411764,0
45751,-0.0383333333333333,1
51693,-0.0833333333333333,0
89886,-0.1111111111111111,0
20562,-0.0544959128065395,1
34032,-0.063157894736842,1
51800,-0.0104166666666666,1
51829,-0.1481481481481481,0
35705,-0.1351351351351351,0
51933,0.0294117647058822,1
89894,0.0689655172413792,0
52039,0.0,1
13119,-0.0629921259842519,1
65357,-0.0970873786407766,1
43449,-0.0173160173160172,1
26729,-0.0106382978723403,1
52135,-0.2058823529411765,1
89915,0.0819672131147541,1
17478,-0.0919732441471572,1
19895,-0.0780856423173803,1
52250,-0.0799999999999999,0
50577,-0.1442307692307692,0
52282,-0.0091743119266054,0
52346,0.1206896551724137,1
10507,-0.0999999999999999,1
52557,-0.0210526315789473,1
62914,-0.0333333333333333,1
52581,0.0212765957446807,1
75407,-0.1208791208791209,1
17005,-0.0561797752808989,1
52792,-0.0518518518518518,0
52813,0.0,1
22752,0.0456140350877192,1
42796,-0.0178571428571429,1
52919,-0.0349206349206349,0
53015,-0.0857142857142857,1
53082,0.1923076923076923,1
53226,0.1428571428571428,0
55546,-0.0657894736842105,1
58632,0.1304347826086955,1
53480,-0.0133333333333333,1
53509,0.09375,1
53640,-0.0602409638554216,0
24010,-0.0374331550802139,1
53859,0.0138888888888888,1
48901,-0.0279503105590062,0
90211,0.2068965517241379,1
54253,-0.0282485875706214,1
22592,-0.0744920993227991,1
24248,-0.0095693779904306,1
15966,-0.0087209302325581,1
54675,-0.088235294117647,1
54771,-0.1386138613861386,0
54798,0.2340425531914893,0
54827,-0.2584269662921348,1
22023,-0.0759493670886075,1
42614,0.1212121212121211,1
67678,-0.063063063063063,0
55125,-0.044776119402985,1
55079,-0.056,0
21290,0.0812182741116751,1
90310,0.0793650793650793,1
55256,-0.0454545454545454,1
55328,0.25,1
22779,-0.0382165605095541,1
55467,-0.0703703703703704,1
12058,-0.0295358649789029,1
13290,-0.1666666666666666,0
28345,-0.0603674540682415,1
66640,-0.0606060606060605,1
65365,-0.1397058823529411,1
69550,0.0267857142857141,1
13303,-0.1666666666666666,0
41179,0.0077519379844961,1
90377,-0.3846153846153846,0
55993,-0.0416666666666666,1
56040,0.03125,1
45487,-0.0769230769230768,1
47028,-0.1538461538461538,1
25590,-0.1260504201680672,1
17278,-0.075187969924812,0
58501,-0.088235294117647,1
56630,-0.1481481481481481,1
34497,0.0476190476190476,1
26753,-0.2038834951456311,0
56937,-0.1759259259259259,0
56945,0.0175438596491228,1
57067,0.1153846153846154,1
57155,0.0990990990990992,1
38658,0.0063291139240506,1
57251,-0.0869565217391304,1
57286,-0.04,1
64450,0.0517241379310344,1
34649,-0.0267857142857143,0
47466,0.0497237569060773,1
60986,0.0238095238095237,1
21207,-0.1148036253776435,1
34673,-0.0054347826086956,0
57534,-0.081967213114754,1
57577,-0.1147540983606557,0
48274,-0.0769230769230768,1
61815,-0.0791666666666667,1
57780,-0.0476190476190476,1
66288,-0.1346153846153845,1
64311,-0.0396825396825396,1
49752,-0.0652173913043477,0
28118,-0.1165254237288135,1
57999,0.0952380952380953,0
10062,0.0,1
44206,-0.0756756756756756,1
23931,0.0169014084507042,1
24766,-0.074074074074074,1
58318,-0.0645161290322581,0
58334,-0.0416666666666666,1
58369,-0.1428571428571429,1
58641,-0.0333333333333333,0
34817,-0.117408906882591,1
66018,-0.0414012738853503,1
58756,-0.0263157894736841,1
58772,-0.0576923076923077,2
58799,-0.1145038167938931,0
34825,0.0825242718446601,0
58026,-0.1157894736842105,1
34833,-0.1028571428571428,1
66667,0.0,1
59089,0.0380952380952381,1
59110,-0.0277777777777777,1
56733,-0.1194029850746268,1
23026,-0.0389610389610389,1
24440,-0.0259259259259259,1
13610,-0.0728929384965831,1
64063,-0.1254355400696863,0
63714,0.1404109589041096,1
27385,-0.0329218106995884,1
59898,0.0192307692307691,1
55036,-0.0689655172413793,0
90721,-0.1166666666666667,1
60063,-0.0517241379310344,1
34913,-0.0131578947368421,1
60098,-0.0344827586206896,1
20394,-0.0969696969696969,1
51457,-0.1058201058201058,1
60186,0.0168067226890755,1
24811,-0.1076923076923076,1
44230,0.0,1
22509,-0.1165644171779141,1
42112,-0.0853658536585365,2
60506,-0.0726256983240223,1
16870,0.0,1
60310,-0.1868421052631579,0
60792,0.268041237113402,1
66026,-0.0830039525691699,1
42833,0.0496453900709219,1
75083,-0.0119047619047618,1
61031,0.0,0
61058,-0.131578947368421,0
22082,-0.101063829787234,1
61138,0.144736842105263,0
61146,-0.1333333333333333,1
61242,0.0045045045045044,1
61269,-0.0185185185185184,0
41355,-0.0614973262032085,1
61322,0.3170731707317074,1
70914,0.0,0
67037,-0.2121212121212121,1
61496,-0.0789473684210526,1
57509,-0.0909090909090909,0
68638,-0.1025641025641025,0
63722,0.0303030303030302,0
61640,-0.044776119402985,1
61787,-0.2419354838709677,0
57138,0.0,0
44353,-0.0119402985074626,1
62010,-0.0425531914893616,1
22517,0.0256410256410255,1
62034,-0.0654761904761904,1
35203,-0.0416666666666666,0
35211,-0.0606796116504854,1
13821,-0.1288888888888889,1
13856,0.0071428571428571,0
50550,-0.0357142857142857,1
27713,-0.0635593220338983,1
62405,0.0,0
21936,0.0438448566610454,1
17806,-0.0672097759674134,1
21776,-0.053921568627451,1
52898,0.0140845070422535,1
13901,-0.0244897959183673,0
13928,-0.1050847457627118,1
63088,-0.0159574468085106,1
63125,-0.1111111111111111,1
10120,-0.1290322580645161,1
24459,-0.0148148148148148,1
43588,-0.0072992700729926,1
63240,-0.1698113207547169,1
53815,-0.0606060606060605,0
63395,0.1274509803921568,1
35422,-0.1220930232558139,1
60695,-0.1452513966480446,0
26438,-0.0669144981412639,1
63483,-0.0904255319148936,1
56143,-0.0915492957746478,1
63300,-0.0980392156862745,0
17902,-0.1984126984126983,1
49744,-0.0196078431372549,1
23501,-0.0259740259740259,1
35529,-0.0248447204968944,1
63811,-0.0303030303030302,0
63830,-0.1202185792349727,1
63749,-0.0999999999999999,0
64195,0.3571428571428572,0
18163,-0.0059642147117295,1
64291,-0.1650485436893204,1
55511,0.0404040404040404,1
64646,-0.0166666666666667,1
23712,0.0142857142857142,1
22787,-0.125,0
64654,0.1111111111111111,0
25443,0.0123456790123457,1
65032,-0.1125,1
64929,0.0136986301369863,1
20183,0.0091743119266054,1
64961,-0.25,1
64996,-0.0416666666666666,0
65024,0.024390243902439,0
65083,-0.0864197530864198,1
27756,-0.0608695652173912,1
65091,0.0,0
65155,-0.0769230769230768,0
65163,-0.0542635658914728,1
69649,-0.0416666666666666,1
66683,-0.0967741935483871,1
46893,-0.0212765957446808,1
52097,-0.0149253731343284,0
65700,0.0,1
65761,0.0285714285714284,1
64346,-0.0641891891891891,1
18286,0.0,0
65817,-0.0779220779220779,1
24942,-0.0137254901960783,1
46228,-0.1296296296296296,0
14154,0.0337078651685394,0
65964,-0.0526315789473684,1
91380,-0.0376175548589341,1
58771,-0.09009009009009,1
66369,-0.1739130434782608,0
66393,-0.0258620689655172,1
66422,-0.0583333333333333,1
57146,0.0138888888888888,1
66545,0.1818181818181818,1
66553,0.07,1
76482,0.0,0
66617,0.0106382978723404,0
66799,-0.0753768844221105,0
18921,-0.1489841986455982,1
66801,-0.0476190476190476,0
66836,-0.1351351351351351,0
59432,-0.1179039301310044,1
46762,0.0357142857142858,0
67300,0.0298507462686568,1
67345,-0.0175438596491228,0
26737,-0.1122448979591836,1
18948,-0.028673835125448,1
35991,0.0059880239520957,0
23990,-0.0766045548654243,1
64477,-0.1914893617021277,2
36003,-0.0374331550802139,1
39570,0.0684931506849315,1
91564,-0.0729166666666666,1
45495,-0.1311475409836066,0
67847,-0.0869565217391304,0
26884,-0.0181818181818181,1
54818,-0.0769230769230768,1
66050,0.036697247706422,1
33961,-0.0161290322580645,0
47490,0.0124999999999999,1
68049,0.1200000000000001,1
27633,-0.0797872340425531,1
68102,-0.2078651685393258,0
68161,0.0136986301369863,1
68196,-0.0952380952380952,1
54199,0.0144927536231884,1
27780,-0.1415094339622641,1
68313,0.1388888888888888,1
68340,-0.0271739130434782,1
46340,0.0703125,0
65066,0.045045045045045,1
76149,0.0338983050847456,0
68567,-0.1351351351351351,0
24467,-0.0273972602739726,1
68591,0.070469798657718,1
52943,0.0,0
36177,0.1388888888888888,1
91687,-0.2328767123287671,0
68743,-0.0833333333333333,1
76122,-0.0821917808219178,1
66069,0.072,1
22840,-0.0101522842639594,1
68938,-0.06,1
67715,-0.100502512562814,0
69033,0.1063829787234043,0
23085,0.0057971014492752,1
69060,0.2222222222222223,0
25013,0.050877192982456,1
12253,-0.025,1
45671,-0.0867052023121387,1
69332,-0.1401869158878504,0
36257,-0.0348258706467661,1
18032,-0.0151228733459357,1
36281,-0.1111111111111111,1
69607,-0.0591133004926108,1
62690,-0.1778846153846154,1
61049,0.0219780219780219,1
69885,-0.0333333333333333,0
41574,-0.0714285714285714,1
70018,-0.1428571428571429,1
51625,-0.0375586854460093,1
50243,0.0,1
54412,-0.0427350427350426,1
36468,-0.0574712643678161,1
56434,0.0208333333333332,0
67723,-0.0538461538461538,1
49138,0.0,0
70536,-0.0035971223021582,1
70616,0.0306122448979591,1
70632,0.0254777070063694,1
70691,-0.1304347826086956,0
70790,-0.2211538461538461,1
19852,-0.0510204081632652,0
60206,-0.0078740157480314,1
91871,0.0,0
71176,-0.0397727272727272,1
49437,-0.0143884892086331,1
15720,0.0,1
71475,0.016,1
18411,0.0440251572327043,1
71555,-0.0666666666666666,0
55204,-0.0671378091872791,1
76091,0.0592592592592593,0
58683,-0.1058201058201058,1
66093,-0.0119402985074626,1
71942,0.0,1
71985,-0.0967741935483871,1
17523,-0.0909090909090909,1
72072,0.0465116279069768,1
55060,-0.3191489361702128,0
11760,-0.1008403361344537,1
72232,0.0,1
44062,-0.0804953560371517,1
72304,0.2205882352941177,0
16715,0.2105263157894736,1
39220,0.0,1
72494,-0.0555555555555555,1
36783,0.0367892976588628,1
43481,-0.0231660231660231,1
72523,-0.0649350649350649,1
71124,-0.0260223048327137,1
43350,-0.10062893081761,1
92057,-0.0999999999999999,0
18438,0.0060240963855422,1
53399,-0.140625,0
92073,-0.0999999999999999,1
36898,-0.0701107011070111,1
45882,0.0705882352941176,1
65074,-0.016,1
72980,-0.1323529411764705,1
18198,0.0270270270270269,1
58464,0.1081081081081081,1
73075,0.0033557046979866,1
73139,0.0729927007299269,1
73219,0.0283018867924529,1
72733,-0.1326530612244898,1
73438,-0.0534351145038167,0
14656,-0.0933852140077821,1
37022,0.032258064516129,0
26454,-0.0604395604395604,1
57963,0.0,0
20693,-0.1641791044776119,0
52396,-0.0932203389830508,1
47861,-0.0526315789473684,1
73681,0.0204081632653061,1
66739,-0.0804597701149425,1
73940,-0.062962962962963,1
43334,-0.0961538461538461,1
73956,0.2857142857142858,0
52038,0.0351758793969849,1
74086,-0.0253164556962025,1
92241,-0.1666666666666666,0
37161,0.0258064516129032,1
61866,-0.1964285714285714,0
62420,0.0444444444444445,0
30728,0.018018018018018,0
74406,-0.1125,1
18681,-0.1087719298245614,1
74481,0.0169491525423728,1
39466,-0.0416666666666666,1
66333,-0.0579268292682927,1
74617,-0.0422535211267606,1
15560,0.0367231638418079,1
58704,0.0,0
42219,0.0388349514563106,1
37196,-0.0932642487046632,1
74828,-0.0232558139534884,1
74836,-0.125,1
74895,0.0,0
74908,0.1704557575757574,1
74932,-0.0585106382978722,1
57007,-0.1018518518518518,1
75030,0.0441988950276244,0
57736,-0.2727272727272727,1
75089,-0.175,1
43123,0.0072992700729928,1
44329,-0.0806451612903226,1
63773,-0.1237373737373737,1
60142,0.0625,1
75257,-0.0205128205128205,1
75273,-0.0480769230769231,1
66114,-0.0502645502645502,1
75388,-0.1999999999999999,0
75460,-0.0153631284916201,1
43617,-0.0333333333333333,0
51369,-0.0494296577946767,1
37284,-0.0266666666666666,1
14736,-0.0497131931166348,1
15579,0.0083472454090149,1
24563,0.0,1
23579,-0.0784313725490196,1
62092,-0.0356164383561643,1
75986,-0.140495867768595,1
38578,-0.0701754385964912,1
45129,-0.0932203389830508,1
11947,0.0677966101694915,1
75270,-0.0927835051546391,0
50606,-0.1202185792349727,1
76268,0.05,0
14795,-0.0752688172043011,1
76340,-0.3125,0
48696,0.0731707317073171,1
37399,0.0857142857142856,1
14816,-0.0523138832997988,1
61663,-0.0708661417322834,0
76639,-0.0928571428571428,1
37460,0.0,1
58472,-0.1304347826086956,1
76946,-0.1025641025641025,1
77228,-0.024390243902439,0
60003,0.0,0
45647,-0.1176470588235294,0
65787,-0.0475059382422803,1
77332,0.096774193548387,1
55001,-0.0437956204379561,1
77367,-0.0652173913043477,1
77463,-0.0972222222222222,1
92591,-0.0181818181818181,0
77527,-0.0612244897959183,0
48389,-0.0357142857142857,0
62463,0.0731707317073171,1
75191,-0.1338028169014085,0
59600,-0.0526315789473684,1
45356,-0.0466321243523316,1
76185,-0.09375,1
77730,-0.021505376344086,1
19596,0.0105820105820106,1
17929,-0.062111801242236,1
42569,-0.1666666666666666,1
77973,-0.0588235294117647,0
78044,-0.038647342995169,1
78095,-0.0416666666666666,1
78116,-0.0714285714285714,0
14883,-0.0236842105263157,1
15659,-0.1325757575757575,1
44433,-0.0588235294117647,1
48725,-0.0485933503836316,1
14955,0.0505050505050506,1
78530,-0.015625,1
78749,-0.125,1
92655,-0.0971563981042653,1
41371,-0.0714285714285714,1
20968,0.0,0
28847,0.1142857142857143,0
79119,-0.0529100529100529,0
79151,-0.2307692307692307,0
79250,-0.0333333333333333,0
17830,-0.0714285714285714,1
39087,-0.091254752851711,1
79330,0.0048309178743961,1
16117,-0.0545454545454545,1
67360,0.0588235294117647,1
59619,-0.0829875518672199,1
16555,-0.0444444444444444,1
79573,-0.3333333333333333,0
79629,-0.0895522388059701,0
76472,-0.0952380952380952,0
79637,-0.0610328638497652,1
14891,-0.0897435897435897,1
26681,-0.0265151515151514,1
79776,-0.0441176470588234,0
26606,-0.0678733031674208,1
43553,-0.0419753086419752,1
79848,-0.0961538461538461,1
79864,0.0370370370370369,1
80128,-0.0149253731343284,1
63044,-0.0892857142857143,2
27043,-0.0709459459459459,1
62471,0.0,0
80566,-0.0526315789473684,1
37815,-0.0376344086021505,1
61700,0.0,0
80785,-0.1764705882352941,0
57808,-0.0254452926208651,1
92903,0.4375,0
81219,-0.0188679245283018,1
45348,-0.0253164556962025,1
15202,-0.0631067961165048,1
45137,-0.1008403361344537,1
56063,-0.048780487804878,1
81382,-0.0694444444444444,1
81510,-0.2666666666666667,0
24678,0.0147540983606557,1
21231,-0.0696864111498257,1
53225,-0.0010204081632653,1
24969,-0.0341880341880341,1
57381,-0.1234042553191488,1
81700,-0.0857142857142857,0
46420,-0.0801393728222996,1
46068,-0.0305343511450382,1
81737,-0.0121951219512195,1
81753,-0.0833333333333333,0
23034,-0.1481481481481481,0
61233,-0.1868131868131868,1
39562,0.0232558139534884,0
45903,0.013157894736842,1
42059,-0.0666666666666666,3
46076,0.0,1
62498,-0.0711111111111111,1
58085,-0.0422535211267606,0
66384,0.0802919708029197,0
82326,-0.0303030303030302,0
82502,-0.1285714285714285,1
38033,0.0526315789473683,1
39917,-0.0253968253968254,1
82959,-0.0887096774193548,1
38156,-0.0258620689655172,1
64135,-0.0141843971631205,1
38172,0.0,1
83142,0.0129870129870128,1
24803,-0.0472813238770685,1
66747,-0.1111111111111111,0
23536,-0.0188679245283018,1
58819,-0.0221238938053097,1
25099,-0.0227272727272727,1
83345,-0.1343283582089552,0
38375,-0.0625,1
83396,-0.1014492753623188,1
83433,0.0625,1
44337,-0.1578947368421053,0
15472,0.03601108033241,1
44476,0.0067567567567567,1
51254,0.0270270270270269,1
75153,0.0,1
41072,-0.1715686274509803,0
63079,-0.0697674418604651,0
83863,-0.0129870129870129,0
59483,0.0064102564102563,1
18067,-0.125,0
43537,0.0194174757281553,1
84102,-0.0583941605839416,0
45970,-0.0410958904109589,1
84153,-0.1379310344827586,0
84161,-0.0645161290322581,1
84241,-0.044776119402985,0
90756,-0.0434782608695651,1
90676,-0.0816326530612244,1
75368,-0.0454545454545454,1
93316,0.098901098901099,0
60090,-0.0793650793650794,0
92770,-0.1964285714285714,1
87426,-0.0142857142857142,1
91492,-0.0909090909090909,0
88664,0.1739130434782609,1
86167,-0.1204819277108434,1
68304,-0.0384615384615384,0
87856,-0.05,0
68072,-0.0509259259259259,1
89763,0.1153846153846154,0
85586,-0.0746268656716417,1
90916,0.1200000000000001,0
68452,-0.0259740259740259,1
85893,0.0505050505050506,1
10019,0.2258064516129032,1
86765,-0.0999999999999999,0
87223,-0.0258620689655172,1
70332,-0.1815856777493606,1
90537,-0.1610169491525424,1
10116,-0.2340425531914893,0
55985,-0.0188679245283018,0
90289,0.2250000000000001,1
10080,0.0,1
10094,0.1956521739130434,1
10064,-0.0769230769230768,1
10035,0.032258064516129,1
85017,-0.0149253731343284,0
90625,-0.0645161290322581,1
88939,-0.0735294117647058,0
87127,-0.0610328638497652,0
75894,0.2083333333333332,0
75193,-0.1137724550898203,1
75216,-0.0784313725490196,0
85359,0.0078125,0
89499,0.0434782608695651,1
10147,0.0465116279069768,0
38149,-0.125,0
86626,-0.1666666666666666,0
90852,-0.2258064516129032,0
50657,-0.2653061224489795,0
91273,0.0493827160493827,0
10140,0.0289855072463767,1
10078,0.0229007633587785,1
10138,-0.145985401459854,1
10042,-0.2058823529411765,0
10108,-0.0096463022508038,1
10127,0.05,1
10214,0.0,1
10143,-0.2222222222222222,0
10200,0.2048192771084338,0
10235,0.1076923076923077,1
10150,0.1458333333333332,0
92100,-0.04,1
10272,0.1022727272727272,0
10302,0.0239520958083832,1
10299,0.0052083333333332,1
75072,0.0135593220338983,1
10351,-0.04,1
10363,-0.1119999999999999,0
10333,0.125,0
11040,-0.1621621621621621,1
10353,-0.053763440860215,0
10071,0.0271493212669682,1
10382,-0.1612903225806451,1
10394,-0.2318840579710145,1
10383,-0.1071428571428571,0
92260,0.1785714285714286,0
10043,0.0161290322580645,1
12282,-0.0096153846153845,1
10407,-0.2857142857142857,0
10412,-0.1999999999999999,0
10442,-0.0082644628099173,1
10398,0.0158730158730158,0
10423,-0.0204081632653061,0
10462,-0.1304347826086956,0
10352,-0.0303030303030302,1
10446,0.0945945945945945,1
10376,-0.02,1
10410,-0.0869565217391304,1
10371,-0.3043478260869565,1
10421,-0.3048780487804878,0
10422,0.0769230769230768,0
68945,0.0284090909090908,1
10439,0.0265486725663717,0
10530,0.0,1
10537,-0.1578947368421053,0
10606,-0.1666666666666666,1
10555,0.06,0
10544,-0.0496453900709219,0
70113,-0.4117647058823529,0
10141,0.0588235294117647,0
75070,0.0080645161290322,1
75099,-0.0461538461538461,0
68857,-0.1473684210526316,1
85965,-0.178743961352657,0
10586,0.3571428571428572,0
76123,0.0440528634361232,1
10572,0.0251256281407035,1
10456,-0.06,1
10676,-0.1538461538461538,0
10611,-0.195046439628483,1
75469,-0.0884353741496598,1
70252,-0.0270270270270269,0
45225,0.0555555555555555,1
75596,-0.0924369747899159,1
10693,-0.0822368421052631,0
10713,-0.054054054054054,1
10649,0.0208333333333332,0
86597,0.1123595505617978,0
10704,-0.1272727272727273,1
10749,-0.0909090909090909,1
75517,0.0277777777777776,1
10721,-0.0662983425414365,1
75071,-0.0588235294117647,0
10696,-0.0957446808510638,1
10837,-0.2658227848101265,0
10733,0.1282051282051282,0
10765,-0.2575757575757575,0
10745,-0.086206896551724,1
70260,-0.3,0
10750,0.0344827586206897,1
69489,0.0119047619047618,1
10791,0.0123456790123457,1
54245,-0.15,0
10814,-0.0238095238095238,1
93236,-0.0769230769230768,0
23019,-0.0476190476190476,0
10821,-0.0109890109890109,1
10818,-0.2375,1
10194,0.0188679245283018,1
70500,-0.0448717948717948,1
10828,0.0196078431372548,1
10830,-0.1818181818181817,1
11159,-0.108695652173913,0
70965,0.0,1
75224,-0.034965034965035,1
48806,0.5714285714285714,0
71191,-0.175438596491228,1
10484,-0.0222222222222222,1
10853,-0.0769230769230768,1
10876,0.0402298850574711,1
10026,0.053763440860215,1
10929,0.0524475524475525,1
10812,-0.0254237288135593,1
10908,-0.0444444444444444,1
75056,-0.0526315789473684,0
10909,-0.0245398773006134,1
88779,0.1641791044776119,1
10924,-0.0444444444444444,0
75222,-0.0838709677419354,0
10935,0.0144927536231884,1
10933,0.0060240963855422,0
10860,0.0314465408805031,0
92866,0.1914893617021276,1
10443,-0.0555555555555555,1
10032,-0.073170731707317,1
70375,-0.2222222222222222,0
11701,-0.0786516853932584,1
71538,-0.2142857142857143,1
10001,-0.0857142857142857,1
11014,0.0,0
11038,-0.0459770114942529,0
10657,0.0070422535211267,1
70674,-0.0454545454545454,1
75215,0.0454545454545454,1
65315,-0.0602409638554216,1
11037,0.0,1
11127,-0.0864197530864198,1
11065,-0.0866666666666666,1
11036,0.0945945945945945,1
75035,-0.217391304347826,0
10999,-0.015625,0
71984,-0.0436681222707423,1
11141,-0.1634615384615384,1
71909,-0.0439560439560439,1
75149,0.0476190476190476,0
11082,0.0,0
11923,-0.0851063829787234,0
10838,-0.2307692307692307,0
10170,-0.3333333333333333,0
10362,0.0869565217391303,0
10545,-0.0590551181102362,1
11138,-0.0294117647058823,1
75523,0.0,0
75084,0.0,1
11194,-0.0116279069767442,1
10827,0.0,0
11162,0.1307692307692307,1
11031,0.0476190476190476,0
11212,-0.25,0
11265,-0.0294117647058823,0
72100,0.0394736842105263,0
40708,-0.0526315789473684,0
11209,-0.1111111111111111,0
11246,-0.0266666666666666,0
92508,-0.0151515151515151,0
11192,0.0755813953488371,0
29621,0.0606060606060605,0
11283,-0.0197368421052631,1
11291,0.0379746835443037,1
11347,0.1610169491525424,0
75545,-0.1081081081081081,1
11345,0.092741935483871,1
11314,0.0208333333333332,0
11372,0.05,1
11342,-0.144578313253012,0
75467,0.0,0
11415,0.0198019801980198,0
11365,-0.0144565150056036,1
11385,0.0833333333333332,0
11339,0.1041666666666667,0
11000,0.109375,1
11346,0.0192307692307691,0
11371,0.0627802690582959,1
75058,-0.2121212121212121,0
11378,0.0,1
11384,-0.2281368821292775,1
11416,0.0344827586206897,1
11393,-0.1538461538461538,0
11401,0.0,1
11409,-0.0625,0
11425,-0.0789473684210526,1
75103,-0.0462962962962962,1
11403,0.03125,0
11170,-0.0514705882352941,0
11452,-0.1627906976744185,0
11478,0.1710526315789473,1
11450,0.0,0
11465,-0.0273972602739726,1
11481,-0.4,0
75055,-0.2580645161290322,0
10857,-0.0999999999999999,0
11483,-0.0196078431372549,1
11459,-0.0909090909090909,0
11531,-0.0098039215686274,1
75101,-0.1143911439114391,1
11571,-0.4545454545454546,0
11525,-0.0694444444444444,1
75053,-0.1120689655172413,1
11545,-0.4,0
11215,0.0058823529411764,0
11522,0.0796460176991149,1
91003,0.1329113924050633,1
75107,0.0,0
75553,0.0,0
11547,0.1445086705202312,0
11554,-0.1171875,1
11233,-0.217391304347826,1
75554,-0.0857142857142857,0
75173,-0.159090909090909,0
75002,-0.0440251572327043,1
75558,-0.0258620689655172,1
75104,-0.0062305295950155,0
10451,-0.0689655172413793,0
11638,-0.1999999999999999,0
11636,-0.0999999999999999,0
11622,-0.0652173913043477,1
11662,0.1285714285714285,0
11533,0.043343653250774,1
11707,0.0729166666666667,1
11630,-0.2790697674418605,0
75196,0.0,0
11723,0.1923076923076923,0
11775,-0.1270718232044199,1
11773,-0.034090909090909,1
11761,0.0089285714285713,1
75233,-0.1481481481481481,0
11678,-0.2222222222222222,1
75186,-0.0989399293286219,1
11534,-0.0588235294117647,1
11590,0.1515151515151516,0
11184,-0.0979020979020979,1
75244,-0.1111111111111111,1
11809,-0.074074074074074,1
51190,-0.0666666666666666,1
19289,0.013157894736842,1
11731,-0.1139240506329114,1
75106,-0.0639386189258311,1
22074,0.0384615384615385,3
11338,-0.0769230769230768,1
75261,-0.043010752688172,1
37217,0.0225563909774435,1
75272,-0.0666666666666666,1
11599,0.09375,1
11726,0.0,0
11764,-0.1789473684210526,1
75262,-0.1136363636363636,1
11618,-0.0611961057023644,0
10965,-0.0999999999999999,1
11958,-0.0901287553648069,1
11896,-0.0851851851851851,1
11913,-0.0057803468208093,1
75902,-0.1058823529411764,1
11861,0.0128205128205127,1
10574,-0.0909090909090909,0
75266,-0.1698113207547169,0
10180,-0.1694915254237288,0
75577,-0.0237717908082408,0
10360,0.0357142857142858,0
11853,-0.0645161290322581,1
11908,-0.1325301204819277,0
75259,-0.1058823529411764,0
62084,-0.0227272727272727,0
75320,-0.0494296577946767,1
10967,0.0769230769230768,1
11796,-0.0533333333333333,0
75308,-0.1532846715328467,1
11927,0.1219512195121952,1
10901,-0.0333333333333333,1
75316,-0.0309278350515463,1
11891,-0.2016129032258065,0
11868,-0.0869565217391304,0
75286,-0.2988505747126436,0
11994,-0.0576923076923077,1
75288,-0.1142857142857143,1
11964,0.2058823529411764,1
11849,-0.0769230769230768,0
11874,0.0447761194029849,1
11899,-0.0752688172043011,0
75328,-0.086206896551724,1
11936,0.0062630480167014,1
11752,-0.1641791044776119,0
11970,-0.1283783783783784,0
11468,-0.21875,0
12193,-0.6785714285714286,0
75295,0.0441176470588235,0
12149,-0.0131578947368421,0
11971,-0.3636363636363636,0
75579,-0.125,1
12067,-0.0435779816513761,0
75573,-0.0404040404040404,1
11917,-0.0086956521739129,0
11887,-0.1343283582089552,1
11976,-0.0276243093922652,1
29496,-0.0875,0
75359,0.0,1
75326,-0.0491803278688525,0
11998,-0.25,1
12134,0.162162162162162,1
12284,-0.0714285714285714,0
75880,0.0223880597014924,1
75348,-0.0103092783505154,0
12048,-0.0853658536585365,0
12022,-0.1388888888888888,0
75585,0.0588235294117647,1
12259,0.1927083333333332,1
75422,-0.1134020618556701,0
12226,0.0576923076923077,0
12260,-0.0675675675675675,0
12074,0.0,1
75390,-0.12,1
12214,-0.1111111111111111,1
12062,-0.1565217391304347,1
12190,0.3333333333333332,0
12237,-0.2307692307692307,0
75333,-0.1563421828908554,1
75462,-0.0379746835443037,1
75432,-0.0757575757575758,1
75383,-0.0212765957446808,1
75444,-0.1141552511415525,0
75445,-0.1205673758865247,0
12174,-0.0188679245283018,0
75448,0.0520231213872832,1
75702,-0.125,1
12131,0.1999999999999999,0
75672,-0.0227272727272727,0
10278,0.0360360360360361,1
61671,-0.1213872832369942,1
64071,-0.0384615384615384,1
75449,-0.1351351351351351,1
12169,0.0,0
75591,-0.0545977011494253,1
75483,-0.0647058823529411,0
12215,-0.12,0
75482,0.0952380952380953,1
75481,-0.1333333333333333,1
75477,0.3913043478260869,0
75480,-0.079646017699115,0
75447,0.0555555555555555,1
10425,0.0350877192982457,0
75604,0.0,1
75647,-0.0307017543859648,1
75957,0.0249999999999999,1
75488,-0.1164383561643835,1
75485,0.0,0
75878,-0.12,0
76133,-0.1714285714285713,1
75593,0.0454545454545454,0
75602,-0.0241545893719806,3
75597,-0.0289855072463768,1
75645,-0.1111111111111111,0
75490,-0.1257861635220125,0
75609,-0.0163934426229508,1
75627,0.0333333333333334,1
75606,-0.1612903225806451,0
75607,0.0352112676056337,0
75654,-0.0816326530612244,0
75795,0.0,1
75815,0.1066666666666666,1
75603,-0.1217391304347825,0
75818,0.0067567567567567,0
75808,-0.04,1
75801,-0.0652173913043477,1
75800,-0.1489361702127659,0
75608,-0.0230769230769231,1
76070,-0.0806451612903226,1
75825,-0.1807909604519774,1
75853,-0.125,0
75945,-0.0517799352750809,2
75854,0.0074074074074073,1
76148,0.25,0
78717,-0.183673469387755,0
15580,0.0666666666666666,1
75831,0.0,1
75828,-0.1166666666666667,1
75834,-0.0397727272727272,0
75835,-0.1428571428571429,0
75869,0.1219512195121952,0
75660,-0.1692307692307691,0
75850,-0.0741935483870968,0
75794,-0.2328767123287671,1
75833,-0.1818181818181817,0
75858,-0.0943396226415094,0
75861,-0.1612903225806451,0
75862,-0.2727272727272727,0
75822,-0.0416666666666666,1
75819,-0.0920502092050209,1
75873,-0.0601503759398496,0
75849,0.1206896551724137,0
75866,0.1212121212121211,1
75993,0.4358974358974359,0
75913,0.0277777777777776,1
75888,0.0512820512820513,1
75914,-0.109375,0
75881,-0.0434782608695651,1
75900,0.0,0
75904,-0.0563380281690141,1
63562,-0.0625,1
76177,0.0,1
75929,0.1435185185185186,0
76090,-0.0632911392405063,0
76082,-0.0945945945945946,1
76085,0.0541310541310542,1
76236,-0.1309523809523809,0
76079,-0.1363636363636363,1
76080,-0.1346153846153845,0
76095,-0.14,0
76098,-0.0166666666666667,0
76101,0.0980392156862746,1
76142,-0.0666666666666666,1
76104,-0.0725806451612903,1
76116,-0.2411347517730496,1
76111,0.0612244897959184,0
76128,-0.081081081081081,1
76110,-0.0526315789473684,0
76162,0.0164835164835164,1
76271,0.0857142857142856,0
76135,-0.04,1
76134,-0.0535714285714286,0
76146,0.0153846153846153,1
76141,0.0263157894736842,0
76165,-0.0869565217391304,0
76166,-0.0769230769230768,0
76169,-0.21875,0
76199,0.2933333333333332,0
76195,-0.0348837209302325,1
76194,0.0263157894736842,0
76158,-0.1014492753623188,1
76150,-0.217391304347826,1
59790,-0.1153846153846154,0
76171,-0.09009009009009,0
76168,-0.125,0
76200,0.0,0
76174,-0.1923076923076923,0
76367,-0.1470588235294118,0
76201,0.0064516129032257,1
76207,-0.0123456790123457,1
84911,-0.049586776859504,0
76212,-0.024390243902439,1
76267,-0.06,1
76214,-0.5838150289017341,0
76251,0.0,0
76248,0.1022727272727272,0
76222,-0.125,1
76238,-0.1229050279329608,1
76240,-0.0920245398773006,1
76228,-0.2941176470588235,0
76230,-0.0530973451327433,1
76247,-0.1578947368421053,0
76231,0.0588235294117647,0
76223,-0.0869565217391304,1
76253,-0.1515151515151515,1
76272,-0.1548387096774193,1
76256,0.1428571428571428,0
11644,-0.1071428571428571,0
76261,-0.0270270270270269,1
76259,0.0126582278481013,1
76257,0.0405405405405405,1
76258,-0.1063829787234043,0
76263,-0.0583657587548638,1
76281,-0.0256410256410256,0
76264,-0.0113636363636363,1
76224,0.0588235294117647,1
76265,0.0114942528735633,0
76206,0.1388888888888888,0
76278,-0.1999999999999999,0
76232,-0.0238095238095238,1
76477,0.0179856115107914,1
76475,0.0714285714285714,1
76478,-0.2409638554216867,1
75382,-0.1212121212121212,0
19968,-0.0106761565836298,1
66122,-0.0664451827242524,1
