firms,mom1,clusters
21020,0.2152619589977222,0
11499,0.1111111111111111,1
81912,-0.0915331807780319,1
20482,0.0187058598969267,1
10656,0.1323529411764705,1
60038,0.0217391304347824,1
79678,-0.2615384615384615,1
10779,-0.0632911392405063,0
61487,0.1325782811459026,0
61241,-0.0847457627118642,0
88845,0.306141154903758,1
28222,0.0525544388609715,1
11368,-0.0345394736842105,1
11456,-0.1220731707317073,0
28804,0.2745098039215687,1
11587,0.0093555093555093,1
42083,0.1415929203539825,1
11691,-0.0305609284332689,1
71271,0.0641509433962264,1
10137,-0.0394326241134751,1
10145,0.1783919597989949,1
90335,-0.1283676703645007,1
45911,0.0278293135435994,1
24643,0.0464684014869889,1
28484,-0.00740192450037,1
81073,-0.0680161943319836,1
39482,-0.5275590551181102,0
10225,0.0920634920634921,2
12758,0.1442307692307691,1
24109,0.0635985937999361,1
59176,-0.2042042042042041,1
57904,-0.0099352051835851,1
15667,0.0416550958067203,1
66800,-0.2189054726368158,0
13470,0.2060301507537687,1
13507,-0.0012191817935517,1
13603,0.0559646539027982,0
58560,-0.0251746408330039,0
13769,-0.1666666666666666,0
11144,0.1987704918032786,1
85257,-0.1351273976524477,1
14008,0.0397911415196254,1
64864,-0.4821428571428572,0
18075,0.3033033033033034,1
14219,0.183673469387755,0
14227,0.113699906803355,1
83112,0.30173775671406,1
39490,-0.0358344113842172,1
14593,-0.0789899643897702,1
14761,0.7979548263849872,0
10516,0.0529583637691746,1
14868,-0.0718232044198895,0
77595,0.1340866290018831,1
29209,0.3652173913043477,1
24272,0.1005235602094238,1
15457,0.0987654320987654,1
15553,0.041182331451345,1
15721,-0.1558011049723757,1
29787,0.0071942446043165,1
44644,-0.0418899171943497,1
16030,-0.0864622803995867,0
44601,0.0524115755627008,1
27684,0.2787921348314608,1
40416,0.1388625592417061,1
53110,-0.0749123366273509,1
52484,0.1218844984802431,1
75034,-0.0792420327304047,1
10318,-0.0430272762197464,1
58755,0.0831310679611652,1
57568,0.1410150891632373,1
24221,0.0253371475275847,1
16505,-0.1744,1
46877,0.0271851761550652,1
39693,0.0828976848394322,1
47423,-0.0334572490706319,0
27887,0.0130434782608697,1
29612,-0.0073452256033577,1
39642,0.0764992916732252,1
17444,0.0249941761694534,1
65875,0.0382848392036754,1
65509,-0.1917098445595854,0
43772,-0.1236121391561806,1
11510,0.0096153846153845,0
17778,-0.0711538461538461,1
61508,-0.0533677349266703,1
18033,0.5648648648648649,0
20220,-0.0148444863336474,1
61946,0.044556373498644,0
62519,-0.1240357914224004,1
19561,0.0009383063570256,1
42024,0.4018348623853209,0
18650,-0.173396674584323,1
52230,-0.003350885591192,1
87146,0.0278873239436621,1
60898,-0.0252736842105263,0
39757,0.0138504155124654,1
47642,0.651685393258427,1
17961,0.2492897727272727,1
19393,0.1231884057971015,1
10874,0.5535055350553506,1
55597,0.0984455958549224,1
50227,-0.0117478136013575,1
19880,0.8065522620904837,1
10890,0.2686567164179103,0
20117,0.0798934753661784,1
45655,0.2649071358748778,1
64186,0.3914120561519407,1
67838,-0.2219298245614036,1
47626,0.1947674418604652,1
20336,0.0210877192982454,1
62148,-0.1280880773361977,1
28564,-0.003616636528029,1
86290,0.0726643598615917,1
87451,0.6666666666666665,0
46690,-0.2605123247945867,1
20504,-0.0146341463414633,1
20512,0.01531186669669,1
56602,-0.0055555555555555,0
20750,0.092470588235294,1
21371,0.0599630996309961,1
27334,-0.0249646726330664,1
23114,0.0040312421264803,1
20618,0.2328931572629051,1
30402,0.1927312775330396,1
18542,0.0897779946328372,1
89792,-0.1113681427627231,1
53831,0.1615720524017467,0
22437,0.1748971193415638,1
64557,-0.031395842172253,1
63503,0.2631021704605611,1
60599,0.0289909638554217,1
22374,-0.2265803503427267,1
41419,-0.232876712328767,0
90011,0.1920852359208522,1
22921,-0.1487889273356402,1
64194,-0.0242885181550538,1
23182,-0.0053712480252764,1
14541,-0.0637893937476269,1
30509,-0.1435714285714285,1
23297,0.5873493975903614,1
23393,-0.0558546433378196,1
79026,0.152880775812892,2
68320,-0.0565444367570288,0
47677,0.1156069364161849,1
86685,0.2627118644067796,1
27422,0.0783157894736841,0
24097,-0.063157894736842,0
46578,-0.0608519269776874,1
24193,0.211764705882353,0
11995,0.0798872180451126,1
11308,-0.034136974610625,1
24441,0.2941176470588234,0
24476,-0.1378063479308959,1
30648,0.0848214285714286,1
24548,-0.3333333333333333,0
61735,0.0083885209713023,1
89525,-0.0265282583621684,0
25452,-0.0647482014388489,1
25487,-0.0789473684210526,0
25778,0.1003562945368172,1
40125,0.2613065326633166,1
26084,-0.2369668246445496,1
79618,-0.0301507537688442,0
26463,-0.0533279871692061,1
11404,-0.0361475612775439,1
41929,-0.0489810511262065,1
26607,0.3461538461538462,1
26650,0.1117903930131003,0
23229,-0.0049212598425197,1
30840,-0.0184049079754601,0
21979,0.2108533554266776,1
27430,0.2860125260960333,1
59248,0.1000674612098044,2
22293,0.0577136514983351,1
27474,-0.018102029621503,1
20204,0.1632928475033737,1
27618,0.293594306049822,1
27642,-0.4640605296343001,0
53575,-0.2961847135370516,1
17726,0.1962616822429905,0
59256,-0.0701754385964911,0
31077,0.0287443267776095,1
41080,0.0449569976544175,1
18091,-0.0002994011976047,1
83186,0.0044961650357047,1
19828,0.2288557213930351,0
28629,0.1687804878048782,1
29050,-0.1341759844433642,1
29058,-0.0523076923076922,0
22859,0.0970220941402497,1
29103,0.4294117647058824,1
60273,-0.35,0
29285,0.0347770428845743,1
61743,0.4220532319391636,1
11674,-0.0408712019360042,1
76708,-0.0012178148921363,0
29867,-0.0516129032258064,1
40440,0.0032142857142856,1
79322,-0.2202729044834307,1
44943,0.297644539614561,1
30147,-0.1255605381165918,1
26403,0.0075488454706929,1
10886,-0.4933774834437086,0
64936,-0.0266159695817489,0
38682,0.0642633228840126,1
30593,0.0233236151603497,0
25953,0.1035869929601074,1
20626,-0.186522911051213,1
30681,-0.0484270060091904,1
30761,-0.0395778364116095,1
11703,0.0095770151636074,1
63132,-0.0011961722488037,0
27959,-0.0353470437017995,1
88590,-0.0349999999999999,1
30940,0.0232465726207034,1
31051,-0.1142857142857142,0
31070,0.3179571663920921,1
31078,0.1291536724378965,0
42200,-0.2297895902547064,1
63159,-0.4371069182389937,0
31480,-0.0702702702702703,1
11754,-0.130779392338177,1
11762,0.0727233491583945,1
70578,-0.0843969783797864,1
82855,0.0038845726970033,1
32054,-0.0029368575624081,1
32062,-0.1939294710327456,0
32110,0.0685667079719123,1
22103,0.0200612984118138,1
81124,0.2181818181818182,1
23042,0.0034207525655645,1
32540,-0.0210378681626928,0
26470,-0.0477272727272728,1
32636,-0.0989992852037169,0
32791,-0.1527016444792481,1
32986,-0.049338146811071,1
33137,0.1873727087576375,1
52476,0.0420432220039292,1
24328,0.0053940665268203,1
33532,-0.3177476576002911,0
31691,-0.0714640198511165,1
42550,0.0427120669056153,1
33612,0.25,0
87696,-0.0103857566765579,0
33770,0.0666666666666666,0
87717,-0.0047861202512712,1
33823,0.2144654088050313,1
87725,0.1567622950819671,1
11850,-0.0039925140361822,1
19166,0.0235697940503432,1
24205,0.0321985233798194,1
34367,0.0545454545454546,1
47706,0.1695156695156696,1
21135,0.0964230171073095,0
34666,-0.4777777777777778,0
34818,-0.1616678858814922,1
34981,0.0647668393782383,1
35044,-0.2188420019627085,1
36397,-0.011225444340505,0
54244,-0.2263736263736263,0
36768,-0.0332230234540961,1
37023,0.125911142890684,1
88924,-0.0903659447348768,1
88853,-0.0147123407992973,0
37154,-0.0674157303370787,0
25785,-0.1486988847583642,0
45241,0.053349875930521,1
37234,-0.0550143266475645,0
37402,-0.0185127078757452,0
37568,-0.0477642276422763,1
37584,0.0498765432098766,1
58421,0.346774193548387,1
37955,-0.1358974358974358,1
12036,0.1001776198934281,1
38093,0.0447580645161289,1
47941,-0.0815154994259472,0
12052,0.1145732533384942,1
12060,-0.056493884682586,1
46834,0.1666666666666667,0
12079,-0.3893129770992366,0
55212,0.0865487674169345,1
38659,0.0068415051311288,1
46674,-0.0329501915708811,1
39029,-0.0398719829310575,1
57154,-0.0231092436974789,1
32299,0.2666666666666668,0
12140,0.1001485884101041,1
16432,-0.0715396578538102,1
53604,0.127536231884058,1
85908,0.1637426900584795,1
39571,0.1057781919850884,1
60468,0.189010989010989,1
52695,0.1171886070568231,1
39731,-0.42,0
75897,-0.3405658370559455,0
90213,-0.0097087378640776,0
62885,-0.0676691729323308,0
84808,-0.1593639575971731,0
67942,-0.0833333333333332,0
23819,0.0329545454545454,1
54084,-0.0279823269513992,0
40970,-0.3249999999999999,0
25582,0.0908830275229355,1
25304,0.1005964214711729,1
52978,0.0884328358208954,1
41188,0.0,1
10294,0.1317647058823527,1
41241,0.0345060893098783,1
41292,0.00188679245283,1
76927,0.1257594167679223,1
32651,0.2068965517241379,0
32707,-0.1029179810725552,1
16600,-0.0349999999999999,1
61567,-0.0146666666666667,1
52716,-0.1986368062317428,1
32803,0.0021990104452995,1
42140,0.3473684210526315,0
42455,0.0869565217391303,1
21792,-0.0239752513534416,1
32934,0.0415990453460621,1
42877,-0.0273972602739727,0
42906,-0.0424999999999999,1
88795,0.2428571428571428,1
38973,0.2147971360381859,1
64258,-0.2962138084632516,1
43290,0.2761194029850744,0
12570,0.0986622073578595,1
80210,-0.0613772455089819,1
21928,-0.03125,1
56573,0.0272567409144197,1
43634,-0.3598666666666666,0
57015,-0.054054054054054,0
43757,-0.0449438202247191,0
51633,-0.1118607954545454,1
12431,0.1065051020408165,1
44274,0.2146822948797038,1
65293,0.133242692046227,1
46463,0.16625,0
44506,0.0851063829787235,1
59328,0.0623188405797101,1
77855,-0.322085889570552,0
44768,-0.1624548736462094,1
12490,0.0313725490196079,1
40272,-0.0268500327439423,1
45277,0.1101774042950514,2
45306,0.0369532428355958,1
21573,-0.0522088353413653,1
27705,0.1548331907613345,1
45373,0.0890624999999998,1
45437,0.1513636363636363,1
45560,-0.3400000000000001,1
53065,-0.0317848410757946,1
45728,0.0500676589986468,1
45955,-0.0857142857142856,0
46042,0.0209081999346618,0
46077,0.0992700729927007,1
46181,-0.0964285714285715,0
46229,0.1363636363636362,0
52329,0.0743801652892561,1
82694,0.4223208623969563,1
86804,0.1302250803858522,1
22111,0.0213383407306246,1
42534,0.0283125707814269,1
46886,0.1584263689526848,1
46923,-0.0415129151291513,0
46931,0.1104933981931897,1
47002,-0.2301486199575372,1
42067,0.0018587360594795,1
47088,-0.0532867438305306,1
24432,0.0287386907929749,1
12650,-0.1309306569343066,1
24053,0.0138408304498269,1
47205,0.1134521880064829,1
26825,0.0096707345153119,1
47379,0.1167381974248926,1
44134,0.1866310160427808,1
47619,-0.1637931034482758,1
47715,0.2869955156950672,1
17750,-0.0873853607890637,1
33398,0.0609418282548477,1
59045,0.0758946126622099,1
48072,-0.2017167381974248,1
48144,0.2056737588652482,0
89456,0.0,1
49488,-0.0734966592427617,1
48267,0.2276119402985075,1
47255,0.1479999999999999,1
12781,-0.1108580106302201,1
48486,0.0534653465346535,1
48523,0.1376451077943614,1
48531,0.1746031746031746,0
48697,0.4423076923076923,0
48961,0.0008760402978538,1
50286,-0.6057692307692308,0
60943,0.0404109589041095,1
65330,0.2158712541620422,1
10092,-0.3488372093023255,0
50876,0.1792093704245976,1
81678,0.1146859268986648,1
49905,-0.087719298245614,1
21178,0.0903903514459862,1
26710,0.031398320554947,1
68523,-0.1818181818181818,0
56223,-0.3246753246753247,0
43721,0.0361617312072894,1
76489,-0.3003447576556479,1
62906,0.4603174603174604,1
59774,0.0890151515151513,1
33849,0.2662337662337661,0
66245,-0.0225806451612903,0
23835,0.0614854894244958,1
34067,0.115702479338843,0
50623,0.0242214532871971,1
66253,-0.1093333333333334,1
50789,-0.0677966101694914,1
89790,-0.0441176470588235,1
51263,0.098984771573604,0
81311,-0.0539130434782607,1
15069,0.0450725744843392,1
45751,-0.048235294117647,1
51706,-0.1171521035598704,1
34032,0.1617954070981211,1
51829,0.0351336540217985,0
35705,0.0,0
39538,0.1704462326261886,1
51925,0.1959038290293855,1
51960,0.0389344262295083,1
43449,0.0585531914893615,1
89915,0.1879866518353725,1
17478,-0.0723999999999999,1
81061,0.1084716657126503,1
52250,-0.0014285714285714,1
89813,-0.0021428571428572,1
10507,0.1614401858304297,1
17005,-0.0065675769097822,1
22752,0.1377245508982036,1
42796,0.0607187112763321,1
53015,0.10546875,1
53074,-0.0535424553812871,1
87437,-0.1097922848664688,1
55546,-0.11469009272816,1
89857,0.2946812957157785,0
53373,0.0607148776310699,0
53480,-0.0198198198198197,1
53640,-0.3514622883530014,1
24010,-0.0231492361927144,1
53859,0.0017441860465117,1
54181,0.0169759178839321,1
54253,-0.0220858895705521,1
22592,-0.1402958314657105,1
24248,-0.0569842197545293,1
54675,0.1358953224809396,1
54704,0.0124740124740125,1
54827,0.0654411764705882,1
76591,-0.041085840058694,1
42614,0.1673151750972763,1
22779,0.0278422273781902,1
28345,0.0068104426787742,1
65365,0.3157894736842106,1
69550,0.051009564293305,0
84372,-0.0685111989459814,1
13303,0.169284467713787,1
90377,0.0088495575221239,0
55993,-0.1172413793103447,1
56040,0.0006687472135533,0
45487,0.7377198697068406,0
80004,0.1724137931034484,0
78900,-0.047191011235955,1
25590,-0.0368890255149093,1
52337,-0.0495867768595041,0
58501,-0.0152838427947599,1
34497,0.1736015851242189,1
56937,0.0741249142072753,1
47466,-0.0278514588859416,1
60986,-0.2679640718562874,1
21207,0.2095096582466569,1
34673,-0.1956521739130433,1
57534,0.1669535283993115,1
61815,-0.0585309869931141,1
64311,-0.0489185364867597,1
28118,0.024931506849315,0
44206,0.0326180257510728,1
38762,-0.0896265560165975,1
23931,-0.0138224348750664,1
24766,0.0998778998778997,1
58318,0.214586255259467,1
58334,-0.1145145145145146,1
90458,0.1360116166505323,1
34817,0.2948430493273544,1
11406,0.5854665565648225,0
58756,0.0091001011122344,1
58836,-0.0909090909090908,0
34833,0.1080531954192833,1
72611,0.0144927536231884,0
58975,0.12858249419055,1
67029,0.0333333333333334,1
59089,0.1838267786124614,1
23026,-0.1707067258449983,1
13610,0.1037851037851036,1
63714,0.151389464952302,1
90705,-0.1903846153846153,1
59871,0.2040816326530612,1
60098,0.2416178818520489,1
51457,0.1362655153804639,1
60186,-0.0934264387189983,0
44230,0.263157894736842,0
22509,-0.0339253187613843,1
60506,0.0261930391101543,1
13688,0.0176130389064144,1
86136,-0.0865652453396186,1
61138,0.1500857632933103,1
61146,0.6818181818181819,1
61218,-0.3619047619047619,0
61269,0.3530701754385965,1
58675,-0.0522875816993464,1
41355,0.0355404089581306,1
61496,-0.044776119402985,0
57509,-0.1696700859439978,0
61787,0.1802469135802471,0
61955,-0.1348651348651348,1
22517,-0.0944231336677485,1
62034,-0.0478680611423973,1
13856,-0.0340388007054673,0
50550,0.22088772845953,0
62341,0.2536458333333333,1
62368,0.0953333333333332,1
21936,0.0779062690200853,1
21776,-0.0106742572495996,1
52898,-0.0507146150299677,1
13901,-0.0634328358208954,0
13928,-0.0137090632140137,1
62958,0.3706375177754553,1
63125,0.1319261213720317,0
89968,0.0493533913961465,1
24459,0.0311614730878186,1
80185,0.0385523210070808,1
53815,0.3291666666666666,0
49744,-0.0251124437781108,0
23501,-0.0127848804891604,1
63715,0.2162615255658004,1
63811,-0.0677499999999999,1
63830,-0.0513556618819777,1
18163,-0.0393162393162391,1
64486,0.5396995708154506,0
55511,-0.0354066985645932,1
23712,-0.0559870550161811,1
64929,0.2841530054644807,1
64961,0.4506152311273694,1
65008,0.063400576368876,1
87043,2.0,0
27756,0.0155327741534638,1
65163,0.1818181818181818,1
65270,0.1100000000000001,0
69649,-0.2203004096495221,1
66683,0.1348837209302325,1
65700,-0.1073425270219903,1
24942,0.0459016393442623,1
58771,0.1293103448275863,1
76711,0.3221110100090991,1
76282,0.1569086651053866,1
66617,-0.0476190476190476,0
80294,-0.0089389817333851,1
84381,0.034991974317817,1
35991,-0.0152482269503545,1
36003,0.043879907621247,1
89142,-0.0639344262295081,1
45495,-0.0835734870317003,1
67847,0.23025,0
54818,0.0105994152046784,1
66050,0.4487804878048782,0
27633,0.0799220272904484,1
68196,0.0161707632600258,1
54199,0.0692857142857144,1
41320,0.5042735042735045,1
68340,0.1755646817248459,1
46340,-0.0142857142857143,0
76149,0.0903669724770641,1
68591,0.17588298251873,1
22840,0.0664488017429192,1
23085,0.0244604316546763,1
25013,0.0130874479476503,1
36281,0.3251942286348501,1
85926,-0.0562223626026532,1
41574,-0.2785571142284569,1
51625,-0.1460481099656357,1
89651,-0.0318181818181819,1
50243,-0.188235294117647,0
88742,0.1283185840707965,1
36468,0.0139148141863227,1
49138,0.3222222222222222,1
70536,-0.0201809324982602,1
70616,-0.0550239234449759,1
65402,-0.0983506414172267,1
45794,-0.2171682626538986,1
60206,0.092371705963939,1
64995,-0.0916844349680171,1
14461,0.2427272727272726,0
71176,-0.0772908366533865,1
26614,0.0217948717948719,1
63335,-0.2411444141689372,0
15720,-0.0383233532934131,1
71475,-0.0585212674850129,1
18411,0.0187224669603525,1
76091,-0.0509461426491995,1
58683,-0.0034682080924857,1
71782,-0.2387706855791962,1
66093,-0.0021008403361344,1
63765,-0.1571137620017456,1
71942,-0.067637918018804,1
71985,0.5872483221476512,1
17523,-0.1902439024390243,0
72232,0.4770114942528733,0
72304,0.3076923076923075,1
39220,0.3895582329317268,1
72494,0.5918003565062386,0
43481,-0.0588235294117646,1
43350,0.0726643598615917,1
18438,0.0380399742101871,1
36898,0.0219660722053067,1
72980,1.0076923076923077,0
73139,0.026464542651593,1
73219,0.0101522842639594,0
14656,0.0936084549572218,1
37022,-0.0810810810810811,0
52396,-0.1398201144726084,1
47861,-0.1372727272727274,0
73681,0.1515587529976019,1
73817,0.2714285714285716,0
66739,-0.213383247543285,0
43334,0.136094674556213,0
52038,-0.0217484008528784,1
37161,-0.05,1
62420,0.0162929504758833,1
74406,0.2124999999999999,0
15560,0.2121827411167511,1
42219,0.0462962962962962,0
44513,-0.0057142857142856,1
74908,-0.4245333333333333,0
92399,-0.0172832369942196,1
74932,-0.1495992876224399,1
57007,-0.0524703178858675,1
43123,0.1124183006535948,1
44329,0.0574081891093287,1
63773,-0.0215716486902928,1
75257,-0.0119904076738608,1
66114,0.5189873417721518,0
75460,-0.3607305936073059,1
84375,-0.1006097560975608,0
51369,0.1134564643799471,1
37284,0.4330794341675734,0
79641,0.2302452316076293,1
15579,-0.0032113037893385,1
23579,-0.0892974392646094,1
62092,-0.0451233183856502,1
38578,0.2648762506582411,1
76100,0.2996000000000001,1
50606,0.0200101317122596,1
14795,0.3528600964851827,1
37399,0.1278195488721805,1
14816,-0.0131021194605009,1
62308,0.2365145228215768,1
76639,-0.0189208128941835,1
37460,0.2833333333333334,0
76946,0.1158798283261801,0
61209,-0.02975,1
55001,0.0598520511096167,1
92583,-0.0873262808545943,1
48389,0.0459565372283576,1
59600,0.0376506024096385,1
45356,0.0334928229665072,1
76185,-0.051464766429137,1
77730,0.3055141579731744,1
17929,0.0453767123287671,1
50278,0.0740252897787145,1
79244,-0.1492063492063492,1
77973,0.1714285714285712,0
78044,-0.3935483870967743,1
24985,-0.0652051714446317,1
48725,-0.0447641886490808,1
63781,-0.0683403068340307,0
89329,0.3255605381165918,0
78749,0.1316113161131609,1
92655,0.2660637791527844,1
53663,0.0080563947633434,1
87447,-0.0423611111111111,1
79039,-0.0179640718562874,0
79303,0.0528135806350205,1
17830,0.1044714609519885,1
39087,-0.3440860215053763,0
79338,0.1685542971352431,1
67360,-0.1388657214345288,1
59619,-0.0066555740432612,1
16555,-0.0656865811698467,1
79573,0.3147410358565736,0
79637,0.0113055181695829,0
79776,-0.0283311199645861,1
43553,0.047427806463951,1
79864,0.1658246656760771,0
80128,0.1095840867992767,1
27043,-0.1318136769078295,1
81116,0.0691399662731873,0
77006,-0.2141527001862198,0
61700,0.3129411764705883,1
80785,-0.3780487804878049,0
57808,-0.2155963302752294,1
15202,0.160053351117039,0
56063,0.0577889447236181,1
86008,0.0155555555555555,1
21231,-0.0944598337950139,1
53225,-0.0142712557279933,1
24969,0.096774193548387,1
81700,-0.0263157894736841,0
46068,-0.0123425044998715,1
81702,0.1117589893100097,1
42059,0.0635673624288426,1
38906,-0.0306397643097643,1
79066,-0.263716814159292,0
62498,0.0639436619718309,1
66384,-0.0614754098360655,1
59467,0.1708860759493669,0
38033,-0.0151966626936831,1
39917,-0.1863370547581073,0
25419,0.0500253936008125,1
38156,-0.1072749691738593,1
64135,0.0912778904665314,1
83030,-0.0806118230673833,1
38172,-0.45,1
66747,0.0613333333333332,0
58819,-0.0844053969250079,1
25099,-0.0271616115889543,1
42286,0.0918526206538661,1
84403,0.0838041431261771,1
27983,0.1402002861230329,1
63079,-0.071578947368421,1
59483,-0.278894472361809,0
84129,-0.231420507996237,1
84161,0.0453857791225416,1
90756,0.27,1
72996,0.0660311555452222,1
87426,-0.1465149359886202,1
88664,0.0543183052688756,1
87856,0.1467181467181468,0
90916,0.0064308681672025,0
70332,-0.0609013398294762,1
90537,-0.175438596491228,1
10116,-0.0565552699228791,0
68742,-0.3936170212765958,0
75216,-0.0272727272727273,0
10147,-0.009460737937559,1
38149,0.3010286951813754,1
87637,-0.0441860465116278,1
10028,0.3599999999999999,0
77576,-0.2915254237288136,0
10078,0.2050473186119874,1
10138,0.0359543992984505,1
10107,-0.0385756676557862,1
10143,0.0497311827956987,0
10200,-0.0307692307692307,1
10163,-0.3765690376569037,1
89954,0.0408905043162197,1
10272,0.0889795918367346,1
10302,0.198391420911528,1
10299,0.1087719298245615,1
10324,0.0367072789753204,1
12217,0.1839863713798977,1
10363,0.0644299287410927,0
10333,-0.3404255319148935,0
10353,0.1743772241992882,1
10382,0.0357024793388429,1
10397,-0.002301495972382,1
10404,-0.1645161290322581,1
10257,-0.065934065934066,0
76565,0.226027397260274,0
10463,0.1015228426395939,0
70033,-0.0023515579071136,1
10371,-0.02,1
10421,0.2236842105263159,1
79698,0.1608072916666665,0
10606,0.1097777777777777,1
10550,-0.2037037037037037,1
79785,0.0506620610247552,0
75070,0.0192837465564739,0
10597,0.1066666666666666,1
89849,0.0337552742616034,0
68857,0.1487039563437926,1
76123,-0.0791366906474819,0
79903,0.0452261306532664,1
10667,-0.0529054640069385,0
10355,-0.0486111111111111,0
10661,0.0503597122302159,0
45225,-0.2357142857142857,0
75596,0.1214953271028036,1
10693,0.1138211382113822,0
10649,0.3999999999999999,1
79909,0.0,0
75517,0.0058355437665782,1
10696,0.0653192735793788,1
89386,0.1928104575163398,0
10785,0.0689655172413794,1
10644,-0.1986301369863014,0
89891,0.2605656565656564,1
70500,0.3104575163398693,1
75224,0.111627906976744,1
89659,0.0430379746835443,1
35124,0.2027477102414654,1
71191,0.4206896551724139,1
10853,0.1896953612980696,1
10026,0.2064559515803632,1
10994,-0.3359999999999999,0
10812,0.0207253886010363,1
10909,0.0686492495831019,1
62296,-0.0918846411804159,0
88779,-0.226027397260274,0
90441,0.1506329113924049,1
75222,-0.4904761904761905,0
10860,0.0697674418604652,1
10443,0.0011430204314901,1
10032,0.0161870503597121,1
70308,0.0906293706293706,1
85570,0.0262510254306809,0
11701,0.3039288361749444,1
71538,-0.0851063829787234,1
11038,-0.1578947368421053,0
75215,0.0125879303961495,1
76672,-0.0509915014164304,0
77453,0.2622857142857142,1
11923,0.087719298245614,0
10838,-0.2307692307692308,0
11292,-0.1530102040816326,1
11162,0.2874999999999998,0
87816,0.2516339869281045,0
64390,-0.0139813581890811,0
65294,0.0486968449931413,1
12173,0.0332056194125158,1
11378,0.2028191072826937,1
11403,-0.0518134715025906,0
11478,-0.3543979504696841,0
76310,-0.3,1
85991,-0.2555567372115283,1
11481,-0.0757927300850734,0
75101,0.1379310344827586,1
75470,-0.1575532900834104,1
11552,0.0610364683301343,0
75107,0.1695156695156696,1
11547,0.0182900893236921,1
87514,0.0718562874251498,1
90196,0.1755555555555554,1
89048,0.0191815856777493,0
11600,0.0828220858895705,1
75104,0.2335329341317367,1
11043,-0.1717948717948717,0
11654,0.0166666666666666,1
11638,0.180597014925373,0
11636,-0.2222222222222223,0
11641,0.008832807570978,1
11394,0.1025641025641024,1
75526,0.0232029117379435,0
11533,0.1923620933521923,1
11707,0.3275862068965518,1
11775,-0.2039999999999999,1
11781,-0.0862944162436547,0
75233,-0.0515320334261838,1
75186,-0.1178396072013091,1
89686,0.0966480446927373,1
11809,0.0049105021384443,0
11731,-0.1651495448634591,1
11825,-0.1156462585034012,1
11910,0.3479262672811058,1
11873,-0.055,0
75261,-0.5897435897435896,0
37217,0.2765586903517938,1
75272,0.3782383419689119,1
88197,-0.1348920863309353,1
11599,0.0402184707050645,1
89502,0.162550881953867,1
10822,0.0,0
11618,-0.0950402492858997,1
75902,-0.1923076923076923,0
84769,0.032730404823428,1
11898,0.4635050018525382,0
10180,0.4024390243902438,1
11884,0.0434782608695651,1
75182,0.0494505494505492,1
75577,0.1359619306594153,1
11908,-0.0999999999999999,0
75241,-0.194223107569721,1
62084,0.0344827586206897,0
75320,0.0966269338067462,1
75285,0.079733163913596,1
86168,0.3216080402010051,1
10901,0.2048387096774193,1
75316,-0.1056338028169012,1
11903,0.0566037735849056,1
11891,0.1485809682804673,0
11955,0.1349315068493151,1
88283,0.1843129293134369,1
89715,0.0220955096222381,0
90044,-0.1136783733826247,0
11752,-0.0511928429423459,1
81774,0.0187578157565653,0
12149,-0.2395209580838323,0
12188,-0.2933333333333333,1
12248,0.0705357142857143,1
12067,-0.0040355125100888,1
75573,0.5126903553299493,0
11917,0.0479041916167666,1
11976,0.078125,1
75326,0.0591677503250973,1
28223,-0.5128205128205128,0
17743,0.0903974674639465,1
12226,-0.1624999999999999,0
12074,-0.014188772362739,1
12236,-0.0393013100436681,0
87137,-0.0916505391208184,0
12214,-0.1038961038961039,0
12062,0.0165719696969697,1
12190,0.1546689303904924,0
80926,0.0612244897959184,0
12209,0.3205882352941178,1
75432,0.4090644973852411,1
75383,0.0082606700321248,1
75672,0.5098039215686274,0
85269,0.1792915531335148,1
75733,-0.165909090909091,0
12169,0.0273972602739727,0
75591,0.05,1
82540,-0.0400219298245612,0
75734,-0.3312597200622084,0
75447,0.0152541942688899,1
75730,0.310204081632653,1
75694,0.0404773423641346,1
63467,0.050251256281407,1
75696,-0.1938775510204081,0
75649,0.1564885496183206,1
75740,0.0212765957446807,0
75646,0.0700636942675159,1
75607,0.1238570241064007,0
75764,0.0019083969465647,0
75654,0.0858400586940573,1
75603,-0.3649289099526065,1
10051,-0.0959501557632399,1
80422,-0.4050632911392405,0
75825,-0.216890143495648,1
75853,-0.1959459459459459,0
75854,-0.006578947368421,1
10304,-0.0082191780821917,1
76148,0.1905158069883528,1
16644,-0.2285894206549118,1
11628,-0.215625,1
75831,-0.1203904555314534,1
11748,0.0041176470588235,0
75828,-0.1584470094438614,1
23799,0.0264550264550265,1
75503,-0.0162601626016259,1
11847,-0.1869918699186992,1
88891,0.1057692307692308,0
10205,-0.1877666666666666,1
89440,-0.2654320987654321,1
10290,-0.0782908704883228,1
52936,0.010991426687184,1
56710,0.1531007751937985,0
75860,0.1230366492146597,1
10932,-0.0813333333333333,1
93105,32.225806451612904,0
67046,-0.0672268907563024,0
11750,-0.0672530181227416,1
11593,0.0,0
69586,0.3360323886639673,1
83729,-0.349740932642487,1
89207,0.2134203168685926,1
83469,-0.006253908692933,1
76037,0.4181818181818182,1
76331,0.3448979591836734,1
87759,0.0933333333333332,0
88797,-0.1026170540307137,1
12166,0.0589651022864019,1
86382,0.0647985989492119,1
88976,-0.0785714285714285,0
39766,-0.1496062992125983,1
75714,-0.0296296296296295,1
76359,0.2339373970345963,1
81620,0.0306122448979591,1
75912,0.0942906574394464,1
77181,-0.4606299212598425,0
76000,0.5999999999999999,0
77798,-0.0177033492822965,1
89141,0.1881290322580644,1
85726,0.0698924731182795,1
75906,0.4666666666666665,1
77236,-0.222462203023758,0
11056,0.6541353383458648,1
75755,0.3631578947368421,0
76013,-0.1727272727272727,0
89903,0.4400000000000001,1
76023,-0.2477876106194689,0
77300,-0.0815822002472188,1
75930,0.074205098979559,0
76215,0.1546635182998816,1
76371,0.2060301507537687,1
76082,-0.1324657991324658,1
76095,-0.0704125177809388,0
85671,0.0791366906474819,1
76391,0.1365494685200328,1
76963,-0.2058823529411765,0
76127,0.0082987551867219,1
76128,0.1416234887737479,1
76336,0.0073313782991202,0
76135,0.0242480764747026,1
78981,0.1957062850031112,1
76138,-0.0599022004889975,1
76139,0.1354651162790698,1
76415,-0.1875,0
76868,0.0966386554621849,0
88965,-0.111289150012611,1
89655,0.1316587267215243,1
76392,0.2356995175740868,1
89885,-0.4561933534743202,0
88871,0.0715645222687475,0
76372,-0.4979166666666667,0
76544,-0.1999999999999999,1
83566,-0.2283008942661757,0
76195,-0.0952380952380952,1
83671,0.2914979757085021,0
89485,0.1007905138339921,1
76367,0.2930232558139534,1
76201,0.0892420537897311,1
87053,0.375,0
79259,-0.1663747810858143,0
76207,-0.2082644628099172,1
84911,0.0315263157894736,1
85685,-0.0357142857142857,0
76360,0.0015267175572519,0
89369,1.6881720430107523,1
90069,0.2755102040816326,0
81651,-0.0714285714285712,1
90053,0.2761506276150627,0
77486,-0.1610738255033557,1
76240,-0.0266889074228523,1
76330,0.0232558139534884,0
76230,0.0613948919449902,1
76461,0.4087301587301586,1
76223,-0.0566037735849057,0
89948,0.1581210095812784,0
11644,0.1268781302170283,0
76261,-0.0144167758846658,1
76224,0.0070977917981072,1
76477,0.0433090024330899,1
76478,0.3391105297580119,1
79037,0.0405503258508326,1
89148,-0.1375,0
78071,0.49,0
76515,0.1007518796992481,1
83551,0.0683544303797467,1
76553,-0.4293333333333333,0
76879,-0.0555555555555554,1
90099,0.0247349823321554,1
88284,0.1163859111791729,1
76582,0.104602510460251,1
76584,0.1178571428571428,1
76613,0.1433333333333333,0
76614,0.1875808538162999,0
77004,-0.05,0
76619,0.1932638331996792,1
76978,0.0625,0
76622,0.0283687943262411,0
76624,0.2119700748129678,1
76625,0.0484485574305932,1
76644,0.2236842105263159,1
76888,-0.4193548387096775,0
76837,-0.012065046336772,1
76638,0.1423001949317739,1
76661,0.2362685265911071,0
76686,-0.0028169014084505,0
76695,0.1755175517551757,1
76856,0.2360570687418934,1
76706,0.104950495049505,0
76709,0.1672597864768683,1
76710,-0.1377551020408163,1
76934,-0.1551724137931034,0
76712,0.071521456436931,1
76714,0.0419243986254294,1
76721,-0.0054298642533937,1
76960,-0.4396067415730337,1
76732,-0.0919088766692851,0
76736,0.4430894308943089,1
76980,0.1418813571905859,1
88031,0.1270588235294119,0
76744,0.2354615697437982,0
76750,0.2493875551200393,1
90277,-0.0517153097798259,1
76945,0.2045773940975708,1
76795,-0.0425330812854441,1
76792,0.005275974025974,1
76869,0.3692307692307692,0
76798,-0.0776228016979986,1
76999,-0.1160337552742615,0
76841,0.1257385960765775,1
76845,-0.0663265306122448,0
76843,0.1406844106463878,0
89213,0.0435695538057741,1
77235,-0.2606521739130435,0
77037,0.195798319327731,1
85426,0.1795429815016322,0
77202,0.2041224489795916,0
77087,0.2588235294117647,1
77090,0.1573670444638186,1
77117,-0.0872210953346855,0
77114,0.0097087378640776,1
77165,-0.0374999999999999,1
77182,-0.0610287707061899,1
77191,0.2050898203592814,1
77175,0.2459893048128341,0
77178,0.0673220137027106,1
77259,-0.187012987012987,1
77262,-0.2821292775665399,0
77264,0.4642375168690957,0
90464,0.0614678899082568,0
77271,-0.0744680851063829,1
77274,0.1417727171243581,1
77292,-0.3549060542797495,0
77279,0.208898944193062,1
77282,-0.1789473684210525,1
77281,-0.107750472589792,1
77289,-0.054054054054054,1
77327,-0.3015075376884423,0
77340,-0.2878787878787878,0
77338,-0.051562158619183,1
77347,0.2061068702290076,1
77366,-0.0774577954319762,1
77461,-0.108108108108108,0
77413,-0.1777777777777778,1
77418,0.1116022099447513,1
77421,0.1253656498119515,1
77425,0.0329588014981272,1
78147,-0.3333333333333333,0
77443,0.0,0
77437,0.2830188679245282,0
77447,0.0955371900826447,1
77496,0.3978529603122966,1
77768,0.0052497883149873,1
77502,0.0398671096345515,0
77515,-0.0285714285714285,1
77520,-0.0418359057676686,1
77521,-0.2909090909090909,0
83738,-0.1419718309859154,1
77582,-0.0761421319796954,0
77599,-0.2574285714285713,0
77610,0.2962962962962963,1
77605,0.2544570502431118,1
77649,-0.1359855334538878,1
77629,0.1016528925619835,1
77630,-0.0551181102362204,0
77660,0.0458015267175573,1
77668,-0.0439923491566683,1
77673,0.125,0
89810,-0.3090909090909091,0
77683,0.3863636363636362,1
84776,0.0714718352513628,1
77702,0.0593505039193731,1
77790,-0.2192982456140351,0
90352,-0.1031390134529147,1
77763,-0.0545994065281899,1
77780,0.3919239904988125,1
77785,0.1179245283018868,1
77787,0.0606400898371701,1
85759,-0.1397058823529412,1
77868,0.2935361216730039,1
77892,0.2230769230769231,1
77900,-0.0818030050083472,1
77902,0.3873626373626373,1
77918,0.1037234042553192,1
77917,-0.0139130434782608,1
77971,-0.021494370522006,1
77967,0.4375,0
77976,0.1397955819320804,1
77982,0.1759581881533101,1
84315,0.2413793103448276,0
78018,-0.6127450980392157,0
78008,0.1707317073170733,1
78015,-0.1288604898828541,1
78186,-0.0356633380884451,0
78038,0.3579335793357934,0
78051,0.0888888888888888,0
78062,0.1167701863354035,1
78077,-0.1001335113484646,1
78068,0.2741935483870967,1
78073,-0.0773809523809523,0
78081,0.3300970873786408,0
78082,-0.4266666666666666,0
78210,-0.113821138211382,1
78189,0.3888888888888888,1
78197,0.15095785440613,1
78139,0.062992125984252,1
78172,0.0669934640522875,1
78170,0.0099453008453505,1
78208,0.125,1
78211,-0.0689655172413792,0
78137,0.00786329956147,1
78804,0.0826511750726168,0
78156,0.0684745762711864,0
78193,0.2740331491712706,0
78213,0.3147058823529414,1
78840,0.0635564570655848,1
78195,-0.2331997068839174,1
79427,0.0886075949367088,1
78841,0.1809523809523809,0
86889,-0.2482993197278912,0
78908,0.2989936014919134,1
78877,-0.0587892898719439,1
79033,-0.3306288032454361,0
78875,-0.0006297229219144,1
78889,0.1830508474576271,1
78876,0.0670329670329672,0
78915,-0.0228915662650603,1
78916,0.1187368421052632,1
78869,-0.1106965174129351,0
82640,1.1485148514851486,0
79065,-0.1071428571428571,1
79006,-0.0472641509433963,0
48653,0.2332120410188554,1
78955,-0.1285942492012779,1
78990,-0.0403422982885085,0
78950,0.1874503574265289,1
78987,0.0556756756756757,0
78977,-0.078525641025641,1
79089,0.0986842105263157,1
79080,-0.1938250428816466,0
79108,-0.2656250000000001,1
79133,0.0538277511961724,1
79103,0.179133103183736,0
88597,0.1130742049469963,1
78910,0.0887573964497041,1
79150,-0.1314285714285714,1
79212,-0.0776673640167363,0
79198,-0.1352201257861635,1
79159,-0.0149577281595492,1
79237,-0.2935107655502391,0
79323,0.2877358490566035,0
79247,-0.0954198473282442,0
79299,0.0400677200902934,1
79248,-0.126005361930295,1
79249,0.0292728989612842,1
83659,-0.2140845070422534,0
79265,-0.0103225806451613,1
90092,-0.1167664670658682,1
79390,1.6688907422852377,0
79444,-0.3369434416365825,0
18649,0.2347266881028937,1
79417,-0.0271739130434782,1
79399,0.2074145094279322,1
79666,0.0696517412935324,1
79467,0.2656587473002161,1
79507,0.2944444444444445,0
79472,-0.088785046728972,1
79499,0.4124293785310735,1
79545,-0.0798816568047338,1
79528,0.1031096563011455,1
88568,-0.0198145025295108,0
79502,0.000862812769629,1
79529,-0.1499999999999999,0
82763,-0.3771043771043771,0
79491,-0.1346877351392024,1
81103,-0.0070921985815602,0
80069,-0.28125,0
79564,0.105702364394993,0
79588,0.066115702479339,0
85913,0.1584276354973197,1
79628,-0.0470119521912349,1
79668,0.1986222732491387,1
79712,0.129032258064516,0
79724,0.0699442473390774,1
79758,0.0749999999999999,0
79686,0.3392018779342722,0
79689,-0.0918367346938775,0
79740,-0.1739130434782608,0
79721,-0.6923415009339633,0
79702,-0.002219755826859,0
79857,-0.0784627702161729,1
79828,0.0855263157894736,1
79906,0.1347305389221558,0
79790,-0.3550295857988165,0
79862,-0.0744186046511629,1
79839,0.34529337273111,1
79795,0.1279373368146215,0
79791,0.0736842105263158,0
79878,0.2796005706134092,1
79802,-0.0099009900990099,1
79846,-0.0479647702927873,1
79915,-0.1253321523472098,1
79841,0.0497404844290656,1
80223,-0.0101302460202605,1
79879,0.3419117647058822,1
79884,-0.0619469026548671,0
79799,0.294463087248322,1
79977,0.2254335260115607,0
80023,-0.2885906040268455,1
80034,0.2460549386323787,1
80049,0.3333333333333332,1
80080,-0.0361702127659573,1
80001,-0.384520695491614,0
80012,-0.3440860215053763,0
80050,0.2997542997542997,1
84723,-0.0923566878980891,0
80000,-0.0618556701030927,1
80079,-0.0367680435769406,1
80054,0.2988235294117647,1
80167,0.212833545108005,1
80113,0.1063553826199739,1
80112,-0.0073529411764705,1
80159,0.1438596491228068,0
80165,-0.0503597122302157,1
80135,-0.0177777777777777,1
80279,0.375,0
76697,0.2086570477247504,1
80236,0.4020979020979021,1
80258,-0.5441176470588236,0
80204,0.1077133728890917,1
80254,0.1100846805234796,0
80245,-0.1999999999999998,0
80191,0.0969011313330054,1
80193,-0.1270718232044199,0
80237,-0.0238095238095238,0
80266,0.2655367231638419,1
80353,0.08,0
80361,0.0121409535090315,1
80306,-0.0419580419580418,0
80375,0.1640000000000001,0
88681,0.1860119047619046,1
80343,0.6357142857142859,0
80316,0.1212121212121211,1
80362,0.1328630217519104,1
80368,0.1327968749999999,0
80341,0.0156514492564909,1
80310,-0.035,1
84584,-0.0664961636828644,0
80357,-0.0190262172284643,1
80303,0.1827411167512691,0
80479,-0.3996998499249624,0
80439,0.0558252427184464,1
80485,-0.1043771043771043,0
80434,0.1345454545454545,1
82541,0.1030637292039153,0
80415,-0.1233333333333333,1
80446,-0.056969696969697,1
80539,0.1705263157894736,0
46392,0.3580394500896591,1
80568,0.0822311673375502,1
80587,0.1569767441860463,0
80585,0.3640552995391706,0
80534,-0.1866666666666666,0
80498,0.2473684210526314,1
80557,-0.1288888888888888,0
80577,-0.1538461538461538,0
80560,0.011400651465798,0
80563,0.0084905660377359,0
80575,0.0676923076923077,1
80679,-0.1908571428571428,1
80621,0.5755045233124567,0
80625,-0.1054131054131053,0
89099,-0.0413793103448276,1
80670,0.3020527859237536,1
80633,0.0170316301703161,1
80759,-0.1016409502816556,1
80828,-0.1846153846153846,1
80791,0.0478873239436621,1
80820,-0.2894736842105262,0
80797,0.1374622356495467,1
80795,0.062998200051427,0
80812,0.045359512771566,0
80804,0.3249999999999999,0
80816,-0.1503028064992614,1
80837,-0.2233472034830327,1
80858,0.1212121212121211,0
80928,0.098,1
80924,-0.4088669950738917,0
80955,-0.0658307210031348,0
80864,-0.0329776915615906,1
80918,-0.3609022556390978,0
80913,0.1359703337453646,1
80940,-0.0652173913043477,0
80943,-0.2166666666666667,1
80951,-0.1680993314231136,1
80915,-0.2033333333333332,0
81010,-0.0367383512544803,1
80969,0.3422818791946309,0
80990,0.6044444444444443,1
81084,0.2857142857142858,0
81109,0.1122448979591836,1
88937,0.4084507042253522,0
81055,-0.0732345248474279,1
81182,-0.0247524752475246,0
81162,-0.0121621621621622,1
81184,0.187704918032787,1
82248,-0.2307692307692308,0
81173,0.5782747603833867,0
81128,0.0543960923623445,0
88379,0.0413990007137758,0
81148,-0.4197080291970803,1
88865,-0.1234042553191488,1
86993,0.1091003102378489,0
85205,0.250422006877149,0
81220,0.6953316953316953,1
81206,-0.0598086124401913,1
81241,0.5051813471502591,1
81275,-0.1823056300268096,1
81256,-0.1141304347826087,1
81254,0.0202140309155767,0
81293,0.0441426146010186,0
81292,0.1648590021691973,1
81282,0.0127388535031847,1
81278,-0.0861111111111111,0
81501,0.0103691414350892,1
82162,0.1960291831120677,0
87532,-0.0390243902439023,1
83458,-0.2771084337349399,0
81540,0.1374800637958531,1
81566,0.089673913043478,1
81560,-0.0432612612612612,1
81530,0.1676646706586826,0
81588,-0.0454545454545455,1
81539,0.1935483870967742,1
81562,0.1313131313131315,1
81584,0.0772104607721047,1
81624,-0.1506666666666666,0
81647,-0.4642857142857143,0
81621,0.0893203883495146,1
81705,-0.0718503937007875,1
81736,0.0313703907539899,1
81740,-0.0189873417721518,0
81741,-0.3762500423743177,0
81756,-0.1249999999999998,0
81670,-0.019047619047619,1
81857,-0.028436018957346,1
81696,0.0009025270758122,1
81666,0.4241071428571428,1
81728,-0.0884229717411121,0
81665,0.1012269938650307,1
81776,-0.0492676431424766,1
89611,0.0629370629370629,0
81870,-0.320113314447592,1
81893,0.0028796974168685,1
81901,-0.0849152542372879,0
82231,0.2126436781609195,1
81850,-0.0462962962962962,0
81869,0.1090225563909774,0
81889,-0.327027027027027,1
82155,-0.35,0
82171,0.0312435547277829,0
81925,0.2436472346786247,0
82212,0.1294117647058823,0
82179,0.129564941251191,1
82176,-0.4088669950738915,0
85832,-0.2090395480225989,1
82234,-0.2764705882352941,1
82281,0.0880626223091975,1
82272,0.018637532133676,1
82266,0.1835106382978724,0
82287,0.1063829787234043,0
82242,0.4457831325301205,0
82504,-0.1260744985673353,0
82471,0.1308411214953269,1
82298,-0.2013550135501355,1
82518,-0.1033707865168539,0
82515,0.0429483459082993,1
82521,-0.0783333333333332,1
85374,-0.2443890274314214,0
82307,-0.0135323383084576,1
82575,-0.0916988416988416,1
85032,0.1374999999999999,0
82567,0.0451612903225806,0
82581,0.0268681780016792,1
82618,0.1999999999999999,1
82649,0.0856832971800432,1
82544,0.2121212121212121,0
82552,0.0149253731343284,0
82643,0.027501909854851,1
82546,-0.1044843049327355,1
82547,0.2789203084832903,1
82642,0.1096774193548388,1
82651,-0.111084162017948,1
86042,0.1883802816901409,1
82634,-0.1147132169576059,0
82638,0.4706744868035188,1
82587,0.0263157894736842,1
82635,-0.1929046563192904,1
82607,0.1670673076923077,1
82554,-0.1147540983606556,0
82599,0.4836350974930363,1
82762,-0.0498386518465399,0
82734,0.1179487179487179,1
82720,-0.2724167378309138,1
82686,-0.1159039759939984,1
82759,0.1285403050108933,1
82717,0.0503246753246753,1
82768,0.1222222222222222,1
82755,-0.0144329896907214,0
82766,-0.091755319148936,1
82775,0.9431952662721896,0
82699,-0.1056737588652482,1
82747,-0.2780555555555555,0
82800,0.1671511627906976,0
82837,0.101366742596811,1
82824,0.092460881934566,0
82825,0.037878787878788,0
82839,0.0,1
83875,-0.0521739130434781,1
86122,0.1054421768707483,1
85376,-0.2527472527472527,0
83131,-0.2549253731343283,0
86098,-0.2222222222222223,0
87832,-0.0571428571428571,1
85838,0.1888111888111887,1
83529,0.0347826086956521,0
83145,-0.0555555555555555,0
84529,-0.6,0
87471,0.2156862745098038,0
83149,0.0106313164457276,0
83120,0.1646757679180888,1
83123,0.035374149659864,0
87005,-0.0306818181818182,0
37381,-0.1801470588235294,1
83111,0.0751633986928104,0
83124,0.0374109263657955,1
83374,-0.1518987341772151,1
90049,-0.1854636591478696,0
82859,-0.1153846153846154,0
83303,-0.0625,0
84157,0.0716253443526171,0
83307,0.4114754098360655,1
83152,0.1546184738955822,0
83143,0.1380579843534284,1
83272,-0.0063670411985018,1
83317,0.0730337078651683,0
88163,-0.4096774193548387,0
83291,0.015015015015015,1
83283,-0.0037936267071319,1
83304,-0.0892857142857143,0
83244,0.2269938650306748,0
83762,-0.2,0
83390,0.1544976375144868,1
83413,0.1269035532994924,1
83411,-0.0700557966522008,0
83435,0.0599478714161598,1
83421,0.2342032967032965,0
83366,-0.2582463465553235,1
83362,-0.3633540372670808,0
83377,0.096409574468085,0
83386,-0.2301204819277109,0
83405,-0.2825278810408921,1
83422,0.0307277628032345,1
83520,0.1525139664804469,1
88596,0.055662188099808,0
86744,-0.1214285714285713,1
83499,0.0146398028699812,0
83509,-0.1852662290299052,1
90452,-0.1829533116178068,1
83462,0.154041687849517,1
83565,0.09,0
83534,0.0289389067524117,0
83452,0.0139146567717995,0
83503,-0.038263849229012,1
83575,-0.2141734533504785,0
83558,1.2105263157894737,0
85714,-0.1249999999999998,0
88811,0.0901234567901234,1
83616,0.0912408759124088,1
83690,-0.1608606557377049,1
83632,-0.1428571428571429,0
83592,-0.1178546224417783,0
83651,-0.3249999999999999,0
83664,0.4223602484472049,1
83621,-0.0336105336105335,1
83661,0.0039499670836076,1
83602,0.0218373493975905,0
83720,0.3588390501319261,0
83779,0.0430379746835443,1
83800,0.3602357742008615,0
83799,-0.1051709027169151,0
83756,0.3342857142857143,0
83916,-0.0532879818594105,1
83879,-0.1553463349024881,0
83832,-0.0173961840628507,0
83844,0.050561797752809,0
83908,0.1924999999999999,0
83893,-0.5483870967741935,1
83862,-0.1481481481481482,0
86300,0.1752941176470588,0
83910,-0.1404655343532892,1
83906,-0.0910994764397905,1
83885,0.3548387096774192,1
83831,-0.2115238817285821,1
83929,-0.1,0
83969,0.0345982142857141,1
83928,-0.0672626649638142,1
88436,0.1768985902683038,1
83950,0.0642857142857142,0
83961,-0.1331086773378265,1
83965,0.2634146341463415,0
83953,0.3428571428571429,1
84069,-0.1054739652870494,1
88905,-0.0263157894736841,0
84023,-0.2122881355932203,1
84026,-0.1333333333333333,0
84103,-0.1607615018508725,1
84062,0.1012269938650307,1
84120,0.0792951541850222,0
90101,-0.3175614194722475,0
84020,0.1528517110266158,1
85996,-0.2126315789473684,1
84042,0.013192612137203,0
84010,0.1274283832729668,1
84060,-0.0162866449511399,0
84041,0.2415204678362572,1
84032,-0.1360904913396959,0
84057,0.08,1
84056,0.4583333333333335,0
84168,0.2432683379758589,1
84203,0.0069444444444444,1
84280,0.1541095890410959,0
84281,0.1522123893805309,0
84172,-0.0306691449814126,1
84262,0.3535108958837771,1
84210,0.2308027923211169,1
89801,-0.0161764705882352,1
84348,0.1236584227718151,1
84325,-0.118918918918919,1
84330,0.0416666666666667,0
84311,-0.2664443770839649,0
84365,-0.0452838063439064,1
89268,0.0454090909090909,0
84342,0.0540540540540539,1
84291,-0.1538461538461537,1
84364,0.1778403275332651,1
84320,0.0672131147540984,1
84373,0.1146660940519646,1
84319,0.2255639097744359,0
84309,-0.3628318584070796,0
85176,0.1059803179409537,0
84438,0.2378449408672798,1
84441,0.046875,1
84385,0.2693208430913349,1
84426,-0.2653333333333333,0
84413,-0.3333333333333333,0
84511,0.3513513513513513,0
84559,0.1755319148936169,1
84531,0.0289408866995075,1
84562,0.1771428571428572,0
84561,-0.3122448979591837,1
84563,0.0568081343943414,1
88424,-0.047846889952153,1
84546,0.0062893081761006,0
84555,-0.4599999999999999,0
84571,-0.0518018018018019,1
84624,0.0756802721088436,0
84604,-0.1249999999999998,0
84530,-0.364,0
84606,0.3610785463071513,1
84738,0.0399334442595673,0
84737,0.0,1
85211,-0.2499999999999999,0
84607,-0.3367346938775509,0
84656,0.1241487689889995,1
84734,0.0,0
84792,0.0561056105610562,0
84780,-0.1624883936861653,1
84827,0.5441319107662463,0
88653,0.1929674099485421,1
85204,-0.5020689655172415,0
85035,-0.4135338345864662,0
85002,0.0126192674669127,0
85075,0.0,0
85072,0.0511574074074072,1
85034,0.0037629350893695,1
85067,0.1181528662420383,1
85013,-0.2857142857142857,0
85047,-0.0652631578947368,0
85077,0.9347826086956524,1
85059,0.2766467065868263,1
85168,0.1259720062208398,1
85187,-0.1375862068965516,1
85177,0.0391304347826086,0
85173,0.0511853448275863,1
87364,0.0862068965517242,1
85175,0.2442748091603053,0
85158,-0.1330645161290322,1
85245,0.1133333333333332,1
85246,0.1624003357112884,1
85680,-0.1228571428571428,1
85231,0.3764393268379096,0
85216,-0.1655328798185941,1
85223,-0.0333333333333333,0
85280,-0.2222222222222221,1
85291,0.0578034682080923,1
85320,-0.3282579489476042,0
85319,-0.0374687760199833,1
85298,0.2564728871519297,1
89825,-0.3333333333333333,0
89898,-0.0212765957446807,0
85401,0.4405286343612336,0
85349,-0.2784810126582279,0
90012,-0.0167317345231455,0
85333,-0.1330732553099262,0
85348,0.1692650334075722,1
85372,0.1716469770674078,1
85353,-0.0536842105263157,1
85395,0.0736040609137056,1
85486,-0.0811965811965811,1
85611,0.3670886075949366,1
85502,0.6544117647058822,0
85516,-0.048,1
85482,0.0361359570661896,1
85440,-0.0108459869848157,1
85488,-0.0021613832853026,1
85517,0.1971326164874551,1
85432,-0.1373626373626373,0
87139,0.2255639097744359,1
85500,0.0008006405124099,0
85424,0.0421747967479675,1
85445,0.0,1
87114,-0.3759071117561683,1
85457,-0.35008752188047,0
87837,-0.3142857142857144,0
85427,0.0266920877025738,0
85419,0.0955882352941175,1
85496,0.0129390018484287,1
85540,-0.16004,1
85590,0.3069565217391303,1
85621,-0.180547112462006,1
85627,0.2360248447204969,0
85539,-0.3333333333333332,0
85571,0.1121898597626753,1
85798,-0.1412213740458016,1
85593,0.4971428571428571,1
85549,-0.25,0
85567,-0.2324253075571178,1
85576,-0.0710526315789473,1
85522,0.0621621621621621,0
88161,0.5,0
85564,-0.5,0
85565,0.0294117647058824,1
85686,0.064516129032258,1
85675,0.1710988459608631,1
85707,-0.3238636363636363,1
85645,0.0529197080291972,1
85710,0.0863387978142076,0
86017,0.0387984981226534,1
85716,0.1739130434782609,1
85647,-0.1209677419354837,0
85663,0.1301115241635686,0
85653,-0.15,0
86419,-0.0651162790697674,1
85880,-0.1651597347799879,1
89958,-0.1300309597523219,0
85763,0.0887546468401487,1
85744,0.1255271711392269,1
85753,-0.1162575266327003,1
85768,0.4174757281553398,0
85724,-0.0292207792207791,1
85738,1.3029197080291968,1
85770,0.2669082125603865,1
85792,0.2177121771217711,1
85839,0.0861581920903955,1
87024,-0.212121212121212,1
85886,0.0078740157480314,1
85889,0.1112576956904134,1
85931,0.150297619047619,1
85903,-0.2737276478679504,1
85804,0.0462962962962962,1
85739,0.4547107625866575,0
85865,-0.0017035775127768,1
88203,-0.0105363984674329,1
85864,-0.28125,0
85963,0.1084258654474199,1
86003,0.0547263681592038,1
86102,-0.1455919395465995,1
86111,0.0763582966226139,1
85863,0.1210776545166401,1
86570,0.0396281800391389,0
87501,0.0057971014492754,1
87508,-0.0724637681159419,1
88820,-0.1406451612903225,1
88482,-0.111111111111111,0
89530,-0.290909090909091,1
80638,0.0084745762711864,0
87538,-0.3333333333333333,0
85939,-0.0846153846153846,1
85951,-0.0360576923076924,1
85953,-0.2586206896551724,1
85976,-0.3360000000000001,1
85959,0.0190895741556536,1
85978,0.5244755244755246,1
85992,0.0299674267100977,1
86047,-0.0090909090909091,1
86073,-0.0644444444444445,1
86062,-0.1011235955056178,1
86034,0.0815822002472188,1
86026,0.0225694444444444,1
86021,0.0984070269465535,1
86083,0.0024999999999999,0
86097,0.118313850513638,1
86051,0.2162162162162162,1
86113,0.1815999999999999,1
86048,-0.0201342281879194,1
86196,-0.046374918354017,1
86128,0.2194244604316548,0
89815,-0.4545454545454545,1
88341,-0.0475138121546963,1
86211,0.0406390134529148,1
90091,-0.0173010380622837,0
87404,-0.3252032520325203,1
86150,0.2087378640776698,1
86158,-0.059375,1
86249,-0.1666666666666667,0
88836,-0.0444444444444445,0
87564,-0.1936363636363636,0
89527,-0.1698344573881054,1
86155,1.8295454545454544,0
86176,0.1050988553590011,1
86178,0.0345768880800727,0
86180,-0.1777777777777778,0
86288,0.0098099325567135,1
86228,0.0329166666666667,0
89643,-0.0038560411311053,1
87131,-0.0241691842900303,1
86299,-0.5212765957446808,1
86237,-0.1428571428571429,0
86236,0.1254752851711027,1
88516,0.3999999999999999,0
86233,0.1662337662337663,0
86260,0.2754303599374024,1
86728,0.088888888888889,1
89419,0.0763673890608875,0
87160,0.0996563573883162,1
86323,0.0815548780487804,1
86713,0.2349624060150374,0
86322,0.1736867013724563,1
87089,-0.2112903225806451,0
86305,0.0190779014308426,1
86226,-0.31,0
86339,0.2494669509594882,1
88850,-0.2198154362416108,0
86333,0.5860187897767453,0
86324,0.1205673758865248,1
87571,0.1180327868852459,1
86362,0.1346153846153845,1
86356,0.0632140137090633,1
88940,0.1637717121588089,1
88409,0.0001666944490748,0
86253,-0.4657534246575342,1
86721,0.1163287086446105,1
86945,-0.1596638655462183,0
86437,0.4827586206896552,1
86435,0.1432098765432099,0
86534,0.1179925253603844,1
86489,-0.3055555555555556,0
86496,-0.3284313725490195,0
86512,-0.3543788187372709,0
86544,-0.0332906530089628,0
86525,0.1956284153005465,0
86526,-0.0066666666666667,1
86533,-0.0600750938673342,1
86578,0.2843450479233225,0
87845,0.0,0
88581,0.0119402985074625,1
87342,-0.352901934623082,0
86547,0.1468253968253969,0
86548,-0.0972991689750691,1
89143,-0.1357266324766789,1
86560,0.1284403669724769,0
86583,0.1387832699619773,1
86602,0.0953525641025641,1
86719,0.079054054054054,1
86709,0.0263435194942043,1
86715,0.0180348258706468,1
89934,0.1000870322019147,1
86595,-0.1293103448275862,0
86717,0.0441176470588235,1
86739,0.081609195402299,0
86720,-0.0433651344319166,1
86725,-0.106896551724138,0
86759,-0.1059390048154093,0
86763,-0.25,0
86789,-0.0844262295081967,1
86791,-0.0152173913043477,1
86778,0.0335429769392032,1
86783,0.0673913043478262,0
86810,0.2138643067846608,1
86756,0.2443338861249309,1
86840,-0.1770334928229664,0
86822,0.1142857142857141,1
86819,0.6507462686567165,0
86827,0.0405797101449274,1
86799,-0.0134622022782188,1
86830,-0.0108069164265129,1
87039,-0.0784494421678007,1
86899,0.1385842472582255,1
86916,-0.1818181818181818,0
86926,0.110091743119266,0
86876,0.3002028397565923,1
86887,0.0601761982977453,0
86895,0.3833272661084821,1
86935,0.6153846153846154,0
86890,0.0593220338983051,1
86910,-0.0632911392405063,0
86915,0.0434782608695651,1
86946,-0.0187439143135345,2
83554,0.0548128342245988,1
86964,-0.0819277108433734,1
86988,0.4905660377358489,1
86949,0.0647840531561463,1
87843,-0.0698602794411177,1
86990,0.2037037037037037,0
88368,0.3424657534246575,0
86996,0.0335655478150729,1
87006,0.1407988327557905,0
87013,-0.1043478260869565,1
86958,0.2920258620689655,1
87000,0.1094808126410835,1
86965,-0.1233964569334148,0
86977,0.2258064516129032,0
86979,0.0074798619102418,1
87016,-0.0689655172413792,1
87077,-0.1387559808612439,1
87020,0.0417201540436458,1
87121,-0.0853658536585365,0
87054,-0.1053234115626787,0
87066,-0.0064794816414687,1
87099,0.0052083333333332,1
87075,0.0266393442622949,1
87056,0.0452143276570757,0
87074,0.1333333333333333,0
87105,0.24,1
87034,0.1682344428364688,1
87086,0.5672131147540986,1
87134,0.0588235294117647,0
87162,0.0241286863270777,1
87183,0.1146245059288537,0
87167,0.4809782608695652,0
87165,0.3445378151260505,1
87179,0.0842767295597484,0
87173,-0.0742857142857141,1
87182,-0.0569288389513108,1
87172,0.3020833333333335,1
87140,-0.0224489795918367,0
89820,-0.3154761904761904,1
87264,-0.1395973154362416,1
87257,-0.0407315045719035,1
87242,0.0144736842105264,1
87261,-0.0844645550527902,0
87301,0.2571428571428573,1
87236,-0.0875912408759125,0
87267,0.0671385729058946,1
87345,0.1111111111111111,1
87268,0.2597343105817682,1
88475,0.2493074792243768,0
87361,0.0877483443708608,0
87277,-0.2215568862275448,1
87356,-0.0472914875322442,1
87302,-0.0477822580645161,0
87306,0.298,1
87292,-0.0044017607042816,1
87299,0.2298288508557457,1
90054,-0.2222222222222221,0
87321,-0.1011673151750972,1
87337,-0.0097087378640776,0
87379,0.0615942028985507,1
89597,0.9406779661016952,1
87439,-0.170854271356784,0
87430,0.261261261261261,1
87394,0.5219638242894056,1
87419,0.0153061224489796,1
87415,0.0696969696969695,0
87414,0.0367117941212342,1
87424,-0.4029850746268657,0
87373,-0.0329896907216493,1
87418,0.4776119402985077,1
87510,-0.1703602682122968,0
87445,0.0967503692762186,1
90158,0.0606060606060605,0
87496,0.1063829787234043,0
87494,-0.1333333333333333,1
87487,-0.2736842105263158,0
87492,0.0822222222222222,1
87478,-0.1415929203539823,1
87499,0.820408163265306,0
87525,-0.0259740259740259,1
88926,-0.0545454545454545,1
87632,0.1873129862357869,0
87539,-0.1627137341423055,1
87541,-0.0984594775619557,1
87618,0.6996047430830039,1
87583,-0.0588235294117647,0
87589,1.0564377927567694,0
87602,0.1510599528909824,1
87649,-0.0327272727272727,1
87601,0.1578947368421053,0
87771,0.1597304795877923,1
87833,-0.1333333333333333,1
87633,-0.1245235069885641,0
87612,0.0143487858719646,0
87797,-0.0681198910081744,1
87752,0.0734360834088849,1
87825,-0.026315789473684,0
89701,-0.2110236220472441,1
87785,-0.0807993049522154,0
87812,0.1822519083969465,1
87777,0.3110624315443593,0
87657,0.1040787623066104,1
87659,0.2468908337171809,1
87827,-0.0742115027829314,1
88810,0.0781671159029648,0
87789,-0.0295320308950477,1
87801,-0.8,0
88207,0.1085899513776336,1
88784,-0.1216931216931217,0
88152,0.0524828421477594,1
88167,-0.0679999999999999,1
88468,0.1094527363184081,0
88165,0.0976190476190477,0
88173,-0.1812865497076023,1
88174,0.2214765100671141,1
88195,0.4146341463414633,0
88159,0.6245954692556634,0
90354,-0.0109890109890109,1
90083,-0.1098265895953757,0
88370,0.0,0
88246,0.3380281690140847,1
88271,0.3131313131313131,0
88646,-0.218348623853211,0
88182,0.1643835616438356,0
88255,-0.2209302325581394,1
88260,-0.28,0
88263,-0.0566037735849057,1
23887,0.0022935779816513,1
89572,-0.0527740189445196,1
88575,-0.1130434782608694,1
88534,-0.0342298288508556,1
88264,0.0193548387096773,1
90071,-0.0151962853524695,1
88351,-0.2459677419354838,0
88343,0.0112781954887217,1
90028,0.0802469135802468,0
88352,-0.0418018561835056,1
88331,-0.2356406480117819,1
88321,0.0526315789473683,0
88281,0.1491228070175438,1
88313,-0.0147239263803682,1
88332,-0.0232558139534884,0
88287,-0.2123142250530785,0
88359,-0.3068620655510446,1
88439,0.5755395683453237,1
88417,-0.135593220338983,0
88457,0.0540540540540541,0
88432,-0.2291666666666666,0
88466,-0.1692307692307691,0
88485,1.0259740259740262,0
88446,0.1835529304861425,0
88510,0.3832258064516129,1
88511,0.0416666666666667,1
88580,-0.1179941002949852,1
88550,-0.1068840579710145,1
88532,0.0,0
88542,0.0181818181818183,1
88504,-0.1404255319148936,0
88497,0.0670223407802601,0
88545,0.1427463149728471,1
88574,0.0873417721518987,0
88535,0.4399999999999999,0
88564,0.0147058823529411,0
88499,0.0215909090909089,1
89617,0.1713279013433164,1
88554,-0.3194166666666667,0
88503,0.3134328358208955,0
48506,-0.0746199907876554,1
88648,0.019569471624266,1
88739,0.1390728476821192,0
88626,-0.1928571428571428,0
89366,0.3222770058269835,0
88615,0.0470914127423822,1
88661,0.1603351955307264,1
88740,-0.2599118942731276,0
88727,-0.2131147540983606,1
88750,-0.0586319218241041,1
88868,0.0301284891448825,1
89685,-0.0648148148148148,1
88799,0.1684981684981685,0
89925,-0.2454545454545453,0
88801,0.9100023872045836,0
88807,0.2114882506527413,1
88791,-0.1846153846153846,0
88786,-0.0107692307692307,1
90428,0.0813333333333332,0
89029,-0.1213389121338912,0
88860,0.25,1
26382,-0.117157490396927,1
88949,0.0323325635103926,0
88839,0.3054187192118227,1
90029,2.5014589412255104,0
89174,0.1321909424724603,1
88906,-0.124251497005988,0
88892,-0.3219999999999999,1
88897,-0.1274509803921568,1
88945,-0.1186912634876435,0
88922,-0.0347957639939486,0
88991,-0.0290226205719162,1
88895,-0.0293609671848014,1
88943,-0.0869565217391303,0
89497,-0.0534568781183178,1
89004,-0.1325081907535493,1
89290,-0.246244879380974,0
89727,0.061201360030223,0
89006,-0.0132304299889746,1
89110,0.0767195767195767,1
89046,0.2045990566037734,1
88994,-0.3461538461538461,1
89040,0.4146341463414633,1
89642,-0.2523364485981307,1
89031,0.213793103448276,1
89002,0.074347725698453,1
89030,-0.0500963391136802,0
89014,0.1470070422535212,1
90176,1.6,0
89367,0.3599999999999999,0
89167,0.0091848450057403,1
89036,0.0188827694728559,1
89044,-0.2871287128712871,0
89215,-0.0515695067264573,1
89070,0.0830653804930332,1
90216,-0.0291262135922331,1
89327,-0.0914512922465208,0
90175,0.1165048543689319,0
89413,0.3746701846965699,1
89203,-0.1097804391217565,1
89179,0.1834269662921348,1
90223,0.0175438596491228,0
89751,-0.1009174311926606,0
89313,0.1070110701107012,0
89244,0.0395759717314487,1
89204,0.2019543973941369,1
89312,0.0573770491803278,0
89269,0.0654054054054054,1
89217,0.1083662714097497,1
89225,-0.0839847328244274,0
90204,-0.2063492063492064,0
89230,0.0762663631189528,0
90081,-0.002249718785152,1
89761,-0.1999999999999999,0
89297,0.1872727272727272,0
89353,0.3549618320610685,1
89321,0.0154525386313464,0
89919,-0.4785276073619632,0
89409,0.113413304252999,1
90192,-0.2362204724409449,1
89332,-0.1191135734072021,2
89431,-0.0069979006298109,1
89410,0.1484687083888149,1
89387,-0.0421729807005003,1
89394,0.0276453765490942,0
89531,0.2458471760797342,1
90280,0.0,0
89445,0.1284046692607003,0
89567,-0.2628205128205129,0
89753,0.0790835181079083,1
89471,-0.1935483870967741,1
89453,0.3806398687448726,1
89932,-0.0915492957746477,1
89407,-0.2635135135135135,0
89406,0.153722549544724,1
89626,-0.0181174805378625,0
89443,-0.092332268370607,1
89916,-0.3654538681236806,0
89636,0.0038876889848811,0
89533,0.0612757408337518,0
89482,-0.0291652833529512,1
89941,-0.2191011235955057,0
89463,0.3592814371257486,0
90067,-0.0319905213270141,1
89876,0.0185087255420413,1
89568,-0.3399339933993399,1
89574,0.0023696682464455,0
89546,-0.016504854368932,1
89509,-0.0560451180824814,0
89956,-0.5411764705882353,0
89612,-0.1337448559670783,1
89549,0.2923076923076924,1
89620,0.125,1
90436,0.5094339622641508,0
89781,-0.2566483748417054,1
89699,0.1023255813953489,1
90171,-0.75,0
89698,0.0668789808917198,0
89644,0.054968287526427,1
89796,-0.1643835616438356,1
89793,0.1074230537115268,1
89800,-0.0570247933884296,1
89850,0.9119496855345912,0
89752,0.1256961018297533,1
89770,-0.0860215053763441,0
90218,-0.3101851851851852,0
89824,-0.1158536585365853,0
89832,-0.1753615388621726,0
89901,-0.1263707571801565,1
89866,0.1190019193857965,1
89860,0.1194029850746267,0
89889,-0.4637681159420289,0
89964,0.0889057750759878,0
89924,0.2756653992395437,1
89922,-0.353645266594124,0
89913,-0.4153225806451613,0
89905,0.465686274509804,1
89973,-0.1071242849713988,1
90031,0.1401489505754909,0
89971,0.0143061516452074,1
90038,0.3780431786862654,1
90020,-0.2114197530864198,0
90078,0.0982456140350878,0
89952,0.0476870869798178,0
90013,0.3074141048824592,1
89904,0.1171602787456445,1
89960,-0.0008576329331045,1
90079,-0.2040609137055837,0
90052,0.0112359550561798,0
90034,0.1153846153846152,0
90022,-0.01986301369863,1
90088,0.0448028673835125,0
90129,0.1954022988505748,1
90333,-0.2991071428571429,0
90126,0.1003861003861004,1
90180,-0.009339559706471,1
90135,-0.1172413793103447,0
90454,0.2749999999999999,1
90231,-0.2888888888888888,0
90273,0.2083333333333332,0
90210,-0.134936539746159,1
90425,0.2821782178217822,1
90287,0.180793991416309,1
90229,-0.3265306122448979,0
90110,-0.1068931068931069,1
90275,0.3057851239669422,0
90319,0.0501433659934245,1
90413,-0.3314773570898291,0
90286,0.1166666666666664,1
90285,0.088888888888889,0
90363,-0.0912951167728237,1
90325,-0.085239085239085,1
90427,0.3864042933810376,1
90323,-0.0409429280397022,1
90426,0.2367382726874178,1
90381,0.2464860139860141,0
90355,-0.5048543689320388,0
90288,0.3181818181818181,0
90466,0.1777777777777778,0
90299,-0.0441176470588234,1
90227,0.0986887508626639,1
90314,-0.1696428571428572,0
90353,0.1742808798646362,1
90421,-0.0769230769230768,0
90423,0.8547904191616769,0
90312,-0.034952606635071,1
19721,-0.0737551478846875,1
90411,0.0650684931506848,1
90098,-0.2265193370165746,0
90327,0.162162162162162,0
90455,0.3176593521421107,1
90249,0.2895662368112546,1
90444,0.0588039867109635,1
90462,-0.0607142857142857,1
90404,0.8181818181818181,1
90416,-0.2944444444444444,1
90371,0.0921348314606742,1
90439,0.0113935144609991,1
62763,-0.4848484848484848,0
90093,-0.4932432432432432,0
86786,-0.037263910158244,1
82238,-0.2978056426332287,1
90409,0.0992322456813818,0
90440,0.0806845965770171,1
90438,-0.066056245912361,1
84553,0.038961038961039,0
86165,-0.3432835820895522,0
77097,-0.1505376344086021,0
89003,-0.0529685681024446,1
89863,0.0608272506082725,0
85208,-0.1235392320534224,0
88434,0.223583460949464,0
89678,0.0056179775280897,1
90199,-0.0526315789473682,1
90272,0.435267857142857,1
90276,0.08,1
90178,0.3565551289083928,1
90243,0.1872727272727272,0
90188,0.0058055152394773,0
90220,0.0649614291514413,1
90241,-0.2988826815642459,0
90187,0.0264040234702429,1
90164,0.0245227606461087,1
90233,0.3033707865168538,1
90097,-0.04739336492891,1
90290,-0.0973323720259552,1
90200,-0.0672,1
90224,-0.2444444444444444,0
90207,-0.1071428571428572,0
90399,-0.1875,1
54594,0.086776859504132,1
13056,-0.3428819444444444,0
50091,0.1677802524127691,1
14526,0.3282051282051281,1
11581,0.060200668896321,1
15203,-0.113186274509804,1
16126,0.0432252701579385,1
17137,-0.2117647058823529,0
85914,0.3573153066151617,1
84839,-0.1171875000000001,0
20670,-0.3077988001845869,0
64899,0.2404371584699454,0
22905,-0.0143309907675346,1
23660,-0.0328892589508742,1
23975,0.0333229523512923,1
82542,-0.0182608695652174,1
56274,0.11864406779661,1
31668,-0.0133070215205737,0
32046,0.0117860380779692,1
47511,0.1907571288102261,1
33188,-0.2545454545454546,0
53866,-0.0615550755939524,1
60628,-0.0920028308563339,1
57330,-0.0479797979797979,0
37875,-0.0918827508455467,1
20765,0.2867132867132869,1
17144,-0.0383093240462244,1
39328,0.3060606060606059,1
26657,0.2057692307692307,0
41452,0.1085568326947636,1
89888,0.222408963585434,0
84226,0.1071290944123315,1
61145,-0.0786516853932585,1
64020,-0.0433789954337898,1
51423,0.2591155934833204,1
52090,0.0702049042660395,1
53613,-0.0364963503649635,1
54114,-0.1142080217539089,1
55213,0.3565217391304349,0
51377,-0.0845454545454544,0
57665,-0.0422535211267606,1
67010,0.2554744525547443,1
35107,0.0663667041619797,1
61621,-0.0700636942675159,1
51692,-0.5842696629213483,0
64742,-0.1433333333333334,0
65307,0.1084236864053376,1
66852,-0.0548387096774193,1
46922,-0.4038461538461538,0
67193,-0.2813333333333332,1
77354,-0.1106745252128356,1
69199,0.2527634487840824,1
38850,-0.1335067186822713,1
72128,0.4724220623501198,1
72486,0.0721784776902887,1
44951,0.2258606213266163,1
65429,-0.0451612903225806,0
74500,0.0585106382978724,1
74740,0.213288888888889,1
65752,-0.0184266477675407,1
40694,0.1179520414776409,1
76129,0.1343283582089551,1
65306,0.0714543486106098,1
92874,0.029525032092426,1
81294,-0.0108391608391609,1
19502,-0.0028294260307193,1
81614,-0.0345911949685535,0
51086,0.0255102040816326,1
83601,-0.1701807228915662,1
62042,-0.1020408163265306,0
88867,0.0951792336217551,1
21785,-0.0273972602739726,1
10044,-0.1194029850746269,1
69032,0.087457627118644,0
10104,0.1019266625233064,1
75510,-0.0807426597582038,1
11161,-0.0595611285266457,0
75033,-0.1376936316695353,1
75110,-0.25,0
12211,-0.1829863788229246,1
75434,-0.3541666666666666,0
80297,0.1666666666666667,0
75976,0.1057990261177512,1
77488,-0.2182857142857143,1
76355,-0.0937500000000001,0
76858,-0.0002777006387114,0
76279,0.0039267015706807,1
76568,0.4402366863905327,1
76990,-0.0587229190421891,1
76605,0.2769639260208754,1
76752,-0.0949248120300751,1
76788,0.4190358467243511,1
77163,0.0426908150064682,0
77478,0.661721068249258,1
79580,0.5766283524904217,0
77637,0.202783300198807,0
77669,0.054613935969868,1
79094,0.0258358662613982,1
87055,0.0200116572760831,1
79866,0.3944444444444444,1
80032,0.1125,1
80393,0.2630916552667579,1
80553,-0.263157894736842,0
80719,-0.0924702774108322,1
80763,0.166277907364212,0
81655,0.5407326407873154,0
82777,0.0641433111817393,1
83148,-0.0518731988472622,1
83597,0.1060000000000001,1
83957,-0.0726072607260724,0
20598,0.1384371281237604,0
89508,0.0354796320630748,0
84746,-0.3586666666666667,0
84785,-0.0180921052631579,0
85040,-0.089108910891089,0
85982,0.1518749999999999,1
85272,-0.0639269406392695,1
85394,0.5124450951683748,1
85796,-0.1286821705426356,1
85972,-0.071058985857192,0
86868,0.0683630839346753,1
87092,0.0723140495867769,1
87184,0.4291891891891892,1
87214,-0.3585849056603775,0
87484,0.205128205128205,0
87800,0.2845188284518827,0
88193,0.2916666666666667,1
88668,-0.1117424242424243,0
88841,-0.0537261698440207,0
88873,-0.0934476085153442,1
89271,0.2091836734693879,1
89216,0.294881305637982,1
89900,0.0831739961759081,1
90386,0.1400329489291598,0
90179,0.1475272422464375,1
50906,-0.2306610407876231,1
10568,-0.484,0
11157,0.0317460317460318,0
47730,0.1292234736218138,1
13777,0.1547911547911546,1
60871,0.1122807017543858,1
14198,-0.3015873015873016,1
14702,0.05741127348643,1
15537,0.0539130434782608,0
18570,0.2182468694096602,1
18973,0.1598062953995158,1
19271,-0.0129274611398964,1
29938,0.1273957158962795,2
20248,2.2110091743119265,0
25320,-0.0636505460218407,1
21726,0.1051073279052554,1
21742,-0.2320404721753793,1
11267,0.0816618911174784,1
86474,0.0852017937219731,1
22753,0.6266666666666667,0
22825,0.5523809523809524,1
24951,-0.2727272727272727,0
26201,-0.0339447606999788,1
82165,0.566855618539513,0
65541,0.2238805970149251,1
27562,0.0651836523538542,1
27677,-0.0539325842696629,1
27909,-0.1459114617009353,0
63546,0.0833333333333334,1
49154,0.0228080568720379,1
19350,0.1008330939385233,1
49429,0.0846994535519125,1
61313,-0.0166569257744009,1
12008,0.3838383838383838,1
31500,0.0988493723849373,1
33209,-0.0392927308447937,1
50788,0.0265510701706854,1
33690,-0.4926829268292683,0
77462,0.3948787061994609,1
37058,0.1100917431192658,1
62228,0.1319607843137256,1
21055,0.2570579494799405,1
47888,1.1291666666666669,1
83233,0.008446455505279,1
32678,0.2085278555866789,1
23077,-0.0319258496395469,1
41663,0.0233333333333332,1
27828,0.0286281179138321,1
66181,-0.0038944180008654,1
32870,0.1701807228915661,1
42922,-0.2844364937388193,1
12503,-0.0215102974828376,0
89757,0.0722758620689654,1
47133,0.2055555555555555,0
47571,0.0180905998937841,0
16678,-0.0451916124367317,1
48291,-0.2702702702702702,0
48347,-0.3404255319148936,1
64282,0.0784103114930181,1
27617,-0.1346153846153847,0
60097,0.0294888597640892,1
52813,-0.2374631268436579,1
60548,0.1316907391673747,1
53197,-0.2033096926713948,1
56777,-0.0617708146362727,1
57745,-0.2558795860771402,1
57809,-0.0049306625577812,1
57817,0.1706244503078278,1
79611,-0.3044444444444444,1
59185,-0.0110759493670886,1
35051,0.0334423845874227,1
18403,0.0373880989994734,1
35238,-0.0822222222222222,1
13936,0.1542431192660549,1
49971,-0.0574404761904762,1
64785,0.0717797443461161,0
62033,-0.0567514677103717,1
91556,0.1218867924528301,1
50948,-0.004416961130742,1
70923,1.066079295154185,1
42585,-0.0443024024685915,1
72005,0.0793103448275862,1
76081,-0.1572890025575448,1
60580,0.160337552742616,1
66368,-0.0909090909090909,0
37807,-0.0779816513761468,1
80179,0.0753894080996884,0
80857,0.1956249999999999,1
59627,-0.1095890410958904,0
81190,0.1891447368421053,0
55976,0.0032211882605583,1
82924,-0.010567296996663,0
83011,0.1212553495007133,1
15456,0.0906389301634471,1
40539,-0.0985977212971077,1
10025,-0.1519536903039074,0
90609,-0.1450549450549449,1
10182,0.0229357798165137,1
10259,0.0182207931404072,0
10501,0.1095556908094947,1
77420,-0.0643478260869565,1
10514,-0.1266666666666666,0
10659,0.1767608793180799,1
10645,0.1926345609065156,1
75527,0.3142857142857145,1
89105,-0.0171747531129239,1
11132,0.3095737246680641,0
71837,0.3326065918419558,1
11154,3.333333333333333,0
11343,0.1084028223220012,0
71685,1.1888111888111887,0
11379,-0.1875,1
11426,-0.1624365482233503,0
11174,0.4785867237687367,0
75100,0.1940373926225367,1
11081,-0.0832587287376902,1
89609,-0.1225626740947075,1
12266,-0.2548818088386434,0
75489,0.0322580645161292,1
76008,-0.4400880176035208,0
75905,-0.195214105793451,1
76052,-0.196660482374768,1
76076,-0.0145102781136637,1
76671,0.285077951002227,1
76217,0.0569395017793594,0
79315,0.0783095090118086,1
76673,1.7983870967741935,0
77007,-0.3399999999999999,0
86590,0.2060810810810811,1
76839,0.0356731875719218,0
76847,-0.1271186440677965,0
77045,-0.0564263322884013,1
77501,0.0709592641261498,0
77505,-0.2109416096791162,0
77516,0.2725563909774435,1
77530,-0.2756410256410257,0
77584,0.1569459172852598,1
77699,-0.1100917431192661,1
77830,0.1589958158995814,1
77862,0.063330380868025,1
78216,0.0,0
78034,-0.0037194473963868,1
78050,0.1643835616438356,1
78200,0.1588785046728971,1
89930,-0.3571428571428571,0
78209,0.1428571428571428,0
78816,0.2033195020746887,1
78881,0.2068463219227967,0
78975,0.0735559566787003,1
78999,0.0529801324503311,1
79007,0.0181236673773987,1
78963,0.6392156862745098,1
78953,0.1434034416826004,1
78972,0.037375745526839,1
79121,0.0827338129496402,1
79195,0.1697416974169741,1
79307,-0.1999999999999999,1
79411,0.0512820512820511,1
79667,-0.0494296577946767,1
79881,-0.1755641166758393,1
79922,0.0042016806722691,1
79847,0.0844364937388193,1
79797,-0.101123595505618,0
80114,-0.3490990990990991,0
80274,-0.1494661921708184,1
80233,0.0274423710208562,1
80320,0.0194975628046494,1
80432,-0.025,1
80544,0.3375959079283885,1
80592,-0.0542822677925209,1
81165,-0.0767441860465115,1
81212,-0.2023809523809523,0
82598,0.0348148148148148,1
83170,-0.3349999999999999,0
83275,-0.1488786814374493,0
83399,-0.0906040268456376,0
83391,-0.0246305418719211,0
83808,0.2245901639344263,0
83822,0.1602418745275886,0
83896,0.1622641509433962,0
83861,-0.1926655719759168,1
83956,-0.0471204188481674,0
83976,0.1934816347646146,1
84084,0.1032303370786518,1
84275,-0.0105496946141033,1
84255,-0.0896464646464646,1
84416,0.484375,1
84588,0.2229885057471266,1
84519,-0.0945945945945946,0
84761,-0.3777777777777779,1
84730,-0.4912068965517241,1
85019,0.7624113475177305,0
85314,0.0294840294840295,1
85390,-0.0754797441364605,1
85402,-0.2241444866920151,0
85477,-0.0767676767676767,0
85464,-0.1856287425149699,0
85550,0.294642857142857,1
88250,-0.185068349106204,0
86189,0.1935081148564295,1
89606,0.1019417475728154,0
86580,0.0803212851405623,1
86594,-0.0722989439480098,1
86878,-0.1224066390041493,0
86881,-0.1211180124223603,1
86959,-0.1378947368421053,0
89416,0.1484257871064467,1
87057,0.090909090909091,0
87149,0.1250000000000002,1
87255,0.4262948207171315,0
87333,-0.2592592592592593,0
87343,-0.1237785016286644,0
87390,-0.1363636363636363,1
87432,-0.1699415825809876,1
87377,-0.0551181102362204,0
88172,-0.3333333333333333,1
88458,-0.125,1
89208,-0.4269662921348315,0
89301,-0.0086956521739131,0
89447,0.3038548752834467,1
90024,-0.4,0
89449,0.0860655737704918,0
89452,0.0897435897435896,0
89540,0.1189532117367169,0
89908,0.3766233766233766,1
90215,0.1184486373165616,0
90127,0.5810544887019069,0
90387,0.2340425531914893,1
76020,-0.0816326530612244,1
90209,0.2191142191142192,1
