firms,mom1,clusters
54594,-0.1089724607639918,1
14526,-0.1004962779156326,1
11581,-0.1344800625488662,1
15203,-0.0681395348837209,0
16126,-0.1139187197304696,1
17137,-0.1728603603603604,1
20670,-0.3045859000684462,1
64899,-0.1493880861891285,0
23660,0.0215989684074791,1
82542,0.0856197288352726,1
30680,-0.2278773857721225,1
56274,-0.1302794022092268,1
31668,-0.1866666666666666,0
47511,-0.0822596630327057,1
60628,-0.1856856758320662,1
37875,-0.1948131509087196,1
17144,-0.0394404507480086,1
41452,-0.0721527777777777,1
64020,-0.096551724137931,0
52090,0.0134441124894459,1
53613,-0.224679029957204,1
54114,-0.0857805255023183,1
57665,-0.1217123989525218,1
35107,-0.0917933130699087,0
61621,0.0175542640256198,1
51692,-0.3606792369610763,0
64742,-0.0626865671641792,0
65307,-0.1175597691673535,1
66852,-0.1316239316239316,0
46922,-0.1637554585152838,0
77354,-0.1702607823470411,1
74500,-0.0077941206554426,0
74740,-0.0535952177625961,1
65306,0.0041105419591476,1
81294,-0.0708469539375927,1
19502,-0.0789621056561508,1
51086,-0.0913203279615492,0
83601,-0.1492648891103912,1
10044,-0.0294715447154471,1
10104,-0.0854870775347912,1
75510,-0.0634399654278305,1
70092,-0.0301042068699344,1
75033,-0.1811926605504588,1
12211,-0.0661176470588236,1
80297,0.0055865921787709,0
75976,-0.0710517639301021,1
77488,-0.0568353474320241,0
76752,-0.1019513264634948,1
77637,0.0908453174324799,1
79094,-0.1860311155246607,1
87055,-0.0242332912475053,1
79866,-0.1100337268128162,1
80719,-0.234168308471714,1
81655,-0.0108843537414966,1
82777,-0.1552898983861328,1
83148,-0.0561370123691722,1
83597,0.0084460434262516,1
20598,-0.0994891753831184,0
89508,0.005394297456974,0
85040,0.1127385707944961,0
85982,0.0175294439879485,0
85272,0.09375,1
85394,-0.1874268516970406,1
85796,-0.0722961249277038,1
87214,-0.2337837837837838,0
88841,-0.0442092154420921,1
89216,-0.1548554636779882,1
89900,-0.196236559139785,1
12488,-0.0436241610738254,0
90179,-0.0851996105160661,1
47730,-0.045298920200158,1
13777,-0.0216216216216216,1
38746,-0.075268817204301,0
60871,-0.1687887130075704,1
14702,-0.1220785114590424,1
15537,0.0235811350919263,1
68830,-0.2016329428470004,1
85631,-0.0970765334674523,1
85914,-0.1577744926757155,1
49373,-0.0352811466372657,0
18973,-0.0510350481656077,1
19271,0.0101010101010101,1
29938,-0.0590822179732313,2
10866,-0.2809759817003431,1
25320,-0.0615146032566553,1
21742,-0.0247072894063248,1
11267,-0.1827176781002638,1
86474,0.0303830911492732,0
22825,-0.0029010733971569,1
26201,-0.1011474713132172,1
65541,0.0271454184897412,1
27562,-0.0690411835343616,1
27909,-0.1603313840155945,1
49154,0.0391371738568846,1
19350,-0.1537161142305139,1
49429,-0.1722425127830533,1
61313,-0.1137467314157638,1
30737,-0.1176470588235293,0
12008,0.0520266182698123,0
31500,-0.080586961751263,1
33209,-0.0720461095100865,1
77462,-0.1261682242990653,1
62228,-0.070539419087137,0
59010,-0.2837423312883435,1
21055,0.0037937960276723,0
83233,-0.1032388663967612,1
32678,0.1521842130199944,1
27828,-0.0636591478696741,1
66181,-0.0679920962199311,0
32870,-0.0112669003505256,1
42922,-0.1085685227561656,1
12503,-0.0887521968365554,1
47571,-0.0384487916535939,1
16678,-0.1152055857253685,1
48347,-0.0185975609756097,1
64282,-0.1240249609984399,1
27617,-0.0489130434782607,0
60097,0.0424501745298953,1
53197,-0.1653676719756015,1
14696,-0.1895017793594307,1
57809,-0.1392942788626241,1
57817,-0.2369575816674792,1
79611,-0.2774193548387096,1
59185,-0.0760767054385412,1
34948,-0.1423067661931134,1
13936,-0.3395612574958325,1
64785,-0.0395232120451694,0
62033,-0.158314058082755,1
91556,-0.0478189637517919,1
50948,-0.2606274364210136,1
42585,-0.0087254342330587,1
76081,-0.2160315773493244,1
60580,-0.1092276144907724,1
80179,0.0535637149028078,1
80857,-0.0987066031313818,1
59627,-0.0884955752212388,1
81190,-0.1033057851239669,0
55976,-0.0136133800077791,1
82924,-0.0952793417063663,1
83011,0.0232639496239286,1
15456,-0.3121831847579094,1
40539,-0.0836370262390671,0
10182,-0.1497045305318449,1
10501,-0.1939286111419994,1
70228,-0.0874015748031495,1
10514,-0.1544015551235767,0
10645,-0.0386130811662727,1
13656,-0.0267857142857143,0
71837,-0.0271929824561404,1
11154,-0.1316916488222698,1
11343,-0.0983973488096022,1
11379,-0.2037914691943128,0
11174,-0.1307420494699647,0
75100,-0.1735299573363011,1
12266,-0.1878914405010437,0
12146,0.0308370044052863,0
13628,-0.0073432864854349,1
14609,-0.1748878923766815,0
13957,-0.0919238345370977,1
14182,-0.0729974542655851,0
14141,0.0238825883922613,0
14231,0.1030956602559518,0
14296,-0.0688888888888888,0
75905,-0.4037079953650058,1
76052,0.0044642857142855,1
14544,-0.293546544831525,1
15145,-0.1032977691561591,0
14939,-0.1367344593818223,1
76076,-0.0700625558534405,0
79315,0.0519480519480519,0
90751,-0.1869662921348315,0
77007,0.1842105263157893,0
76839,-0.1937499999999999,1
77357,-0.0383217707300957,1
77516,-0.3546012269938651,0
77584,-0.1856060606060605,1
77606,-0.3063291139240506,1
77699,3.541984732824427,0
78034,-0.0375457875457875,1
78975,-0.0247350832470325,1
78990,-0.4273127753303964,0
79007,-0.2795849691531126,1
78963,-0.0371428571428571,0
79307,-0.2937062937062936,1
79881,-0.2441977800201816,1
80114,-0.0666666666666666,0
80274,-0.1277372262773722,0
80233,-0.1807387862796834,1
80320,0.0617944147355913,1
93397,-0.1703152364273205,0
80432,-0.2682926829268294,1
81165,-0.032171581769437,1
81481,-0.087077641984184,1
15014,-0.1249120337790288,0
82598,-0.1873713109128345,1
88988,-0.0926966292134832,0
83399,-0.1497975708502025,0
83391,0.3799999999999999,0
83822,-0.2061855670103092,1
83976,-0.4212111073937772,1
84084,0.0685990338164252,0
84275,-0.2143962848297212,0
84255,-0.0451127819548872,0
84588,-0.0600393681433528,1
84519,-0.089155370177268,1
12493,-0.0783016855131213,1
85390,-0.1786917213260059,1
13687,-0.202042920063724,0
89606,-0.148223350253807,1
86580,-0.2516021546961325,0
86594,-0.0837941301573799,1
89416,-0.0999664542099966,1
87432,-0.145859872611465,1
89301,-0.1236994219653179,0
89397,-0.060274879947011,1
89447,-0.0872560275545349,1
89449,-0.314625850340136,0
89540,-0.0672972972972973,1
89908,-0.3061461151913414,1
90215,-0.0843060729176853,1
90387,-0.1767241379310344,0
90679,-0.1358267716535434,1
90371,-0.0999999999999999,1
90715,-0.2572286894479909,1
13521,-0.1559139784946236,0
13511,-0.1956757625688221,1
91733,-0.0555717619603267,1
92203,-0.0610150801806022,1
92257,-0.1330034781756723,0
92322,-0.0447017294772843,1
92471,-0.027906976744186,0
92635,-0.0723684210526315,1
93373,-0.1820652173913044,0
12363,-0.1083061889250814,1
12915,-0.3111175365042649,0
13399,-0.336734693877551,1
13181,-0.056150234741784,1
91964,-0.2122302158273381,0
21020,-0.203335283791691,0
11499,0.1404639175257731,0
81912,-0.0931943592887798,1
27991,-0.0142752178020363,1
10517,-0.0436344047405279,0
20482,-0.0431121166415284,1
60038,-0.0333817126269957,1
10779,-0.0246913580246912,0
61487,-0.0580912863070539,0
61241,-0.0079623597538907,0
28222,-0.0106904616691997,1
11368,0.0076740740740741,0
28804,-0.059773828756058,1
11587,0.00364775,1
11691,-0.1360767482958849,1
11790,-0.0723542116630669,0
10145,-0.0536773599032425,1
45911,-0.2443864821955093,1
28484,-0.1288209606986899,0
81073,-0.0132647583336077,1
93330,-0.1184280542196679,1
12758,-0.0244222258646122,1
24109,0.0066627703097603,1
59176,-0.0214962040433337,0
13507,0.0007061523523699,1
13769,0.0118279569892472,0
11144,-0.156289707750953,1
85257,-0.0712260406033798,1
14008,-0.0703770315426594,1
18075,0.4596273291925465,0
83112,-0.1691131498470948,1
39490,-0.2078395624430263,0
14593,-0.1275725818507997,1
14761,0.013903743315508,1
10516,-0.1408071748878924,1
77595,-0.1796465968586387,1
29209,-0.2585492841083896,1
24272,-0.0702843660747547,1
15457,0.219856028794241,0
44644,-0.0259748159863737,1
44601,-0.0595571622232263,1
27684,-0.1598436535692243,1
40416,0.1823899371069182,0
53110,-0.0483056957462149,1
10318,-0.1065904836961876,1
57568,0.0241908575241909,1
16505,-0.0953041067405995,1
16548,-0.0815731973780043,1
49656,-0.1403544099879178,1
39693,-0.070118662351672,1
27887,-0.037483617300131,1
29612,-0.0935935935935935,1
39642,-0.0303232105041452,1
17444,-0.2878392193533695,0
65875,-0.0496590312991781,1
17778,-0.0861941675895164,1
61508,-0.0146497117246797,0
61946,0.0472787245739416,1
19561,-0.0955281050597051,0
52230,-0.1357706555000806,1
12437,-0.1871049304677623,0
17961,-0.2295081967213114,1
19393,-0.0228300667671764,1
10874,-0.1900019527436048,1
55597,0.0417025676374289,1
19880,-0.08213228035538,1
10890,-0.1347011596788583,1
20117,-0.1191496656951824,0
64186,-0.0681188617476705,0
67838,-0.3223965763195434,0
20336,0.0584662110858009,0
62148,-0.0647996986060529,1
28564,-0.1165275459098497,1
86290,-0.0119398907103825,0
46690,-0.119876597620097,1
20750,-0.023218892637428,1
21371,-0.136316978033258,1
27334,-0.057346909913732,1
20618,-0.1834105093617878,1
18542,-0.1406541385740926,1
89792,0.1509177686943976,1
60599,-0.084938704028021,1
90011,-0.0567142857142857,1
64194,0.0035497888487667,1
23182,-0.0200777202072538,1
88208,-0.0909090909090909,0
14541,-0.0517241379310345,1
30509,0.0299614035087718,0
23297,-0.121580547112462,1
23393,-0.0072048032021347,1
79026,-0.0225086762518591,2
47677,-0.2808988764044944,0
27422,-0.1291291291291292,0
46578,-0.0683653665560632,1
11995,-0.070824200842999,1
11308,0.0014268242967794,1
24441,-0.2132963988919667,1
24476,-0.2566042332683084,1
30648,-0.01888064733648,0
18729,-0.0435499381783212,0
61735,-0.0003885311424447,1
89525,-0.0581208362049161,1
25081,-0.1243160707469145,1
25129,-0.0512990236637431,1
25452,-0.0104895104895104,0
25487,-0.2022503516174402,0
40125,-0.2768481898387587,1
26084,-0.0928725701943844,1
79618,0.6666666666666667,0
13625,-0.0590852904820766,3
26463,0.0185212191920667,1
11404,0.0016248839368615,1
26607,-0.3497452092155315,0
26650,-0.0354838709677419,0
23229,0.01008100810081,1
30840,-0.1072345901985063,0
91983,-0.2389649923896499,1
27430,-0.0763563295378433,1
59248,-0.143480292880511,2
22293,-0.0945054945054945,1
20204,-0.1009994121105232,1
17726,-0.0464476174092551,1
59256,-0.0326923076923076,0
31077,-0.0063402606551602,1
27888,-0.102468285967155,1
41080,-0.0933910694203541,1
18091,-0.0215025451992276,1
19828,-0.0118216012896291,1
92570,-0.2517948717948718,1
28629,-0.1683366733466933,1
80912,-0.1999999999999998,0
91926,-0.1164865328529765,1
61743,-0.1681574239713773,1
11674,-0.0019091559939542,1
76708,-0.1086780210867801,0
29867,-0.2141918528252299,0
40440,-0.1575817641228939,0
79322,-0.0375384024577574,0
44943,-0.1507413509060956,1
26403,-0.035993356209389,1
10886,-0.2883175237144283,0
64936,-0.0345447540773082,1
38682,-0.5194805194805194,0
25953,-0.0880252957976337,1
30681,-0.0333624890666,1
63132,0.1121241991128636,1
27959,-0.0604697102721686,1
30940,-0.0526208443809912,1
31051,-0.1525423728813559,0
42200,-0.0991235392320534,1
31480,-0.151430565247732,1
14276,-0.0528455284552845,0
11762,-0.1005795701521371,1
70578,5.432420686646289e-05,1
82855,-0.0476190476190475,1
32062,-0.0223463687150837,0
22103,-0.1514297788420903,1
81124,-0.1004133236080718,0
32548,-0.0808625336927223,0
32986,-0.0052765292163378,1
52476,-0.0400952759031361,1
33532,-0.0755813953488371,1
31691,-0.0081186729477799,1
42550,-0.0776490556663581,1
33770,-0.2316968130921619,1
87717,-0.1237723495341224,1
33823,-0.0239538239538239,0
87725,-0.1270296084049665,1
11850,-0.1184603886397609,1
19166,-0.070958765494561,1
24205,0.0193890660357951,1
34367,-0.0912698412698412,0
47706,-0.1696211331247827,1
21135,-0.2423055400111919,1
34746,-0.0804996530187369,1
35263,-0.1165183537263626,1
10777,-0.062799754601227,1
35554,-0.0615628822506684,1
36397,-0.1113320079522862,1
54244,-0.0398108285453643,0
36768,-0.2082179132040629,1
88924,0.0289788408463662,1
88853,-0.3022904606091114,1
37154,-0.0322580645161291,1
25785,-0.0889952153110047,1
37402,0.124709167054444,1
37568,-0.1029471960704052,1
37584,-0.0800809482509397,0
58421,0.0040816326530612,1
12036,-0.0947750551017763,1
38093,0.0069361396795024,1
47941,-0.0489949748743717,1
20765,0.1393975191966923,0
12052,-0.1001566136974038,1
12060,-0.0717797443461161,1
46834,-0.2366412213740458,0
14558,-0.0282733086502861,0
12369,-0.1440308087291398,1
55212,-0.1852054794520548,1
38659,-0.0725141120277899,1
46674,-0.0354983421103959,1
57154,-0.0760456273764258,0
32299,0.0341880341880342,1
16432,-0.3019260801665799,1
53604,-0.1090090090090089,1
85908,-0.0674781688277321,1
39571,-0.0786341463414634,1
60468,-0.0140096618357486,0
52695,-0.0720212765957446,1
39731,-0.2136768788661048,0
90213,-0.5800604229607251,0
23819,-0.248499823508648,1
25582,0.110919881305638,1
25304,0.1042402826855124,1
52978,-0.0659729039858629,1
41188,-0.1130838568697077,1
10294,-0.2956026058631921,0
41241,-0.0365754538065563,1
41292,-0.0661742983751847,1
76927,-0.1194690265486726,1
32651,-0.3761904761904762,1
32707,-0.1642173615857827,1
16600,0.0569484181017221,1
61567,0.0294159241974263,1
52716,-0.0519621376454347,1
14338,0.0281641567996322,1
32803,-0.2042740414833438,1
42439,-0.0967038953963499,1
21792,-0.0825806451612902,1
32942,-0.1023510971786832,1
42877,-0.098856900931414,1
42906,-0.091235632183908,1
87464,-0.0402930402930402,0
12570,-0.0483897605284888,1
80210,-0.1145014155394777,1
21928,0.012623712381337,1
56573,-0.1027436869498169,1
43634,-0.336564955607715,0
12431,-0.0348258706467661,1
14855,-0.1075144508670521,0
44274,-0.2767453540934204,1
46463,-0.2670744138634047,1
59328,-0.1371473354231974,1
44768,-0.0978802992518702,1
12490,-0.0946745562130179,1
40272,-0.0172000157631189,0
45306,-0.0285976448998317,0
21573,-0.1140781884212776,1
53065,-0.0773913043478261,1
45728,-0.1986486486486487,0
46042,0.0238896075894781,0
46077,-0.151264514076666,1
52329,-0.0340005132152937,1
82694,-0.042548134062277,1
22111,-0.0711757082152974,1
46886,-0.1914810166300596,1
12558,0.0040261701056869,1
46923,-0.0326086956521739,0
47002,-0.1017606202552091,1
12650,-0.0800714633750202,1
24053,0.0055344171566931,0
26825,-0.1283582089552237,1
47379,0.0557053009883197,1
44134,-0.2444717444717445,1
47619,-0.0669077757685352,0
47715,-0.0140485312899106,1
17750,-0.0038167938931297,0
59045,-0.0531081742535487,1
48072,0.0409437890353923,0
48144,-0.1667382896433175,3
89456,0.0411764705882353,1
49488,-0.4273504273504273,0
12781,-0.0103337688561587,1
48486,-0.1582220102310181,1
48523,-0.0328156120761473,1
48961,0.1169305724725942,0
50286,-0.0999999999999999,1
60943,-0.0978150406504065,1
65330,0.0648729446935723,1
50876,-0.0093984962406016,1
81678,-0.1298269737595966,1
21178,0.0156302167710742,0
50017,-0.1349557522123893,0
56223,-0.0890219560878243,3
59774,-0.2653392929703373,1
33849,0.0999999999999998,0
66245,0.0284685863874345,0
23835,-0.0562141491395793,1
50623,-0.0130956711531465,1
50789,-0.0228647293111079,1
51263,-0.2357222844344904,0
15069,-0.2282863849765257,1
51423,-0.0707070707070706,1
45751,0.0138933078799448,1
34032,-0.1059907834101382,0
39538,-0.1919606234618539,0
43449,0.0035429972393077,1
89915,-0.0930645161290323,1
17478,-0.0307260038067614,1
81061,0.0242348008385744,0
52250,-0.0820215410107705,0
17005,-0.0369621184258919,0
22752,0.006352432981832,1
42796,-0.1225423728813558,0
53074,0.0548818708014702,1
87437,-0.0013698630136985,0
89857,-0.1585550508327925,0
53373,-0.1509073543457497,0
24010,0.001754385964912,1
53859,0.0201758923952404,1
54253,-0.0958056591756891,1
22592,-0.1570365235099214,1
24248,0.0054020871700428,1
54704,-0.1311697092630155,1
76591,-0.1351266812636847,1
42614,-0.1074309978768578,0
22779,0.0347802084052168,1
28345,-0.0877386196769455,1
65365,-0.0542202347680267,0
69550,-0.3775472397184142,1
84372,0.0569948186528497,1
13303,-0.0788732394366196,0
90377,-0.0449815374286672,1
55993,0.0782889426957222,1
78900,-0.0209992758870384,1
25590,-0.0996453301807126,1
52337,-0.0885844748858446,0
34497,-0.0808450704225351,1
56945,0.07,0
64450,-0.0525159744408945,1
47466,-0.0401206636500753,1
60986,-0.0667593880389429,0
21207,0.0653573728267871,1
34673,-0.0424657534246575,1
61815,-0.2091648189209165,0
64311,-0.0435251445936674,1
28118,0.2218146246025922,1
44206,0.0304214345520514,1
38762,0.0025197984161267,1
23931,0.0148672566371681,1
58246,-0.1322171486555048,1
24766,0.0460142802938843,1
58318,-0.1968196819681967,1
58334,0.0288533413066227,1
90458,0.0156048675733715,1
34817,-0.1589276327317329,1
34833,-0.1547214673913043,1
72611,0.0806451612903225,1
58975,-0.1458333333333333,0
67029,0.2304147465437789,1
23026,-0.01879609802522,1
24440,-0.0184222957014643,1
13610,-0.0958967266021209,1
25232,-0.0634476667157368,1
60098,-0.0317738791423001,1
60186,-0.2111436950146628,0
91531,-0.0546128340159938,1
77157,-0.1902834008097166,3
44230,0.0046470995061698,1
22509,-0.1093617021276595,1
60506,-0.0816241105064882,1
86136,0.0273544353262993,1
61146,0.1855757064529732,0
61269,-0.1476931476931477,1
41355,-0.1588247735807378,1
61496,-0.1820733908161218,1
22517,-0.0464594681191925,1
13856,-0.0003904724716908,0
50550,-0.271907861792689,1
62341,-0.298229478040929,0
21936,0.0224082738241813,1
21776,-0.0563297350343474,1
52898,0.0122887864823348,1
13901,-0.0969998159396281,2
13928,-0.0659062103929023,1
62958,0.0103820598006645,0
63125,0.1395713538944067,1
89968,-0.1213399503722084,0
24459,-0.4866385372714487,0
80185,-0.2022144522144521,0
13828,-0.1744186046511627,0
63715,0.1767521367521367,1
18163,-0.0335274229902329,1
55511,0.0144272179155899,1
23712,-0.0149203688181056,1
64929,-0.1919399878500585,1
64961,0.0244811069717936,1
65008,-0.188821752265861,1
65270,-0.1645569620253165,0
69649,-0.0981762585999781,1
66683,-0.2769679300291544,1
65700,0.0091448344043498,1
24942,-0.0173996283574525,1
58771,-0.1455101081335214,1
76711,-0.0042735042735041,1
76282,-0.058669210589077,0
80294,-0.0169675090252706,1
84381,-0.1763045666369008,1
35991,-0.176277399713467,1
36003,-0.0284458236358935,1
67847,0.0106822880771879,0
27633,-0.1984126984126983,1
68196,-0.0771349862258953,1
36281,-0.0879931116698069,1
88518,-0.0026455026455025,0
85926,-0.1012441012441012,0
41574,0.1163885323063755,0
51625,0.054313866858928,1
50243,-0.1976821705426357,1
36468,-0.0777872628847539,1
49138,-0.0034246575342464,0
70704,-0.0217391304347824,0
65402,-0.2295986303975651,1
60206,-0.0734490135488472,1
71176,-0.0195052331113225,1
26614,-0.0177459526774593,1
15720,-0.0689979614238671,1
71475,0.0248700295068147,1
18411,0.0052611800075159,1
58683,-0.122257053291536,1
66093,-0.0122739018087856,1
71985,-0.0720430107526881,1
72304,-0.2866379310344826,0
39220,-0.1518911346808084,1
43481,-0.015589526260027,1
43350,-0.132196512128478,1
18438,0.0221914008321775,0
72726,-0.1834170854271356,1
36898,-0.0829911389669333,1
72980,-0.0324629498941424,1
73139,-0.0300142395849875,1
73219,-0.1121628862296838,1
52396,-0.2545454545454546,0
47861,-0.0436081242532853,1
65429,0.0408163265306122,0
43334,0.051558073654391,0
52038,-0.0220264317180618,1
65752,-0.1408284023668639,1
74836,0.0300925925925925,0
74908,-0.1510179640718563,0
57007,-0.0614492753623188,1
43123,-0.1408507223113965,1
44329,0.0074079253409715,1
63773,-0.0962986198243412,1
75460,-0.1321181078638144,1
84375,-0.5465328467153285,0
51369,-0.14,1
15579,-0.1147415768480013,1
23579,-0.1452830188679246,1
62092,-0.0377365277442233,1
93423,-0.0702580523639103,1
14795,-0.0821689259645465,1
14816,-0.022405356682977,1
62308,-0.0245265799680582,1
76639,0.2082355242566511,1
76946,0.0759219088937093,1
15117,0.002164502164502,1
55001,-0.105751391465677,1
92583,-0.02021875,0
59600,-0.2386483632523759,1
76185,-0.0800310034064939,1
77730,0.0117317690974536,1
91103,-0.1261534998874633,1
17929,-0.053201247477527,1
77973,0.0294599018003272,0
78044,-0.0668316831683167,1
24985,0.0078328981723239,1
48725,-0.057952951759656,1
63781,-0.2905604719764012,1
78749,0.0349763282482904,1
92655,0.0374565136029299,1
78829,-0.1162324649298597,1
87447,-0.1252118245151572,0
78960,0.0752279635258357,0
79039,-0.1568627450980392,0
17830,-0.1143678563915575,1
14040,0.2311827956989247,1
79338,-0.1742325983571119,1
67360,-0.0008785802143734,1
59619,-0.0345122646891044,1
16555,0.0493873004084663,1
79573,-0.0757575757575758,0
79637,-0.0576968550484748,1
79776,-0.0550947867298579,1
43553,-0.1327189916322423,1
79864,-0.2113182859012103,0
80128,-0.1611539602491842,1
27043,-0.0727766762135564,1
81116,-0.0566502463054187,0
57808,-0.2306915699141847,1
15202,-0.0095155023392277,1
53225,-0.0845943946920946,1
24969,-0.0319888734353268,1
42059,-0.1010701545778834,1
62498,-0.0742386299377979,1
66384,-0.2719092331768388,1
38033,-0.2707665403672399,1
39917,-0.1492537313432835,1
25419,-0.1724535965672383,1
38156,-0.0688316272502647,1
23536,0.0270304730332779,1
58819,0.004869786152869,1
42286,-0.2409671284976908,1
84403,0.0001836547291091,1
27983,-0.0824340527577938,1
59483,-0.3744493392070485,0
88857,0.0132236262121656,1
38295,-0.1445509176547019,0
84129,-0.1269004662477194,1
90756,-0.1380312386487469,1
13600,-0.018280522933747,1
72996,-0.1012233953410424,1
87426,-0.0566875355719975,1
88664,-0.1196833489869851,1
15318,-0.1269281621859851,1
14318,-0.0292022792022791,1
80072,-0.0629770992366411,1
85586,-0.0032401903988042,1
35917,-0.0922217047042385,1
13508,-0.1704361873990307,0
90537,-0.2623574144486692,0
10028,0.6267510167193855,0
10138,-0.0591627906976743,1
10107,-0.0529862899704218,1
13983,0.1404805914972273,1
10200,0.0310181062629861,1
10302,0.0372526193247964,1
10363,-0.1460573476702509,0
10333,0.5784148397976392,0
10382,-0.1269652921981607,1
10397,-0.1677611940298508,1
10257,-0.24,1
10463,-0.0757097791798107,0
70033,-0.1211388665055063,1
10421,-0.0465984737782108,1
91204,0.0105142420187345,1
10530,-0.0182450043440485,1
79698,-0.0482480971252436,1
10606,-0.0490711531720995,1
10550,-0.339930151338766,0
79785,0.0155718958760842,1
75070,-0.0554294975688817,0
10547,-0.0983717774762551,1
76123,-0.0651408450704225,1
79903,-0.1360650887573964,0
10355,-0.0363677130044843,0
10661,-0.060960591133005,0
45225,-0.2031872509960158,1
10693,-0.0858029480217222,1
10649,0.1195521791283487,1
79909,-0.028044018459354,0
75517,-0.1092012133468149,1
10696,-0.0158184319119669,1
44813,-0.3699059561128527,0
87656,-0.2935064935064935,0
89891,0.2084168336673346,0
71175,-0.1470747562296859,1
93179,-0.0497956150130063,1
35124,-0.0349667569564147,1
22323,0.1097560975609757,0
10026,0.02334915532187,1
10812,-0.0914634146341464,1
10909,0.0529721595184349,1
88779,0.1999999999999999,0
10860,-0.1226215644820296,1
10443,-0.082264746498323,0
10032,-0.1769690927218344,1
85570,0.013671875,0
11701,0.0859744990892532,1
77453,0.0791180285343711,0
11292,-0.0405443234836703,1
64390,0.0144593730006397,1
65294,0.0559449157752367,1
11403,-0.0837417123090227,1
11481,-0.0703248811410459,1
75470,-0.0125633845455233,1
11511,-0.3126718320419894,0
11552,-0.0091907880836678,1
75107,-0.0558378933708231,1
11547,0.005622891415719,1
11600,0.0535888910619988,1
13788,-0.0077572663000786,1
11043,-0.1079199303742385,0
11654,-0.059185242121445,0
11636,-0.2144833948339483,0
11394,-0.099595736861448,0
11533,0.0577300804289544,0
13652,0.0260869565217392,0
11707,-0.0748489074848909,0
13563,-0.1399176954732511,0
11775,-0.0373027259684362,1
75233,-0.0608604407135362,0
75186,-0.0910878112712975,0
11809,-0.1563157894736841,1
11731,-0.0527240773286468,1
11825,-0.1347237880496054,1
11803,-0.1428571428571429,0
75261,-0.253731343283582,0
88197,-0.0863768115942029,1
85789,-0.1115485564304462,1
11618,-0.5664068036853296,1
11896,-0.1234999999999999,1
84769,-0.1261550823623946,1
10180,0.5259259259259259,0
11884,-0.106359497861774,1
75182,-0.1713692946058091,1
13643,-0.038988164307264,0
75241,-0.1471824974659078,1
75320,-0.0945945945945946,1
75285,-0.1095376926280717,1
10901,-0.0858986502486384,1
75316,-0.2008060692271218,1
11891,-0.0679684566278632,2
11955,0.018725544997205,1
84176,-0.3321632294866169,3
13969,-0.0818431911966987,1
11752,-0.2110943775100402,1
81774,-0.2112103980503655,0
75573,-0.1833333333333333,1
84387,-0.0554187192118226,0
17743,0.0146818923327896,1
12226,-0.3147832024581769,0
78664,-0.2396616541353383,1
12062,0.0168209104552277,1
80926,-0.1677762982689746,1
12209,0.0118764845605701,1
11992,-0.1381743683132256,1
36346,-0.0655562673499893,1
85269,-0.2234723141407455,1
92029,-0.0737148399612027,1
75591,-0.0252137750542574,1
76573,-0.0761055879328077,1
75694,-0.031966371767926,1
63467,-0.0056692913385826,1
75649,-0.134850166481687,1
91279,-0.3411978221415608,0
14663,0.229665071770335,0
13721,-0.0337574001763447,1
13802,-0.1654904728299224,0
75654,-0.1949236565536386,1
12073,-0.1110468478889531,1
13825,0.0376189930037849,0
75603,-0.2145859604875998,1
93101,-0.1676223776223776,1
75825,-0.1475273295158772,1
13766,-0.1982665222101842,1
75853,0.0993865030674847,1
14670,-0.0766057748968768,1
75854,-0.0115830115830114,1
13862,0.0315082644628099,0
15070,-0.0439821693907874,1
75556,-0.0574817518248176,1
86124,-0.0401680231031766,1
11628,-0.0739753415528158,1
75831,-0.1538461538461537,0
11748,0.176954732510288,0
14312,-0.2089761570827489,1
11348,-0.0224719101123596,1
23799,-0.051775147928994,1
11285,-0.065945660775521,1
11442,-0.0797430083144368,1
86896,-0.0699668973818836,1
11018,-0.1185840707964601,1
87952,-0.0746654144165298,1
14440,-0.0288259958071277,0
13794,0.1059176672384218,0
10252,-0.1356101209024056,1
12189,-0.0240527011541376,1
11208,-0.0693756194251733,1
90983,-0.0221666070790131,1
13799,-0.1015801354401805,1
52936,0.0719598363703979,0
56710,0.0332146893608407,0
12068,-0.0667447306791568,1
75860,-0.2468619246861925,0
11786,-0.1999046956936278,1
10892,-0.0808244557665586,1
10932,-0.1665725578769057,1
11293,-0.1187996031746031,1
12480,-0.0573012939001846,1
11593,-0.0176470588235293,0
69586,-0.182299012693935,1
14523,-0.1278538812785388,0
35685,-0.1107569721115537,1
76038,0.0591397849462367,0
10308,-0.0203297384405602,1
77519,-0.0775,1
92807,0.0,1
14166,0.2275023681717713,1
13908,-0.0488789237668161,0
83469,-0.0184674751929437,1
13829,-0.2366981132075472,0
86814,-0.0777366472765731,1
13812,-0.5232323232323233,0
92716,-0.1019683768957728,1
13877,-0.0940350877192982,1
13870,0.2592592592592591,0
86384,-0.1309691011235955,1
13816,-0.0280474649406687,1
15242,-0.050632911392405,1
10781,-0.0983487179487179,1
15056,-0.1036717062634988,0
13876,-0.0759753593429157,1
13943,-0.1156491831470335,3
84725,-0.0066162570888469,1
83642,-0.0375629867155289,1
13924,0.1071716357775987,0
13890,-0.2170212765957447,1
91937,0.0061652281134403,0
13694,-0.0544533558463488,1
87759,0.0284666666666666,0
14051,-0.2264150943396227,0
13911,-0.0219581009329086,1
13940,-0.2099150141643059,0
14102,-0.0639589169000933,0
10232,-0.0069266869686741,1
13962,0.0951097420100115,0
14239,-0.3482647296206619,1
90534,-0.0264550264550265,1
12166,-0.0546875,1
13963,-0.0829307568438002,1
13959,0.0111888111888112,0
10629,-0.0931574608408903,1
14006,0.0402219140083217,0
14675,-0.05975927730517,0
14044,-0.1743562231759656,0
14046,-0.1018604651162791,0
14400,-0.1431670281995661,0
14464,-0.0782961460446247,1
89875,-0.0185967878275571,1
13330,-0.130813953488372,0
77643,-0.0764144011756061,1
14099,-0.0434782608695653,0
77379,-0.081127034248239,1
10253,-0.2366412213740458,0
14414,0.0487119437939109,0
11006,-0.0825096691018477,1
14072,0.1177829099307159,0
14097,-0.1363402061855669,1
86382,-0.0437306501547987,1
77889,-0.0486257928118394,1
14793,-0.0800775838182321,1
14161,-0.2418772563176895,0
14173,-0.3783783783783784,0
14159,-0.0892634207240948,1
14934,-0.2304828388598022,0
14076,-0.0609570609570608,0
14176,-0.0206236189540878,0
11565,-0.0467117393976643,1
75714,-0.0332924643968689,0
14273,0.0507713884992988,0
14149,-0.3037073410262705,0
14145,-0.3083067092651756,1
14221,-0.3164089545349642,1
14169,0.1059283779717124,1
14317,-0.0160150050497763,0
14136,0.0299046145913894,0
14257,0.0936195587358377,0
76908,-0.3299999999999999,0
14168,-0.0826124567474048,1
14943,-0.0105307497893849,1
75912,-0.0708522162042665,1
85299,-0.0795811518324607,1
14258,-0.4348314606741573,0
14274,-0.1863425925925926,0
14295,-0.08694562766224,1
14325,0.1164305487705585,0
14359,0.0042331488114619,0
14263,-0.0091823349365981,0
14213,-0.2914153132250581,1
14550,0.0950744558991982,0
14472,-0.1210119465917077,1
77415,-0.0544450289321409,1
14449,0.3406593406593405,0
47723,0.0968992248062015,1
83155,-0.0340606705694518,1
14436,-0.1677272727272727,0
79851,-0.079245283018868,1
14422,0.0775681341719078,0
89211,-0.0416857535501601,1
14433,0.0766169154228855,0
14532,0.1190053285968029,0
92686,-0.3492822966507176,0
11844,-0.0629585798816567,1
14459,-0.2615120274914089,1
89141,-0.1663415499201986,1
76266,-0.0326576576576578,1
14378,-0.1468656716417911,0
91855,-0.1016148089799133,1
14434,-0.1374339259971168,0
85726,0.0569280343716434,1
75906,-0.0471095772217429,1
77236,-0.1166666666666667,0
14478,-0.1103313840155945,1
14467,-0.1865558912386707,0
14503,0.0344104070499371,1
14457,0.0405660377358489,0
14479,0.0709972933583176,1
14401,-0.0108450067781291,1
14487,-0.166843220338983,1
14590,-0.244514106583072,0
14607,0.1148514851485149,0
14451,-0.0087548638132295,0
14490,-0.1365762394761458,1
14781,-0.087360594795539,0
13328,-0.1875,0
15092,-0.0566037735849057,0
14608,-0.0231213872832369,1
79747,-0.115068493150685,1
14667,-0.2052980132450331,0
14547,0.0380113930605903,1
14504,0.1377825618945103,1
14580,-0.1392801251956181,0
14502,-0.1233243967828418,1
14456,-0.0116708811515268,0
89828,-0.0531324345757335,1
14751,-0.3667981355324489,0
14531,-0.2632450331125827,0
11397,-0.0524995174676703,1
14516,-0.0289047997878547,1
14554,-0.3720661157024792,0
14567,-0.0245545740380296,0
14596,-0.0324100244959487,0
14574,-0.2239316239316239,0
14528,-0.1834451901565995,0
14684,-0.2988165680473372,1
14619,-0.3233830845771143,0
14589,-0.2563291139240506,0
14750,0.1013665102998164,1
84516,0.0204882301656494,1
14603,-0.1477960242005186,1
14579,0.0472523083000049,0
14759,0.0224598930481283,1
14818,-0.0733590733590733,0
14636,0.1299999999999999,0
77300,0.0530463420371678,0
76215,-0.5029585798816568,0
14763,0.0151717983043284,1
14641,-0.0402141717931191,0
14632,-0.1087551299589603,1
14602,-0.0823045267489712,3
14634,-0.1067134268537075,1
14697,-0.057335581787521,0
14625,0.0725806451612902,0
13267,-0.0608974358974359,2
14682,-0.5599730458221024,0
14719,-0.2976618705035971,0
14677,0.012422360248447,1
76082,-0.033603707995365,0
14810,0.0262027491408933,1
14694,0.0659898477157359,0
14690,-0.1970588235294117,0
14688,-0.1083835108846688,1
14884,-0.1297163995067817,1
15064,-0.0774102744546095,1
14942,-0.0581625908790482,1
14872,-0.2774762550881954,1
14831,-0.0044247787610619,1
14830,0.0359408033826638,0
14714,-0.2167857050566555,1
14774,0.1243523316062176,0
76095,-0.0510996119016818,1
14782,-0.1057926829268292,0
14807,-0.1655337864854058,1
15226,0.2248743718592964,0
14836,-0.2742382271468144,0
14823,-0.2266666666666666,0
14879,-0.2412451361867703,0
14954,-0.1720430107526881,0
84184,-0.0302564102564102,0
14812,-0.1799687010954616,1
14874,-0.0746268656716419,0
14852,-0.2968197879858657,0
76963,0.1666666666666667,0
76127,-0.3529411764705882,0
76128,-0.1919488136496934,1
92897,0.0130234421959527,0
14941,-0.101787842669845,1
15062,-0.1991397849462366,0
76135,-0.1047003787034974,1
15029,-0.2314990512333965,0
14984,0.0450623202301054,1
78981,-0.1166483113069015,1
14983,-0.111871730611886,0
76868,-0.095996813383788,1
14908,-0.1399317406143345,0
88965,-0.0136363636363636,1
14969,-0.1165766278077907,1
15003,-0.157799819657349,0
14982,0.2051756007393714,1
14995,-0.1461038961038961,0
15022,-0.040739343643908,0
15079,-0.104214005370791,1
89655,-0.238492850433149,1
14926,-0.1976127320954908,0
76392,-0.0809896760412958,1
15067,0.0405284370801612,0
14882,-0.0040510431436093,0
15084,-0.0948081264108352,1
14970,-0.0607621518368393,1
14953,-0.0923931920805835,1
15065,-0.2244810614166487,0
14353,-0.0086206896551723,0
15046,-0.0421325555015394,1
15068,-0.0431519699812383,1
15119,0.0470455400828,0
15016,-0.3087885985748217,0
15071,-0.1214574898785425,1
15087,0.0064530006453,0
92089,-0.0279642058165547,0
15072,-0.0939977349943375,0
85875,-0.1208102242585,1
15028,-0.1963898916967508,0
76544,-0.085802204093316,0
15110,-0.2637362637362638,0
15108,-0.0467502850627138,0
15180,-0.0395984383714445,1
83671,-0.120860927152318,1
15125,-0.3245901639344262,0
12622,-0.0492808299929262,3
76201,-0.1484101881138672,0
87053,0.0474769749643273,1
14773,0.0030706243602867,0
76360,-0.0535714285714286,1
15264,-0.2020547945205478,1
89369,-0.3159947984395319,1
15168,-0.1112398609501739,0
17073,-0.1835820895522388,0
15167,0.000815660685155,1
15177,0.041703056768559,0
15172,-0.1523527476143468,0
15220,0.0192165558019217,1
15183,0.0216515137313713,0
15144,-0.0180496915017149,0
76230,-0.0225379715825576,1
76461,0.4172661870503598,0
89948,-0.0235525024533856,0
15198,-0.2612193056731584,0
15178,-0.0135135135135137,1
76261,-0.0100671140939597,1
15315,-0.0871165644171778,1
76224,-0.1827598964113947,3
92020,-0.1307692307692308,0
15272,0.2094808126410836,0
14543,0.0872328134026574,1
76279,-0.0770015298317183,1
76478,-0.0681333333333333,1
90608,-0.5106382978723405,0
15291,-0.0774355937222387,0
79037,-0.0398190045248869,1
78071,-0.1951219512195121,0
15282,-0.2053789731051344,0
15302,-0.0634662327095199,1
76529,-0.0580445195829811,1
76515,-0.066961815163254,1
76504,-0.0856210926882304,1
91902,-0.0984215413184773,1
88284,-0.2267441860465116,0
76582,-0.0685525265199042,1
76613,-0.469116497263487,0
76614,-0.1207087742405789,1
76644,-0.2423076923076922,0
76888,-0.3078985507246377,0
76837,0.1112511457378551,1
76661,-0.1174492129691915,0
76686,-0.1754756871035941,1
76856,-0.0303030303030303,1
76709,0.0765948275862069,0
76934,-0.1692307692307691,1
76712,-0.0771028037383178,1
76721,0.0303621169916434,1
76684,-0.1316872427983539,1
76732,0.0649672907737424,0
91403,-0.0943089430894309,1
76736,-0.2895778364116095,1
88031,0.0379194630872483,1
76744,-0.0165700674636051,1
76750,-0.0491470833830371,1
76788,-0.1535615171137835,1
76795,-0.1880269015818887,1
14106,-0.0267249757045674,1
76869,0.0948854961832059,0
76798,-0.1922723091076357,1
76838,-0.0002664535038635,1
76892,-0.14011934817535,1
81564,-0.10062893081761,1
76841,-0.0434043777960052,0
13906,0.0996441281138789,0
77235,0.0,0
77037,-0.1128081457663451,1
13412,-0.1133333333333332,0
77202,0.1444444444444446,0
77090,-0.0417690417690417,1
77117,-0.1041114058355437,1
77114,0.0176935135246161,0
77217,-0.1652777777777778,0
77165,0.0629593676327833,1
77182,-0.1231218697829715,1
77191,0.0432632880098886,1
77175,-0.1186594202898549,0
77178,-0.2241959828166725,1
77259,0.0760233918128656,0
90464,0.1155234657039712,1
77274,-0.0428966789667897,1
77292,-0.1376146788990826,0
77282,0.2906574394463668,0
77338,-0.0438698903566892,1
77366,-0.1628701594533029,1
77393,-0.2016129032258065,0
13599,-0.0140597539543058,0
92871,-0.1714378925046896,1
77425,-0.2008426966292134,1
77447,-0.0646153846153845,1
77496,-0.0051376146788989,1
77501,-0.2325174825174825,1
77505,-0.0761494252873563,0
77515,-0.08,0
77520,-0.0596213619666572,1
83738,-0.0863571862963713,1
77610,-0.0793860852514983,1
77605,0.0347521551724137,1
77649,0.0206137578256222,1
77629,-0.0410335651128852,1
77660,-0.0802667969852082,0
77661,-0.0349808169713383,1
89810,-0.063400576368876,1
77702,-0.0208547888774459,0
87505,-0.1023882714589736,1
77780,0.0433654558932541,1
77785,-0.1582054309327036,1
77868,-0.4093406593406594,1
77900,0.1153238546603474,0
77902,-0.1283756549778314,1
77918,-0.1882118378512808,1
77917,-0.195272842639594,1
78001,-0.1102406267487409,0
78018,-0.0738636363636364,0
78015,-0.1718974032180978,1
78038,-0.0414175918018788,0
78054,0.0253968253968255,0
78077,-0.1723927005810989,1
78066,-0.4565217391304347,0
78091,-0.1527559055118109,0
78081,-0.1467620182757251,0
91402,-0.1318681318681318,1
78189,-0.0254326844045745,1
91184,-0.0986238532110092,0
78170,-0.2699309478970495,1
78211,-0.0251762336354481,1
78137,-0.0657835653345307,1
78156,0.0,1
78213,-0.3290043290043291,1
78840,-0.0177459082013876,1
91128,-0.1648854961832061,1
88944,-0.0575373993095512,1
78841,-0.3116883116883117,0
86889,-0.4971962616822429,0
78908,-0.0411603292826342,1
79033,-0.0928927680798004,1
78875,-0.1656831593281889,1
78876,-0.0622961513372471,1
78915,0.0352168199737188,1
78916,-0.1706802721088435,0
79019,0.0,1
79065,0.1090909090909089,0
48653,-0.0413061352335459,1
78955,0.0197368421052632,0
78950,-0.0840409108452334,1
78987,-0.1988187005706276,1
79072,-0.073936170212766,1
79089,-0.2509563886763581,0
79108,-0.2160966981132076,1
79131,-0.0513900589721987,1
79116,-0.0653971435730393,1
79133,0.0182488313556274,1
79103,-0.0190189656069164,0
88597,-0.0908104196816208,1
79150,0.1930926216640502,0
79166,-0.0663316582914572,1
79198,-0.3910533910533911,1
13949,-0.0678030303030302,1
79237,-0.2111959287531807,0
90783,-0.1484593837535013,0
79323,-0.0358368665455279,1
79299,-0.0525801407349491,0
79248,-0.1175637393767704,1
79249,-0.0115289596486413,1
79336,-0.256,0
79265,-0.0870797128825084,1
18649,-0.0366570749405731,1
79382,-0.081667231446967,1
79666,-0.1438181818181818,0
79507,0.0079643944717733,2
79545,-0.1505865453674887,1
79490,-0.1480730223123731,2
88568,-0.2863327149041436,1
79491,-0.106800325115145,0
80069,0.3186874304783091,0
85913,-0.0848849142354492,1
79668,-0.0783078307830782,1
79731,-0.0622624963460977,1
79758,-0.1688672689367616,2
79686,-0.038619553844918,1
79734,0.0444743935309972,1
79824,-0.078998699609883,1
79857,-0.2178072111846946,1
79906,0.023828125,1
79790,-0.1234745154343143,0
79862,-0.1000756238971515,1
79839,0.055721207603429,1
79791,-0.0395604395604395,2
79878,-0.1271989174560217,1
79841,-0.1182880606443461,1
80223,-0.1048034934497815,1
79879,-0.093984962406015,1
79885,0.0082063305978898,1
80034,-0.1675378266850068,3
80080,-0.1769776876267748,1
80050,0.0142857142857144,1
84723,-0.018181818181818,0
80054,-0.1209353057468131,0
80167,-0.0655362053162236,1
80236,-0.0223932820153952,1
80204,-0.051374450264734,1
80254,-0.148528595224875,1
80286,-0.0262801932367149,1
80191,-0.1566746602717826,1
80193,-0.3167795334838224,0
80237,-0.2724137931034482,1
21186,-0.1505992704533612,1
80306,-0.5289367429340511,0
13006,-0.0653231410701876,1
80375,-0.2367447595561035,0
80362,-0.2241699867197875,1
80341,-0.1427879961277831,1
80336,-0.0577078288942695,1
80303,-0.2892561983471075,1
80485,0.0106951871657752,0
80415,-0.0533494665053349,0
80478,-0.0290611028315944,1
80539,-0.0218613366645846,0
80534,-0.1372310190824198,1
80498,-0.0320899616017553,1
80563,-0.1301338255652976,0
80575,-0.0445979899497487,1
80633,-0.0067720090293452,1
80759,-0.1505242136794807,1
80774,0.0954045954045954,1
80828,-0.1974002418379684,1
80791,-0.0851808634772463,1
80795,-0.1213425129087779,1
80837,-0.0706483180428134,1
80928,-0.1334250343878954,1
80924,-0.0860585197934595,1
80955,-0.0486450253758498,2
80864,-0.0944976076555024,1
80951,-0.0560949298813375,0
81010,-0.0576344086021505,1
80960,-0.1303166627716756,0
80957,-0.0680830120580756,1
80969,-0.2309267793138761,1
81084,0.1851851851851851,0
81095,-0.0378657487091221,1
81055,-0.074975762145858,0
81182,-0.111111111111111,0
81184,-0.1174426685198055,1
88865,-0.1306913996627318,1
85205,0.0,0
81220,-0.0901378579003181,1
81241,-0.0538523060517194,0
81282,-0.1143018018018018,1
81278,-0.1748530868273357,1
81501,-0.1806794055201698,1
87532,-0.13564875491481,1
81540,0.0414660246120919,1
81560,0.003097017735854,1
90470,-0.0690265486725663,1
81588,-0.3988269794721407,0
81584,0.0253754531330918,1
87476,-0.0434474616292799,1
81624,-0.0505617977528088,0
81621,-0.0777385159010601,1
81736,0.0919529231652473,1
85332,-0.1008371385083715,1
81740,0.1723083642716749,1
81761,-0.2,0
81696,0.0281890660592256,1
81666,-0.1144984048209855,1
81665,-0.0933509467195068,0
81677,-0.1578236803024165,1
88719,-0.037721324095458,1
81893,-0.0194256756756756,1
82251,-0.0391389432485324,1
81869,-0.1490196078431371,0
82171,0.0492408000884077,0
91262,-0.2671360530130461,1
82212,-0.0352581898945031,1
82179,-0.1071086415022034,1
82176,-0.0212615166548546,2
82234,0.5151515151515151,0
82281,0.0352112676056337,0
82272,-0.1183410797282802,1
82287,0.333206397562833,1
82261,-0.0804412778671569,1
82486,0.1233360910978189,1
82508,-0.2131512071156289,1
82298,-0.1894953656024717,1
82518,-0.2859025032938075,1
82515,-0.0215522465683984,0
82307,-0.2139753801593048,1
82575,-0.0482836665409279,1
82567,-0.2510460251046025,0
82581,0.0062441461130189,1
82621,-0.1804878048780487,0
82649,-0.1203261175147596,1
82552,0.4859787292759037,0
82547,-0.1314058171745151,1
82642,-0.0627437285373377,1
82651,-0.0600823293098401,1
82573,-0.0694690265486726,1
82587,0.1064718162839248,1
82599,-0.0304547350855235,1
82762,-0.1728971962616823,0
82686,-0.0677496038034863,3
82759,0.0202020202020203,1
89736,-0.0804008908685969,1
82670,-0.2113207547169812,0
82768,-0.0010526315789474,0
82775,0.0066908812846491,1
82747,-0.1180904522613065,0
82800,-0.1220718375845915,1
82812,0.1023622047244092,1
82848,-0.3293413173652694,0
83875,-0.1933333333333333,1
86122,0.1764705882352941,0
86098,0.0496740840638345,1
87832,0.0084507042253521,1
84825,0.1732851985559567,1
90710,-0.0649521988527724,1
83145,0.0,1
87471,-0.1366355140186916,0
83149,-0.3429277414184587,1
83120,-0.0787601626016261,1
84397,-0.0671296296296297,1
83111,-0.1649158892235362,1
83124,0.0044792833146696,1
82859,-0.0079625292740047,1
83303,0.081770983559273,0
83143,-0.0563423645320196,1
83272,-0.0627856627375511,1
83304,-0.1857855361596009,1
83244,-0.3353151010701546,1
83762,-0.4926829268292683,0
83390,-0.0520408163265307,1
86080,-0.1527364323334096,0
83411,-0.1308677098150782,1
84215,-0.015,1
83414,-0.0785325308111207,1
83421,-0.3529411764705882,0
83366,-0.4705882352941177,0
83382,-0.3281551196280757,1
83422,-0.1077477477477476,1
83520,-0.2805555555555555,0
83509,-0.0124735231819251,1
83547,-0.0585042219541616,1
83462,-0.2176470588235294,0
83534,0.1735880398671097,0
93312,-0.1775051729234407,0
86091,-0.0728721890122403,1
83690,-0.1447619047619047,0
89202,-0.0333333333333333,1
83621,-0.0832482124616956,1
83633,0.0965732087227415,0
83661,0.0741116751269035,1
83683,-0.0138271604938272,1
90082,-0.0410557184750732,1
83774,-0.0540111199364574,1
83799,0.2276944382494288,0
83734,-0.0860347551342811,0
83916,0.0883159626988481,1
83879,-0.0539494375226806,1
83844,-0.0060240963855421,1
83856,0.0381766381766379,0
83883,0.078125,1
83862,-0.1156731148835372,1
83910,-0.0859872611464969,1
83906,-0.2056859051207398,1
83885,-0.1634999999999999,0
83831,-0.0286220281416788,1
83969,0.0016090104585679,0
88436,-0.3399999999999999,0
83950,-0.2145144076840981,0
88905,0.0371747211895912,0
84026,-0.037037037037037,1
84103,-0.0363556723609285,0
89425,-0.0081068192656175,1
84062,-0.1606892406331396,1
84042,-0.0696864111498258,0
84010,-0.1519290678169181,1
84041,-0.1828908554572271,0
84032,-0.2023718439173679,1
84203,-0.2829457364341085,1
12877,0.0794392523364486,0
84234,-0.2506098207657228,1
84172,-0.0821702378612149,1
84262,-0.2061237373737374,1
84210,-0.1047974832874557,1
84348,-0.0417308962783526,1
84302,-0.2933519293351929,0
84373,-0.004876530400498,1
84319,0.0055496828752643,0
93131,0.0741992765537653,1
85176,-0.2487759384471904,1
88984,-0.0285714285714286,1
84438,-0.2023309132594574,1
84385,-0.0473402475744395,1
84413,-0.2349102773246328,0
84563,-0.0317301269205078,1
84624,-0.231590181430096,0
84604,-0.1629924474382527,0
84389,-0.1291303198519693,1
84597,-0.0538227462913655,1
84737,-0.0697674418604651,0
84761,0.1169059175875246,1
84607,-0.0943877551020409,1
84656,-0.215568862275449,1
84734,-0.1194405594405594,0
84780,-0.1007326007326007,1
84827,-0.0087260034904015,0
84788,-0.0786132863545325,1
85035,-0.1908477714588017,1
85002,-0.0264238070805541,0
85072,-0.2010183918528653,1
85067,-0.0325865580448065,1
85013,-0.2416918429003022,1
85020,-0.0264877880976952,1
85059,-0.1279112754158965,1
92245,-0.1226508407517309,1
85187,-0.0973474117950039,1
85177,0.0087792642140467,0
87364,-0.0627210884353741,1
89022,-0.0180429932887159,1
85246,-0.1948632208796518,1
89038,-0.0449101796407185,1
85280,-0.2059282371294852,0
13739,0.0695279804547779,0
85349,-0.169002473206925,1
90012,-0.2004576659038902,0
85372,-0.2159999999999999,1
91908,-0.0614886731391586,1
89270,-0.0063897763578275,1
90875,0.0280112044817928,0
85418,-0.0370623010459298,1
85502,-0.0776699029126214,3
13935,0.2882769075290552,1
85440,-0.1718103722558065,1
85488,0.1493398424497949,1
85517,-0.0090317919075144,1
85424,-0.053030303030303,1
13265,-0.1923076923076923,0
87114,-0.0872781065088755,1
85464,0.037513397642015,0
87837,-0.1280653950953677,0
85427,-0.0781509385774487,0
85419,-0.0023809523809523,1
85540,0.0194174757281553,0
85621,-0.0297479801713766,1
92593,-0.0120652945351312,1
85627,-0.1384083044982699,0
85571,-0.1848249027237353,0
85798,-0.0757894736842105,1
85593,-0.2443202307969708,1
85567,-0.0698884758364312,0
85526,-0.0101522842639594,0
93285,-0.0880154500911984,0
85686,-0.2973621103117505,0
85725,-0.0090721649484535,1
85645,-0.1962005277044854,1
85710,-0.1753986332574032,1
85663,-0.2187056485949474,1
85883,-0.0040397762585457,1
92878,-0.0187793427230048,1
89938,-0.0148,1
92557,-0.0605858854860186,0
85731,-0.0716881400726792,1
85751,-0.2185897435897436,1
85656,-0.0155865463494667,1
88183,0.0094786729857818,1
85744,-0.0436590436590436,0
85753,-0.0125094960749556,0
85768,0.0234151913192461,1
85724,0.0341597796143251,1
85738,-0.058340180772391,0
14604,-0.0022988505747126,1
85792,-0.1438423645320198,3
85966,-0.0239625949736995,1
85886,-0.1458557588805166,1
85889,-0.0662983425414364,0
88384,-0.0940952833551146,1
85931,-0.1377469300587294,1
85903,-0.014771997430957,1
88203,-0.2475728155339805,1
86444,-0.3643617021276595,0
86102,-0.006508298080052,1
86111,0.0689708141321043,1
87014,-0.0627362055933484,1
85860,-0.0465116279069768,1
85863,-0.0619185755726717,1
15057,-0.0054228096932722,0
87488,-0.0201509107243434,1
87501,-0.0164728682170542,1
87508,-0.1900826446280992,1
88820,-0.0653301071552022,1
13121,-0.1403508771929824,0
88951,-0.0247074122236671,1
90603,-0.1101849969505995,1
86302,-0.0487220447284344,1
87614,-0.0694444444444443,1
14175,0.0133899412148923,1
85992,-0.0293550778354336,1
85972,-0.2811059907834101,0
86047,-0.2847682119205298,1
90544,-0.0499040307101728,1
86062,-0.1851851851851852,0
86026,-0.0484555529356284,1
86083,0.0002738600575107,0
86051,-0.2999999999999999,1
86113,-0.0212765957446809,0
86048,0.0482084690553745,1
86128,-0.0989010989010988,0
88341,0.1220757124627816,1
89279,-0.166793216907112,1
87318,-0.0394498733260948,1
92919,0.0241080038572805,1
86158,-0.1511787280701754,1
87067,-0.0570682581126444,1
14778,-0.0265486725663717,0
86288,0.0269823879093198,1
90221,-0.0480591497227356,1
86228,0.0213716493600579,1
89643,-0.053751995742416,1
86299,-0.0054288816503801,1
86287,-0.0300465509944983,1
86233,-0.1011904761904761,0
92935,-0.0415430267062314,1
86728,-0.0550305725403,0
86312,0.0203058339758417,1
86339,0.0336300683733501,1
14355,-0.0265780730897008,0
86356,-0.0727741935483871,1
86868,-0.1137820027195025,1
87658,-0.0300646740080406,1
89109,0.0038240917782026,1
86435,-0.1690227412415488,1
86432,-0.1199076588810429,1
12380,-0.3195342820181113,1
87753,0.2244897959183671,0
86489,0.0002873563218392,0
86544,-0.1151428571428572,1
86526,-0.015079365079365,0
87069,-0.0540103492884864,1
86573,-0.0472933359390268,1
86578,-0.1799109980928163,2
90591,-0.0787494123178185,1
86582,-0.0985060690943044,1
86547,-0.3145762711864407,1
86560,-0.1584302325581394,0
86719,-0.1701631701631701,1
86717,-0.1362467866323907,1
90590,-0.1162937283328081,1
86763,0.0235988200589971,0
86778,-0.2148115591693221,1
86783,-0.1071542278241619,1
86810,-0.1364226938068427,0
86820,-0.0376811594202899,1
86822,-0.29625,0
86819,-0.0056980056980056,0
86827,-0.1514812744550028,1
86799,-0.1383928571428572,0
86916,-0.1363636363636364,0
92318,-0.0276073619631901,1
86876,-0.1818658280922432,1
12588,-0.0118820284319967,1
86964,-0.1581898762389978,1
86949,-0.1178142766898294,1
86990,-0.1458823529411764,0
88368,-0.0076628352490422,1
86996,0.0622392382074314,1
87006,-0.1813395729745539,1
86989,-0.303956834532374,0
87000,-0.6090909090909091,0
86965,-0.017090909090909,1
86979,-0.1137918617212819,1
87016,-0.1283422459893048,1
87077,0.2151450813871196,0
87121,-0.0193236714975845,0
87066,-0.0753186558516801,1
87075,-0.0380050216845468,1
87056,-0.0384660353092483,1
87034,-0.0270400432109029,0
87086,0.0336277173913042,1
87162,-0.1423203381869421,1
87179,-0.1663265306122447,1
87227,-0.2112112112112112,0
87236,-0.3401015228426396,0
87267,-0.1435990261231354,1
87268,0.253262158956109,0
87361,0.047008547008547,1
87269,-0.037122969837587,1
87356,-0.1324985092426952,0
87302,-0.2670540809381707,0
90358,-0.0320565063841347,1
87299,-0.0587059705221084,1
87321,-0.2977315689981097,0
87337,0.0281124497991966,0
13704,0.0422467594815172,0
87379,0.2098907418056352,0
89597,0.1728813559322033,0
87439,0.4205882352941177,0
87430,0.3885390428211586,1
12308,0.0151135267652684,1
90808,-0.114294516327788,1
87394,-0.202116402116402,0
87415,-0.0463001240181893,1
87373,-0.0517241379310344,1
87510,-0.1883116883116883,1
87445,-0.0511447849641778,1
87487,-0.1296296296296296,0
87525,-0.0003345600535296,1
87541,-0.1016538926986687,1
87583,-0.0077821011673151,0
87589,-0.1362397820163488,1
87825,-0.0470409711684369,0
87812,-0.1308749767787479,1
87657,-0.0304992883228666,1
87659,-0.307785593014795,1
87789,-0.0749671196843488,1
88152,-0.2279603960396039,1
93368,-0.0352941176470589,1
88167,-0.0450725744843392,3
88468,0.0324074074074074,0
88173,-0.0724137931034483,0
88174,-0.0511421752471872,1
88195,-0.2514970059880239,0
88159,-0.0035605289928789,0
88370,0.0351501745411813,0
88182,-0.2298352124891586,1
88260,-0.3535791757049892,1
91171,-0.0492449113591595,1
23887,-0.3403508771929825,0
89572,-0.0936879714172291,1
88534,0.1873278236914599,0
88264,-0.203358208955224,1
90071,-0.1731843575418995,0
88343,-0.0811630847029075,1
88319,-0.3258103604968191,1
88352,-0.0896539372931476,1
13198,0.0021398002853068,1
88281,-0.1069267459243966,1
88280,-0.0266755585195064,1
88332,-0.0431171786120592,0
88287,-0.1042791857083507,0
88439,-0.1595692608908466,1
88417,-0.3034288398309065,0
88466,-0.1061946902654867,0
88485,0.024390243902439,1
88421,0.1586885245901639,0
88446,-0.0163141025641024,1
88511,-0.2553191489361702,0
88542,-0.0329670329670329,1
88504,0.0821243523316062,1
89617,0.068374751080388,1
48506,-0.0698809887091852,0
14932,-0.0318125770653513,1
88648,-0.3557401812688822,1
88620,-0.1199999999999998,0
88626,-0.0096101541251132,0
88615,0.0146186134028079,1
88661,-0.1149674620390457,1
91360,-0.1001628664495113,1
13453,-0.0776699029126213,0
89576,0.0193292782966414,1
14521,0.0166827077317934,1
88807,0.0590809628008752,0
88863,0.0500557300638362,0
89029,-0.1736263736263736,0
88860,-0.1242145535362372,0
88949,-0.0399822956624373,1
88839,-0.41343669250646,1
90029,-0.275187969924812,0
90177,-0.0024948024948026,0
88873,0.0545627401545327,1
88908,-0.1130470016207455,1
88897,-0.1387163561076604,0
92601,-0.2490566037735848,0
88895,-0.087673038892551,1
89290,-0.2978497478099283,1
89006,0.0,1
89110,-0.0113240418118466,1
88970,-0.0303221730890713,1
88994,-0.1423684210526314,0
89031,0.0516535433070866,1
89002,-0.1411618275351762,0
89167,0.0085106382978723,1
89036,-0.0695067264573991,1
89044,-0.0639445300462249,1
89215,-0.0695351517479831,1
89070,-0.0749431633647287,1
89327,-0.0747069094537292,0
89413,-0.2395437262357413,0
89179,0.0568376611032963,1
90223,-0.1651388888888889,0
89244,-0.1532810969637611,0
89269,0.1200543056633047,1
89217,-0.0680616240944189,1
89307,-0.0100016131634135,1
89252,-0.0396825396825397,0
89262,-0.05175983436853,1
90125,-0.210016155088853,1
91379,-0.0470568392646314,0
89297,0.0592069527430745,1
89353,-0.0711590296495957,1
91015,-0.0741301059001513,1
92174,0.2073976221928666,0
89424,-0.060475161987041,1
89387,-0.1507074695623561,1
89394,-0.2754172989377844,0
91975,-0.0589970501474926,1
89445,-0.1014492753623188,0
91665,0.0400782013685239,0
93016,-0.2684684684684685,0
91152,-0.0861518296889627,0
91727,-0.1147132169576059,0
89753,-0.2422163588390501,1
14610,-0.1201608848667672,0
89453,-0.2013737121448643,1
91269,-0.0494117647058823,0
89406,-0.2533638320775025,1
89626,0.0738960913301336,1
89443,-0.0645573665707893,1
89916,-0.1443827424177701,1
89533,-0.2569747317410868,2
90601,-0.0169197396963124,1
89482,-0.0882150241212955,1
90313,-0.1580882352941176,1
89941,-0.0318725099601593,0
93150,-0.1075652337150366,1
14599,-0.0650650650650651,1
90067,-0.0461538461538462,0
89876,-0.2058351430459823,1
89653,-0.1010558069381598,1
89826,-0.1147844894175807,1
89574,-0.0181365576102419,0
89546,-0.0522713130056005,1
89509,-0.1670550538887271,0
89573,-0.1127622377622377,1
90436,-0.0855548667079975,0
91274,-0.0349740932642486,1
89781,0.0974310730540768,1
89741,0.0548523206751054,0
89800,-0.1878826941669352,1
89824,-0.0248756218905471,0
90716,-0.0675733106672332,1
13411,-0.174785100286533,0
89901,-0.3289521723256663,0
89866,-0.1478405315614619,1
89889,-0.0364583333333332,0
89964,0.0206718346253229,0
89922,-0.1545271629778671,0
89913,0.0234052317576871,0
91086,-0.1110047846889952,0
89973,0.0,0
89971,0.0392508143322476,1
89952,-0.1111691932392403,1
89960,-0.0727941176470587,1
90088,-0.0859538784067084,1
90126,0.1757369614512469,0
90490,-0.1283055827619981,1
90194,-0.1011008111239861,1
90454,0.070024865089098,1
91977,-0.1557692307692307,1
90248,0.0329662588870669,1
91901,0.0233702337023369,1
91233,-0.0108165508646731,1
14542,-0.0713936973511324,1
90533,-0.341692789968652,0
90708,-0.0237714186127571,1
90427,-0.0509164969450102,1
14650,-0.0632994424401443,1
90288,-0.29875468504413,0
90227,-0.0892262125138837,1
13879,0.1916161293754656,0
90314,-0.3038116591928251,1
92453,0.0144806692793018,0
90353,-0.0823154540626658,0
13577,-0.3398378865205644,1
90312,-0.1786379928315412,1
90090,-0.132656990031272,3
19721,0.0249551459794488,1
90455,-0.2521354279021625,1
90249,-0.1873103049573637,1
90444,0.0116518163125427,1
90476,0.1115702479338842,0
90496,-0.218895800933126,0
90568,-0.2185863874345549,1
90505,-0.1797166293810589,2
90600,-0.0421428571428571,1
90637,-0.006872852233677,1
90718,-0.0739506995336441,1
90417,0.0135135135135135,1
90409,0.0186219739292363,1
90548,-0.1596638655462184,1
90803,-0.2248062015503876,0
90386,-0.177709689774033,1
92521,-0.4503105590062112,0
90520,-0.1201223468347389,1
90440,-0.1575534266764922,1
13797,-0.0712654179990864,1
90564,-0.013256288239293,1
90605,-0.2272727272727273,1
90550,-0.0420466841861183,1
90569,-0.1015691868758916,1
90558,-0.2189748201438848,1
90734,0.0195301953019531,0
91500,-0.0023569023569023,1
14689,0.2810945273631839,0
90494,-0.3175182481751825,0
13938,-0.0607194244604316,0
90474,-0.0290909090909091,1
90711,-0.0113722517058377,1
90672,-0.1286127167630057,0
12487,-0.0182845250483125,1
91018,0.0145804676753782,1
90664,0.0018997274304122,1
13196,-0.0275229357798164,1
90720,0.0217706821480407,0
90636,-0.0129032258064515,1
91114,-0.0029917726252803,1
86165,-0.1103669724770642,0
92571,-0.3360805860805861,0
90993,0.0105716041794714,1
90735,-0.0953947368421053,1
90885,0.0826044703595725,0
14185,-0.2370238800078943,1
13993,-0.433134684147795,0
90856,-0.0239840106595602,1
90871,-0.119707467282525,1
90776,-0.1387609878610297,1
90829,-0.1013845466726216,1
15127,-0.1236111111111112,0
90775,-0.2217079725291132,1
90868,0.0089770848098276,1
13455,-0.2244897959183673,0
90955,-0.1954887218045112,0
90805,-0.117799352750809,0
90952,-0.1140425531914893,1
90961,-0.0030193236714973,1
90971,-0.158682634730539,0
91594,-0.067433831990794,1
90825,-0.1958424507658643,3
90963,0.0059101654846336,1
91349,-0.2920110192837466,0
90900,-0.187781750349759,1
91356,-0.0870244919228765,1
90988,0.0,1
90989,0.0388548057259714,1
91090,-0.3062836624775583,0
90978,0.033240997229917,0
90979,-0.0125595495885664,1
91801,0.0211696215930141,0
91488,-0.0316742081447962,0
90925,-0.035043804755945,0
91083,-0.0399923199385595,1
91408,0.0042978686080168,1
91192,-0.2260787992495309,0
84185,-0.0746666666666666,0
91041,-0.0691766146311601,0
91080,-0.2005919105557383,1
13931,0.0114942528735633,1
15273,-0.3063025210084033,0
89003,0.0376951608729405,1
13976,-0.1333333333333333,1
91176,-0.0132890365448505,1
91095,-0.1723122238586155,1
93175,-0.2544180377818403,1
91186,-0.0988336402701043,1
91234,-0.1388630009319664,1
91627,-0.1931818181818182,0
91348,-0.0729411764705882,0
91237,0.2181069958847736,1
91215,-0.1740420939017809,1
91359,-0.054054054054054,0
91395,0.0352112676056337,0
91366,0.1858736059479553,0
14174,-0.2147160068846816,0
13532,-0.0751829673985362,1
91299,-0.1795698924731184,1
13377,-0.1041301227874342,1
13534,-0.0347003154574132,1
14094,-0.3729754743174456,0
14707,-0.0558583106267029,0
13188,-0.0680971803511261,1
13407,-0.0823681014668098,1
14033,-0.4469999999999999,0
13641,-0.0782968324090609,0
13356,-0.1428874509387928,1
13621,-0.5395392278953923,0
13559,-0.1909547738693466,0
13543,-0.1284098469727214,1
13447,-0.035284223959183,0
13761,-0.1246666666666665,0
13548,-0.0340170085042521,0
13337,-0.3612040133779265,1
13369,0.0714285714285714,0
13622,-0.4554531490015361,1
91363,0.0204638472032743,1
91463,-0.1245247148288973,1
91357,-0.1548387096774193,1
13967,0.0716194548369855,0
93035,-0.0222686151704939,1
91472,-0.0120712401055408,0
91579,0.0,1
91514,-0.0893213572854291,1
91498,0.1616727033256502,0
91503,-0.1063019390581717,1
12452,0.1395348837209302,1
91446,-0.0761421319796954,1
91614,-0.1739670705187945,1
91468,-0.0639527417490689,0
92506,0.0783450704225352,0
91392,-0.0867768595041322,0
91413,-0.2073283382941599,1
91618,-0.0773480662983425,1
91659,-0.0460920479302831,1
92040,-0.1551724137931034,0
91355,-0.0075471698113207,0
93189,-0.104229004588071,0
91461,-0.0020576131687244,1
91416,-0.1781959048146099,1
91486,0.0832762947752681,0
91611,-0.0567202990411181,1
91742,-0.0444773063360255,0
91615,-0.2660550458715596,0
12049,-0.2240437158469945,0
91612,0.0387277829747427,1
91622,-0.074396782841823,1
91625,-0.2127498102706805,0
90077,-0.1345555985010167,0
92773,-0.1678832116788322,1
91516,0.0234221760701511,3
91683,-0.1423728813559321,1
91668,-0.2836376123161448,1
92456,0.0709677419354837,0
91571,-0.2275541795665634,0
92589,-0.1060606060606061,1
92252,-0.1150793650793651,0
91658,-0.1632435316084289,0
91678,-0.1314984709480123,1
91754,-0.1264044943820225,1
92035,-0.1496815286624204,0
14548,-0.0506329113924051,1
91741,-0.1477272727272728,1
91743,-0.0778097982708934,1
92449,-0.1289473684210526,0
91822,-0.0616045845272207,1
91836,-0.0170745672632243,0
91688,-0.0321528424976701,1
91826,0.0,0
13796,0.3025751072961373,0
91814,-0.1038647342995168,1
91959,-0.0104506858262574,1
91854,-0.1400817995910021,1
91968,0.0318509615384616,1
92091,19.43209876543209,0
91900,-0.2705667276051188,0
14137,-0.3166023166023165,1
93177,-0.1284403669724771,0
91909,-0.2982946603298854,0
91849,0.0570557859984763,1
14310,-0.0184049079754602,1
92210,-0.0551044083526681,1
91915,-0.0965517241379309,1
91979,-0.0930326218284333,3
92052,0.1324146195326541,1
14693,-0.0763888888888889,0
92050,0.2729275362318841,1
92345,-0.5612244897959184,0
92095,-0.283410138248848,0
92096,-0.0325190722046698,1
92097,0.0370370370370369,1
92121,-0.0851638237820591,0
86812,-0.1532515337423311,0
14328,-0.2097625329815303,0
92143,0.1065573770491803,0
92102,-0.2733067729083667,1
92229,-0.2367236723672366,1
92220,0.0045333849046012,1
92188,-0.0115524010872848,1
92172,0.1278688524590163,1
13284,-0.1167306871532223,1
93149,-0.191747572815534,1
14444,-0.2391304347826087,0
92221,0.1784194824137752,0
93004,0.1178571428571428,0
68145,-0.2491525423728814,0
93071,-0.4044585987261146,0
92293,-0.2447767758961951,1
93130,-0.0695652173913041,0
89756,-0.2063492063492064,0
92402,-0.0238264708492323,0
12400,0.0827372114995275,1
92303,-0.0938433950986252,1
92326,-0.0688445516334137,1
14945,-0.4409316770186335,0
92354,-0.1115577889447235,1
92428,-0.125625,1
92429,-0.3744880046811001,0
92432,0.0337732919254656,1
92400,-0.2745839636913767,0
13712,-0.1201044386422975,1
92443,0.0006666666666665,1
12906,-0.2292682926829268,1
92493,0.0149402390438246,1
92466,0.2062499999999998,0
13524,0.0238805970149253,0
92467,-0.0463320463320462,0
92469,0.0735257214554578,1
13561,0.0173913043478262,1
92917,-0.0749999999999999,0
92528,0.0664819944598338,1
92523,0.0029036004645761,1
91365,0.0959482273494654,1
92614,0.044643682410574,1
92587,-0.1202205882352941,1
92611,-0.0188529476891654,1
92648,-0.1680477295326483,1
92588,-0.129829446571528,1
10258,-0.1693989071038252,0
92602,-0.1089417744916821,2
93347,-0.196969696969697,0
92597,-0.1345885634588565,1
92984,-0.1282766990291263,1
13262,-0.1499623210248681,0
92753,-0.0287769784172663,1
14797,0.1620727673649393,0
12577,-0.0473071324599708,0
93345,-0.081218274111675,0
92621,-0.1505376344086021,1
93079,-0.1425457715780296,1
92780,-0.0462224307836696,0
13343,-0.1459896133871897,1
92852,0.0342566226594183,0
92685,-0.0608777725342143,1
92688,-0.1666666666666667,0
92692,-0.0393759286775632,0
92810,-0.0270196506550218,1
93065,0.0080233406272793,1
92696,-0.0693716199522331,1
93339,-0.0927835051546391,0
79678,-0.1003941091059946,1
92775,-0.0235954985812719,0
92729,-0.0659440750523727,1
13305,-0.0800699300699301,1
13604,-0.2003401360544217,1
93384,-0.1539153915391538,0
92782,-0.1067773167358229,1
93089,-0.0080770865806999,1
12527,-0.0454545454545454,0
13869,-0.1283839212469236,0
92797,-0.1474999999999999,0
14820,-0.088235294117647,0
92913,-0.022204599524187,0
13556,-0.2786885245901639,0
92809,-0.0146299483648881,1
87078,-0.0141843971631204,1
91161,-0.2487046632124352,0
92808,0.7643504531722056,0
92854,-0.2012890431333664,1
13253,-0.3438685208596712,0
92940,0.008966127961036,1
82163,-0.2634146341463413,0
75754,-0.1890822784810126,0
93274,-0.1946308724832215,0
92987,-0.0708117443868739,1
93073,0.0070692194403532,0
13863,-0.2883720930232557,0
93098,-0.0585168773621791,3
93132,-0.2241490044958253,1
12451,-0.2618595825426943,0
93085,-0.0562632696390658,0
14262,-0.2301369863013698,0
92596,-0.21959213401311,0
78003,-0.1951461119366022,0
93246,0.0029096199308964,1
93128,-0.0955223880597014,0
92486,-0.3058321479374111,0
12310,-0.1376804573200271,0
93371,-0.2074074074074073,0
93356,-0.0174474648158857,1
12384,-0.0344563552833079,1
88244,-0.1228668941979521,0
93401,0.1974317817014446,0
15186,-0.1223628691983123,0
14172,-0.023002960010834,0
93233,-0.083369518019974,1
93304,-0.1265972550875532,1
12591,-0.1003364943407769,0
93264,-0.080740117746005,0
93372,-0.0174788135593219,1
93434,0.0034013605442178,0
93266,0.074281709880869,1
11664,-0.2722283205268936,0
93420,-0.1475409836065573,0
12402,-0.2673015873015874,1
93393,-0.0759668508287292,1
93289,-0.2133036046079524,1
11370,-0.0574728835047189,0
14435,-0.0925947843926303,0
12449,-0.0105001720444464,1
12559,-0.4304538799414348,1
12307,-0.2433035714285715,0
12009,-0.3144963144963146,0
12340,-0.2532133676092545,1
12089,-0.1056586413126819,1
93374,-0.0948124780932352,1
93436,-0.2242657840713896,0
12374,-0.0389837932544895,1
12078,-0.149122807017544,1
10158,-0.0371845949535193,1
93426,-0.0541325587536307,1
12592,0.1705685618729095,0
10220,-0.0892367906066536,1
12497,-0.1102661596958175,0
15254,0.0257782535010258,0
12919,-0.0665883274578927,0
86092,-0.0499254843517138,3
13837,-0.0846374960076652,1
12360,-0.0933694181326115,0
12476,-0.0420921544209215,0
12502,-0.1136536994660564,1
12660,-0.3693693693693695,0
12639,-0.0259835315645013,0
12521,-0.1430274135876043,1
12373,-0.0735135135135134,1
12515,-0.1120831055221432,1
12583,0.0926670015067805,0
12366,0.0654410524540394,1
12573,-0.330749354005168,0
12494,-0.1118210862619809,1
14358,-0.1870503597122302,0
12640,-0.0188679245283018,1
13410,-0.1824121971140756,0
12798,-0.1688654353562005,0
12623,-0.0784437056339294,1
12783,-0.1477316789453275,1
13860,0.2021036814425243,1
12579,-0.1382488479262672,0
13111,0.0292397660818712,0
12905,-0.1475029036004645,1
14329,0.1193693693693693,1
14441,-0.2990384615384616,0
13844,-0.2337662337662337,0
12913,-0.0309057527539778,1
12872,-0.244455396747166,1
15327,0.1791044776119403,1
13141,-0.2253419726421887,1
12792,-0.093603744149766,0
13302,-0.0040371417036737,0
13108,0.0028409090909089,0
12880,-0.096558808423215,1
12960,-0.0350591112922951,0
13323,0.510956175298805,0
13046,-0.2941625110002932,0
14715,0.1980440097799511,1
13169,0.1113074204946995,1
12920,-0.0089826302729527,1
13201,-0.3515754560530679,0
13249,-0.0859823299025412,1
13210,-0.0377453166815343,1
13116,-0.188616535105941,0
12908,0.1635071090047395,1
15006,0.0050847457627118,1
13109,0.0783410138248847,0
13316,0.0160125588697017,0
13326,0.0187185025197984,1
13743,-0.237551867219917,1
13520,0.1121166415284062,1
13244,-0.165058405281869,1
13375,0.1200631911532386,1
13260,-0.0049850448654036,1
13124,-0.1258278145695364,1
12981,-0.0894278135657445,1
14339,0.3397790055248617,0
13035,-0.1100719424460432,1
14960,-0.2216551221290557,0
10966,-0.108603066439523,0
13019,0.0747986191024165,1
13579,-0.0823744769874477,1
13085,-0.1489160276436617,0
13105,0.0062460961898811,1
13203,-0.0109331352154531,1
13107,-0.191023535851122,0
13730,-0.2138177486599166,1
13318,-0.2329006490264603,1
13159,0.0880503144654087,0
13280,0.1780821917808219,1
14244,-0.1952983725135624,0
13168,-0.2058989291752769,1
12629,-0.0836158192090396,0
13748,-0.0574712643678161,1
90199,-0.1223353178413673,1
90272,0.0690535680645028,1
90276,-0.0298902762012864,1
90178,-0.2442355048130737,0
90188,-0.0435643564356436,1
90164,-0.2771607918879768,0
92457,-0.1554809843400447,0
90233,-0.1686919228020014,0
90097,0.0651629072681703,0
90303,0.0213359920239282,1
13279,-0.1298342541436464,0
12615,-0.2933968686181074,1
14060,4.236432878451285,0
14406,-0.1289134438305708,1
