firms,clusters,mom1
11499,10,0.0190555095277547
81912,37,-0.0191986644407345
27991,15,-0.0178824362606232
10517,57,-0.0028479886080454
20482,60,-0.0488137442050722
10656,10,0.0942655145326001
60038,31,0.0102199528672426
10779,33,-0.0797546012269938
61487,46,0.0997765006385695
61241,34,0.02
88845,10,0.0523352103345478
28222,15,-0.030081559156869
11368,15,-0.0096339113680155
28804,31,-0.0848292854628651
11587,58,-0.008027893686502
11691,60,-0.0067540723083036
11790,27,-0.1308775731310942
10145,21,0.0112159061942391
45911,57,-0.0825649622799664
24643,60,-0.0799999999999999
28484,44,-0.0136478267319388
90893,51,-0.0654524758110414
81073,70,-0.0609048759225565
10225,57,-0.0266810610734115
12758,43,0.002191380569759
24109,15,-0.0226975120034919
59176,43,-0.012547880068683
13507,57,-0.0041049259110932
58560,23,-0.067288474350433
13769,60,0.0682926829268293
11144,6,-0.2307944845699278
85257,15,-0.0196987253765933
14008,43,-0.0186014125136775
18075,23,0.0223311546840958
14227,67,-0.0449625312239799
83112,59,0.0441696113074205
39490,23,0.0206988920004871
14593,31,-0.1183029810511296
14761,31,0.1756756756756754
14868,57,0.035942192192192
77595,4,0.2022001047668935
29209,58,0.0022635814889337
24272,43,-0.060953666216824
15457,41,0.1387573140150459
15553,15,0.01252067091897
15721,59,-0.0087602361454961
44644,18,0.0020372526193248
16030,60,0.3391238670694865
44601,58,-0.0170114942528736
27684,15,-0.0163934426229507
40416,15,-0.1077641069155705
53110,58,-0.0002244165170557
75034,23,0.0142919964819703
10318,43,-0.067902520308269
57568,37,-0.0375347544022242
16505,42,0.0123333333333333
16548,37,-0.0011909487892021
49656,15,-0.0668662674650698
46877,15,0.0542244640605296
39693,43,-0.0076108537392455
47423,18,0.1332868108862526
27887,57,-0.0150718043509171
29612,38,0.0054087788641563
39642,58,0.0021293855201784
17444,60,-0.020979020979021
65875,58,0.0383663366336635
65509,27,0.2433155080213902
43772,58,-0.0002554278416346
17778,59,-0.0157618213660245
61508,15,-0.0212213079255089
61946,59,0.0269643985675163
65154,37,-0.119225037257824
19561,9,0.0345384770753383
18650,67,0.0478527607361962
52230,59,-0.0440161104718067
60898,23,-0.0150757575757575
17961,58,-0.1538461538461537
19393,9,-0.0286894153444903
10874,41,-0.0482573726541555
55597,15,-0.0909395973154362
19880,10,0.0345911949685533
10890,65,0.068765133171913
20117,43,0.0313778990450204
45655,37,0.0373626373626374
64186,38,0.0675994108983797
67838,67,-0.0983725135623869
20336,46,0.0934234787953287
62148,60,-0.0801269337564458
28564,18,0.13477537437604
86290,44,-0.1358921161825727
46690,26,-0.0859794821690277
20504,8,0.0570071258907363
20750,60,-0.0111505321844905
21371,15,0.0051107325383306
27334,43,-0.0473933649289098
20618,58,-0.0641611295681062
30402,18,-0.1096045197740113
18542,15,-0.0385780885780886
89792,28,0.0530160718012941
64557,58,0.0202153372885081
60599,23,0.0351390922401171
90011,18,0.0289908256880733
22921,23,0.0387994143484626
64194,58,0.0344187375035704
23182,15,-0.0275731822474032
14541,57,-0.0359266802443991
30509,10,-0.0066176470588235
23297,27,0.0056108135679673
23393,15,0.0148001973359643
79026,27,-0.0606385513461996
68320,11,0.0148148148148148
47677,37,-0.1104651162790697
23916,58,0.0097195666029317
27422,34,-0.0992239467849223
46578,57,0.0007221954742417
24193,65,0.1627906976744186
11995,37,0.0227462786419132
11308,60,0.0030007501875468
24441,60,-0.0627202255109231
24476,18,-0.0405923344947735
30648,23,0.1301989150090414
18729,60,-0.009508990318119
61735,58,0.0106800691063293
89525,9,0.0394622183493091
25129,30,0.0006893382352939
25452,23,-0.0540806293018683
25487,46,-0.1329915560916766
25778,15,0.0475841874084919
40125,15,-0.0188298587760591
26084,70,0.0291218637992831
79618,9,0.1887966804979253
26463,15,0.0116320056397603
11404,30,0.0217277028210969
41929,58,0.0247238295633875
26607,57,0.0195006836293798
26650,30,0.0454794520547945
23229,67,0.0081632653061225
30840,39,-0.1366424986056887
91983,31,0.0607666707752989
27430,43,0.2836687306501548
59248,30,-0.0313701679821898
22293,15,-0.0741704619388418
27474,15,0.0538745387453873
20204,25,0.0028451882845188
27618,59,-0.1735294117647058
38420,27,-0.114696903619712
53575,27,0.2107142857142856
17726,58,-0.0288075560802832
59256,31,0.0336134453781513
31077,15,0.0105042016806722
27888,28,0.0376068376068376
41080,43,-0.0933712279528546
18091,28,0.0192519251925193
19828,31,-0.0201680672268907
92570,27,0.017970401691332
28629,34,0.1144278606965176
29050,57,0.0264550264550265
29103,34,0.030456852791878
91926,6,0.0388672959466962
29285,23,-0.0220892774965485
61743,27,-0.0735294117647058
11674,58,0.0060051043386879
76708,60,-0.0067243035542747
29867,37,0.0439560439560438
40440,30,0.0459484632101829
44943,15,0.1004237288135592
26403,43,0.0011097019657577
10886,49,0.1037234042553192
64936,15,0.0047745358090185
38682,23,0.0557648831951771
30593,60,-0.0424757281553398
25953,67,-0.0075399361022364
20626,57,-0.0664538595473012
30681,67,0.0119105102205052
11703,57,-0.0589711417816812
63132,57,0.0941842511580031
27959,13,0.0085163603765126
88590,57,-0.0070307723660076
30940,43,-0.6787604829596146
31051,13,-0.0038167938931298
31070,34,0.1140000000000001
31078,8,-0.0032679738562092
42200,18,0.0376756066411239
63159,41,-0.0176817288801571
31480,23,0.0825439783491204
11762,65,-0.003784438389343
70578,9,0.0085237362377175
82855,57,-0.0134115674769488
32054,23,-0.0519823788546255
32062,65,0.0024330900243307
22103,15,-0.0508179603202227
81124,11,0.0437499999999999
23042,30,0.0266912103083294
32540,60,0.0465489566613159
32548,60,0.0077011494252874
26470,44,-0.0356154272005905
32791,23,0.0155670867309116
32986,58,-0.0274751302700141
52476,38,-0.0323481116584564
24328,43,-0.0063845768652978
33532,31,0.0048701298701299
31691,57,-0.0011659541391372
42550,10,-0.0425903968272459
87696,59,-0.0452127659574468
87717,37,-0.0253651037663336
33823,37,0.0254658385093167
87725,43,-0.0217755443886097
11850,30,-0.0013264065436057
19166,44,-0.0263115930473608
24205,15,0.0774927267918539
34367,15,0.0007117437722419
92640,60,0.0471794871794872
47706,59,-0.0022805017103761
21135,60,0.0131195335276967
34666,34,-0.0089285714285713
34746,67,-0.0082417582417582
34818,23,0.1080168776371308
35167,15,0.061473237943826
35263,30,-0.035700274617497
10777,30,-0.0264611953160642
35554,58,0.0653002859866538
36397,30,-0.0243902439024391
54244,9,-0.0443995963673057
36768,38,0.0725912890453144
88924,31,-0.3392268504644889
88853,58,-0.0616990982439487
37154,49,-0.0045523520485584
25785,9,-0.013392857142857
45241,58,0.0314465408805031
37234,34,-0.101098901098901
37402,67,-0.0257278266756939
37568,23,-0.0047323277136942
37584,21,-0.1213745882048962
58421,15,0.0144181256436661
37955,38,-0.0146967501552474
12036,59,-0.0500700981373923
38093,43,0.0002289377289377
47941,43,0.1376744186046512
12052,15,0.015953307392996
12060,57,-0.00557461406518
46834,60,-0.0546875
55212,28,-0.0879371515458692
38659,15,0.0078705728027983
46674,43,0.0042449189606379
39029,11,-0.0625
57154,10,0.0149615851192883
32299,69,-0.1685823754789271
16432,57,0.0105019815059443
53604,30,0.088174982911825
85908,46,-0.0055614720151461
39571,10,-0.0192397207137315
60468,38,0.0725
52695,10,-0.0204319841516469
39731,69,0.2704379562043795
84808,18,-0.0167902311382467
23819,57,-0.0031063321385902
54084,34,0.2122981366459626
25582,28,-0.0175543586674646
25304,23,-0.008126603934987
52978,58,0.0078687050359711
41188,31,-0.0146842878120411
10294,6,-0.0590631364562117
41241,58,-0.0122868605817453
41292,58,0.0806522697223446
76927,23,-0.1246376811594202
32651,60,-0.2219321148825065
32707,59,0.0114998380304502
16600,43,0.0019077544607788
91575,70,-0.0398761130468446
61567,10,-0.0207075064710959
52716,58,-0.0678106836424025
32803,31,-0.1357575757575757
42140,27,-0.0005081300813006
42439,67,-0.0190372586347566
42455,34,-0.1428571428571429
91207,67,-0.0748169838945826
21792,58,0.0133735979292493
32934,27,-0.0129414345251152
42877,38,-0.0192777626934564
42906,18,0.0154838709677418
88795,42,-0.1759581881533101
78892,60,0.0028571428571428
12570,60,-0.0245439469320065
80210,15,-0.0001805054151624
21928,58,0.0112216811348719
56573,59,-0.0136888635391415
43634,31,-0.0337837837837837
43757,65,0.3913043478260869
51633,28,-0.0148514851485149
12431,67,-0.034938293064488
44274,28,-0.0140166447656591
46463,30,-0.0251299826689773
44506,67,-0.0679657236764877
59328,15,-0.0020593080724876
44768,18,0.0101190476190475
12490,57,-0.0812902605518699
40272,43,-0.0638933864740317
45277,15,-0.0654362416107381
45306,31,-0.0287143789427888
21573,25,-0.0398699891657637
27705,37,-0.0473157415832574
45437,23,0.2522812667740204
45560,34,0.0553359683794467
53065,67,0.0232067510548523
45728,60,-0.0735483870967742
46042,57,-0.0467519181585677
46077,67,-0.0119900951387984
52329,67,-0.0329766707595158
82694,43,0.0226415094339622
22111,18,0.0199572344975051
42534,57,-0.0420235546038544
46886,67,-0.0099484810801208
46923,57,0.1246200607902736
47002,58,0.0191683869065173
42067,26,0.0136363636363636
47088,57,0.0102956705385428
24432,15,-0.0013291980505095
12650,6,-0.0428184281842819
24053,15,0.0075662042875157
26825,15,0.035132957292506
47379,58,-0.0135516657255788
44134,18,-0.1040609137055839
47619,6,-0.0889084507042253
47715,67,-0.0081716036772214
17750,59,0.0032014871424146
59045,43,0.0186987704918033
48072,4,0.0268041237113403
48144,9,-0.1080645161290322
89456,58,-0.0073619631901841
49488,57,-0.0994965946106012
48267,58,-0.0364372469635627
12781,58,-0.0352841749418973
48486,15,-0.0521590423257801
48523,59,-0.0543227840426822
48531,30,0.0960648148148146
48961,8,-0.138255033557047
50286,2,0.1999999999999999
60943,67,-0.0284375
65330,58,-0.115011415525114
20415,31,-0.1644359464627151
50876,31,-0.0759969902182091
81678,58,-0.0423076923076921
49905,49,0.039553280595626
21178,31,0.0248511764150052
56223,41,-0.1582242458736483
59774,38,0.0096818810511756
33849,60,0.1872511408883475
66245,31,-0.1239558070600916
23835,58,0.0019334880123742
50623,38,-0.0622929092113982
50789,28,0.0260445943413902
89790,60,0.0198019801980198
51263,27,-0.1475487862922418
81311,15,0.0143129770992367
15069,23,0.0055248618784529
45751,67,-0.0024987506246877
34032,27,-0.0727878211227402
51829,9,0.0145888594164456
39538,38,0.012513966480447
51925,23,-0.026378896882494
51960,60,-0.0110650069156292
43449,15,0.0251630941286113
89915,31,0.0342113230396607
17478,31,-0.0249312557286892
81061,43,0.0056209379940277
52250,65,0.0085106382978723
10507,65,-0.0833333333333333
17005,59,-0.0069468565474122
22752,58,-0.0053533190578158
42796,67,0.1639824304538801
53074,27,0.0224782772950511
87437,33,-0.05
89857,60,0.0086655112651647
53373,4,-0.0787878787878787
53480,30,0.0225118483412321
53640,58,0.037391700866393
24010,37,0.0116144018583044
53859,37,0.0348051948051948
54253,67,-0.0675080128205128
91109,60,-0.0602706027060272
22592,18,-0.0083431577038178
24248,28,0.0534657650042265
54675,15,-0.0065982404692082
54704,44,0.0614634146341463
54827,18,0.0
76591,43,0.0677540777917189
42614,31,0.0065024630541872
22779,42,-0.003968253968254
28345,44,-0.0383765003158559
65365,18,0.0203942895989122
69550,67,0.0180446194225722
59408,57,-0.0585651537335285
84372,10,-0.0122754491017963
13303,23,-0.0325342465753424
90377,37,0.0152249134948097
55993,10,0.1013824884792626
78900,49,0.021904948171328
25590,30,-0.0531045751633987
52337,42,-0.0268102174371964
58501,70,-0.0475809676129548
34497,23,-0.0636942675159236
56945,57,0.0620331276388439
38658,43,0.0008532423208191
64450,37,-0.0848391361833407
47466,31,0.0463576158940397
60986,43,-0.0292159763313609
21207,60,-0.1263127187864644
34673,27,-0.0143497757847533
57534,44,0.0585106382978724
61815,60,0.0414570685169124
64311,58,-0.051442747094921
28118,60,0.0224919671545875
44206,57,0.0083993280537557
38762,59,-0.0031326139923425
23931,15,-0.0132311977715876
58246,28,-0.0042992261392948
24766,67,0.0049763320791358
58318,43,-0.2667967660998047
58334,23,-0.005850690381465
90458,58,-0.0306122448979591
34817,30,-0.0267355650415636
58836,9,0.0
34833,15,-0.0308460953622242
72611,21,-0.0105263157894737
58975,59,-0.0038631346578366
67029,28,0.0654761904761904
59089,43,0.0392999204455051
23026,23,-0.0428095360164059
24440,18,0.0048622366288493
13610,18,-0.0405134376253508
63714,25,0.0364979361286117
59871,23,-0.0058651026392961
60098,30,0.0395314787701317
60186,30,-0.0102399063779988
91531,67,-0.1057208237986271
77157,30,0.0123861566484517
44230,51,-0.0217654171704957
90531,57,0.0109126984126983
22509,10,-0.0468719484408568
60506,31,0.0011194029850745
13688,37,0.0182587397016253
86136,59,0.0056580565805659
61146,23,0.0100250626566416
61269,49,-0.113202473783275
58675,8,0.1165919282511211
41355,18,-0.0437048917401764
61496,69,0.0667008722421755
57509,60,0.019108280254777
61787,60,0.0829420970266041
61955,34,0.0085836909871244
22517,37,0.0188552188552189
13856,15,0.0126284511576082
50550,44,-0.0232181425485961
62341,6,0.005665168978316
62368,9,-0.0343847684001137
21936,58,0.0286448769739258
21776,60,-0.0146777281429483
52898,59,0.0064329366355742
13901,31,-0.0307479224376731
13928,23,-0.0136941636778611
62958,65,-0.03979025293029
63125,21,-0.0148342059336825
89968,57,-0.1148137776533184
24459,60,0.0
80185,43,-0.0493506493506493
23501,37,-0.0293692826191622
63715,43,0.0924280879864636
63830,21,0.0565164080029918
18163,15,0.0029963522668055
64486,9,-0.0069803516028956
55511,18,-0.0102586975914362
23712,37,-0.011501210653753
64929,10,-0.0429078561506406
64961,34,0.046420581655481
65008,34,0.2114285714285715
87043,60,-0.1161290322580644
27756,37,-0.0189222542163717
65270,57,-0.0251346499102335
69649,67,-0.0225153513759381
66683,8,0.096902303415409
65700,28,0.0477240826147984
24942,18,-0.0078031212484993
58771,28,-0.0395496963412828
76711,30,-0.1080934274850623
76282,9,-0.0634578027196201
80294,23,-0.0063788027477919
84381,67,-0.0554419450124971
35991,58,0.0226928895612708
36003,57,0.0253365003958827
45495,57,0.0249699157641394
67847,23,-0.2315558802045288
54818,18,-0.0029787234042553
66050,34,-0.0374999999999999
27633,59,-0.0356916243654822
68196,43,-0.0712185560274419
54199,30,-0.0314232902033272
41320,27,0.0600169061707522
76149,65,0.0282485875706213
68591,30,0.0555170020818878
22840,70,-0.0450346420323326
23085,28,-0.0265662172878666
36281,59,-0.017159791195525
85926,15,-0.0029142381348875
41574,8,-0.0883116883116883
51625,43,0.0027808676307008
50243,23,0.015625
88742,15,0.002403846153846
36468,70,-0.0632790006895454
49138,15,0.0527000650618088
70536,67,-0.0391875746714456
65402,37,-0.0744897959183673
60206,38,-0.0187726424415414
64995,18,0.0241187384044527
71176,28,-0.0128498001142205
26614,30,-0.0172885997945909
63335,23,-0.0515759312320917
15720,30,0.0483239007400957
71475,67,0.0101637492941839
18411,37,0.005239179954442
58683,67,-0.0903316866619619
66093,30,0.0117176336096025
63765,44,-0.0307773945343591
71942,31,0.0530185758513932
71985,28,0.0115702479338843
17523,70,0.0373044524669072
72304,9,0.1404494382022472
39220,51,0.0159763313609468
72494,4,-0.0588235294117647
43481,38,0.0111175004792025
43350,28,-0.0242363039636455
18438,37,-0.0029268292682925
72726,31,-0.0146569960713208
36898,23,0.0292430131408476
72980,46,-0.0541711809317443
73139,18,-0.0257568910980567
73219,49,-0.0445505171042164
52396,30,-0.0549148819330038
47861,15,-0.0690250215703193
73681,37,0.0794582392776523
73817,65,-0.0155440414507771
66739,34,-0.1157817109144543
43334,57,0.0571817562968004
52038,58,0.0106508875739643
37161,37,-0.0238500851788755
74406,31,0.1824324324324324
15560,34,-0.1459459459459459
74836,45,0.027063599458728
44513,11,-0.2060606060606059
74908,34,0.1066666666666666
74932,65,0.2426966292134831
57007,37,-0.0553713527851459
43123,60,-0.0457018498367791
44329,58,-0.0107238605898123
63773,23,0.0602150537634407
75460,67,-0.0216862586137008
51369,43,-0.0206243032329989
37284,49,-0.151338199513382
15579,31,-0.0295182400445557
23579,58,-0.033753709198813
62092,27,-0.0415628539071347
76100,37,0.0044914982354826
50606,15,0.0341259756761662
14795,43,-0.0084566596194503
14816,28,0.011457670273711
62308,58,0.0097659277631374
76639,18,0.0412590387069331
76946,65,-0.074829931972789
61209,15,0.0300000000000002
55001,27,-0.0608355729293916
92583,60,0.3793103448275863
48389,58,-0.0458617747440274
59600,15,-0.049338146811071
45356,23,-0.0254362614611061
76185,49,-0.0066657006230982
77730,38,0.0271999999999998
91103,9,-0.0360443622920517
17929,18,0.0240900759361089
50278,58,-0.0251857968620974
79244,27,-0.1566044639590192
77973,57,-0.0480059084194977
78044,33,0.1006389776357827
24985,15,0.0117508813160986
48725,27,-0.0021989393351442
63781,23,-0.0573389417755147
89329,8,0.0811881188118812
78749,6,-0.0542635658914729
92655,21,0.0455053488743413
53663,28,-0.018223819301848
78829,28,0.0485967225466188
87447,57,0.0067520372526193
78960,11,-0.2237762237762236
79039,34,0.1499999999999999
79303,60,-0.0292245370370372
17830,57,-0.0206533192834563
79338,30,0.0330578512396693
67360,30,0.02812388750445
59619,18,-0.0193845408286892
16555,67,-0.0133037694013303
79573,8,0.0424903474903475
79637,43,-0.0315302285218398
79776,38,0.1735465744542899
43553,38,0.0500380724464266
79864,39,0.2107900943396226
80128,38,-0.0606577824460053
27043,58,0.0065661841516191
81116,57,-0.1646614767633877
61700,34,-0.0263157894736842
57808,59,-0.0460164835164834
15202,58,-0.0964912280701755
86008,60,0.0378151260504202
21231,15,0.0069897483690586
53225,58,0.0354000805727354
24969,28,0.0116061400224634
46068,31,-0.0500287521564117
81702,58,-0.023972602739726
42059,30,0.1016866291860181
63829,8,-0.0949999999999999
79066,34,9.52380952381482e-05
62498,38,0.0249452954048141
66384,41,-0.0194251421351863
59467,44,-0.0641666666666666
38033,30,0.0478170478170476
39917,15,-0.0446009389671362
92872,47,0.1084934903905765
25419,27,-0.1048841577958672
38156,39,-0.0770324047754406
58819,15,0.0235485180673975
25099,30,0.0173822353554666
42286,27,0.0431709646609359
84403,58,0.0217113665389527
27983,15,0.031854379977247
63079,60,-0.0817901234567901
59483,13,0.4454499748617395
88857,28,-0.002620545073375
38295,31,-0.1252900232018561
84129,59,0.0302814392589954
84161,26,-0.004399748585795
90756,43,-0.0464590657960823
72996,23,-0.0088913587107529
87426,27,0.0402116402116403
86191,60,-0.0457142857142857
88664,43,0.0042616663115278
87856,64,0.0281481481481482
15318,28,0.0090850097339389
71563,15,0.0291616038882138
80072,60,0.0160944206008584
85586,59,-0.0190166975881261
35917,30,0.0425531914893617
70332,31,-0.0176060363553217
10147,15,-0.0460420032310178
38149,43,-0.0093064091308164
10028,2,-0.1242603550295857
69032,57,-0.0567567567567567
10138,43,-0.035700171255434
10107,59,-0.0101719197707735
10200,70,-0.004830917874396
89954,21,0.0073541428337964
10302,23,-0.0457981325033347
10299,57,-0.0182544970019985
12217,6,0.0467941507311586
10363,8,0.2027027027027026
10333,13,-0.1336515513126492
10382,28,-0.0291619479048698
10397,28,-0.0343587694766279
10257,11,0.0
76565,27,0.1399564902102974
10463,8,0.0844686648501362
70033,43,0.005133846718005
10421,15,-0.0342368045649073
91204,15,0.004927726675427
10530,15,-0.0050902360018509
79698,27,0.006712594947889
10606,18,-0.0474789915966386
10550,45,0.0
79785,63,-0.062350632048896
75070,15,-0.0184139454947213
89849,31,0.1314199395770392
10547,70,0.1161137440758295
68857,60,0.1124338624338625
76123,23,0.0308521057786483
79903,37,-0.0380313199105145
10667,60,0.1475304682488776
10355,21,0.0074893009985734
10661,9,0.1186736474694589
45225,23,-0.1497524752475247
75596,47,0.0828828828828831
10693,9,-0.0167292591328097
10649,44,-0.028436018957346
79909,46,-0.076056338028169
75517,58,-0.3468111713213838
10696,59,0.0028682882055988
89386,6,0.09255079006772
44813,34,-0.1319755600814663
89891,37,-0.1087613293051359
70500,18,-0.053821313240043
75224,43,0.0207156308851224
89659,23,-0.0680473372781065
35124,15,-0.1156488549618319
71191,15,0.0783847980997625
10853,57,-0.1326707000864304
22323,60,-0.323943661971831
10026,38,0.0250329380764162
10812,30,-0.0331010452961672
10909,18,-0.0210880195599021
88779,13,0.0016694490818029
90441,41,0.0146371846776705
75222,6,-0.0132097334878331
10860,60,-0.1141552511415525
10443,60,0.0365769496204277
10032,30,0.0243317340644277
70308,43,-0.0722130430556906
85570,34,-0.217687074829932
11701,57,0.1466848319709355
10001,37,0.001945525291829
75215,57,-0.0471599245441207
77453,67,0.0767333516031789
10838,13,-0.1666666666666666
11292,8,0.0217113665389527
87816,34,-0.0671140939597315
64390,18,-0.0027461749705766
65294,57,0.0177144379328715
12173,37,-0.0984455958549223
11378,58,-0.0764119601328903
11403,27,-0.0429610046265697
11478,44,-0.0228584622489033
85991,65,-0.0163322445170323
11481,37,-0.533266129032258
75470,70,0.0403693779210116
11552,41,-0.0539425798625151
75107,27,-0.0004636068613815
11547,67,-0.0513209839052536
89048,13,-0.0351634793337446
11600,58,-0.0191570881226053
75104,6,-0.0129423660262891
11043,57,-0.0376344086021505
11654,23,-0.0553278688524588
11638,25,0.0323239197005784
11641,60,-0.0956196581196581
11394,4,0.1539447816052654
75526,60,-0.0343955488113303
11533,67,-0.0662184189079054
11707,46,0.0152616279069768
11775,10,0.0060606060606061
11781,60,-0.1504854368932039
75233,44,0.0105919003115264
75186,26,0.0689828801611278
11809,23,-0.1166083916083916
11731,67,0.0390674228103338
11825,60,-0.1006191950464396
75261,8,-0.088
75272,65,-0.0217864923747276
88197,28,-0.0004353504571178
11599,28,-0.0087582108226461
85789,30,0.0314685314685314
11618,57,-0.1224607129168263
11896,31,-0.0579857578840283
84769,38,0.0005134788189986
10180,33,-0.069511355815554
11884,70,-0.0486991327551701
75182,27,-0.0053397549994765
75577,44,-0.0069235400361227
75241,6,0.0437699050886866
75320,37,-0.0758186397984888
75285,57,-0.0431290378906933
10901,10,-0.0097710776102736
75316,57,0.0177181208053689
11891,59,-0.025708635464733
11955,58,-0.0381588361554973
84176,27,0.1413919413919413
11752,60,-0.0204819277108433
81774,34,-0.1107890499194848
12149,34,0.0240849310727302
12248,15,-0.0389171719135389
75573,65,-0.1224489795918367
75326,34,-0.2674418604651163
84387,43,-0.0470085470085469
17743,58,-0.0026848913839394
12226,65,0.114018691588785
78664,46,-0.0952184666117066
87137,23,-0.0874230430958662
12062,58,0.0061312694743189
12190,45,-0.0476190476190476
80926,60,-0.0940860215053763
12209,27,-0.0085665334094804
75432,26,0.0247191011235956
11992,28,-0.003832886163281
36346,28,-0.0185873605947954
85269,27,-0.1442284026581344
92029,6,0.155968992248062
12169,60,-0.1782178217821782
75591,67,-0.0225249772933695
82540,34,-0.3903868698710433
75447,34,0.0344827586206897
76573,43,-0.0738292011019284
10375,30,-0.0152777777777778
75694,37,0.0386408058938505
63467,67,-0.0009296560272699
75649,67,0.0296474358974359
75646,31,-0.1532817368579756
75607,18,0.004019651630192
75654,38,0.0064544847540619
12073,37,0.0816696914700545
75603,24,-0.0487671232876713
10051,43,-0.0087746787840802
75825,31,0.0199843516665878
75853,43,0.0601503759398496
75854,15,-0.021235521235521
11131,6,0.0769230769230768
76148,15,-0.0448121337469837
15070,37,0.0048721071863582
75556,23,-0.0082051282051281
86124,28,0.0551146384479717
11628,39,-0.0185387131952017
75831,37,-0.0229405630865485
11748,65,0.0549725137431282
75828,31,0.0
11348,15,-0.0138067061143984
23799,60,-0.0164473684210525
11285,30,-0.0105263157894737
11442,28,-0.0169106511862694
86896,28,0.0507493188010899
11018,9,0.1587561374795416
11513,34,-0.0029411764705882
87952,18,0.1414609053497941
10252,58,0.0470409711684369
89440,18,0.0084175084175084
90086,37,0.0422982023264011
12189,58,0.0651184685391494
11208,31,0.0185601799775028
52936,15,-0.0183117463153194
56611,28,0.0283400809716598
56710,11,-0.0528905289052891
10297,15,0.0898705255140899
12068,28,0.0351796407185629
75860,6,-0.0968971148611868
11786,67,0.0766248869362966
75509,23,0.0849933598937582
81577,37,0.0794739851343624
10932,58,0.0997858672376872
11293,18,0.0550898203592813
11750,23,-0.0538666666666666
11593,69,-0.1708683473389355
69586,15,0.042654028436019
35685,37,-0.0330953926022064
89207,65,-0.0274074074074073
10308,37,0.0878671160327395
77519,37,-0.0268336314847942
92807,57,-0.0986842105263157
83469,30,0.007688828584351
86814,37,0.0714615029967726
92716,37,0.0509107893507707
86384,37,0.0229468599033817
10781,15,0.0325575853852264
84725,9,0.0175438596491226
83642,18,-0.0223420647149461
87759,46,0.0586319218241042
90534,30,-0.0092307692307692
12166,15,-0.0746753246753246
10913,13,0.0116604477611941
77643,30,0.0221914008321775
77379,37,0.0078048780487804
11006,28,0.0559974546611516
86382,23,0.0273972602739727
77889,57,0.021505376344086
11565,23,0.0423901940755875
75714,49,-0.0946808510638298
81620,59,0.1592156862745097
75912,18,-0.0230983671843886
85299,28,0.0061638868745468
89738,47,-0.0416666666666666
77415,37,0.0648893360160967
90561,57,0.0677274581803346
47723,65,0.0202788339670469
83155,37,0.0948655256723716
79851,29,-0.0332749562171629
89211,15,0.0312884947031286
11844,28,0.0125071063104036
89141,67,-0.0461737629459148
76266,37,-0.0041980312680948
91855,37,0.0139914496696462
85726,43,-0.0679933665008292
75906,15,0.0018580453363061
77236,15,-0.023972602739726
11056,16,0.0512820512820513
77528,37,0.0134436401240951
79747,59,0.0284715284715284
89828,30,0.0647682858738134
11397,58,0.0229555236728837
20395,28,0.0252833478639928
84516,37,0.0122914837576819
77300,15,0.0220012693039983
76215,27,-0.0225988700564971
87652,9,-0.0929250263991553
76082,63,0.0093803297328027
76095,15,-0.069879518072289
84184,13,-0.0762229806598406
76963,2,0.0789473684210526
76127,44,-0.0144092219020173
76128,60,0.2708719851576995
92897,34,-0.0207612456747404
76135,30,-0.035644847699287
78981,58,-0.024436446296647
76138,10,-0.0056746532156367
76139,18,-0.0445544554455444
76415,34,0.0193370165745856
76868,27,-0.0048134777376656
88965,31,-0.0243572395128551
89655,37,-0.0949159095302532
76383,22,0.3855421686746987
76392,60,0.1296859169199595
88871,60,-0.0351629502572897
85875,28,0.0367309458218547
76544,60,-0.0148698884758364
83671,38,-0.1057774001699234
76202,23,-0.0334661354581673
76201,67,-0.0255842558425584
87053,34,0.1907270811380399
76207,49,-0.0407336319044573
76360,6,-0.0299387689332903
89369,49,0.038360941586748
90053,34,-0.0060240963855421
77486,34,0.411764705882353
76330,4,-0.04375
76230,23,-0.0684587813620072
76461,6,0.0590762620837808
89948,65,0.1035714285714284
11644,60,-0.0247985120892745
76261,67,0.0555357142857142
76224,58,0.0307692307692308
89100,9,-0.0103321033210332
77256,59,-0.0338129496402878
76279,43,-0.0551849605821709
76477,58,0.0485226693835965
76478,37,0.0080946450809467
90608,64,-0.1852268083367388
79037,25,-0.0819254064392731
78071,47,-0.2447257383966244
76529,28,0.0862146385271667
76515,28,-0.0210268948655256
76504,18,0.0029571217348449
76553,55,-0.0019633507853402
76879,34,0.4965986394557824
88284,27,-0.0267801536225866
76582,9,0.024702447788008
76584,44,-0.0673443456162643
76613,8,-0.0579029733959312
76614,69,-0.0702827848519926
77004,57,0.0386965376782075
76978,47,-0.0454545454545455
76624,23,0.058284762697752
76644,34,-0.0090446579988694
76888,60,-0.0987124463519313
76837,60,0.0016957364341085
76638,15,-0.056280027453672
76661,6,0.2388197325956662
76686,31,0.0089153046062406
76695,10,-0.0307042694052025
76856,27,-0.0854859691507154
76709,15,0.0879427462396895
76934,34,0.100502512562814
76712,37,-0.0172131147540982
76721,18,-0.4363566339302908
76684,23,0.0532399299474606
76732,9,-0.0486255007597733
91403,59,-0.0236443883984868
76736,70,-0.0822399999999999
88031,44,0.1143066495695181
76744,46,-0.003361135316818
76750,31,0.0219055720969798
76788,44,0.2921933085501857
76795,59,-0.0486202365308804
76869,44,0.0117145899893502
76798,8,-0.1160480920020908
76892,58,-0.0161290322580645
81564,37,0.040162980209546
76841,49,-0.093856621590104
89213,58,0.0207355242566511
77235,46,-0.1377245508982035
77037,59,-0.033441709242917
77202,60,0.2755445544554455
77090,18,-0.0022101667671289
77117,33,-0.0304761904761905
77114,27,-0.0586834127327847
77217,49,-0.0699356913183278
77165,21,0.0407847186370675
77182,27,0.0445441988950277
77191,28,-0.1472615161407326
77175,34,-0.0075187969924812
77178,58,-0.0376496534341523
77173,23,0.1385281385281385
77259,60,0.1088262570057658
90464,37,0.0066765578635015
77271,46,-0.0010695187165775
77274,57,-0.0589207048458149
77279,27,0.0795273801408771
77282,6,-0.0555555555555556
77281,65,-0.0073274199768608
77327,31,-0.0463276836158191
77340,6,0.1149851632047476
77338,43,0.0
77366,30,-0.0394160583941605
77393,8,-0.1663157894736842
77461,15,-0.0538668718737975
92871,69,-0.2397567497627879
77413,44,0.0311850311850312
77418,21,-0.0094226486208668
77425,34,-0.0046367851622873
78147,31,-0.1160949868073878
77437,42,-0.0625
77447,27,0.0093850679366858
77496,10,0.0118737069353243
77768,15,0.0072596868713372
77505,29,-0.0285714285714285
77507,37,0.0
77515,23,0.0450704225352112
77520,67,-0.0951865873445105
83738,28,0.0271836007130124
77599,22,-0.2367751557154136
77610,22,-0.0562363605841866
77605,57,0.0032467532467532
77649,43,-0.0542567269519188
77629,67,-0.0163701067615659
77630,13,0.2263766145479264
77660,27,-0.0773757245740383
77661,46,-0.1264367816091953
77668,65,-0.0061171925305858
89810,43,0.0065019505851755
84776,15,-0.1303733031674208
77702,41,0.0375356350966107
87505,28,0.0640910452231207
90352,64,-0.0746819860484202
77763,65,-0.0277361319340329
77780,23,-0.0862290862290862
77785,59,-0.0147356255417508
77868,9,0.1159830268741159
77892,65,0.021419315496608
77900,65,0.1004056795131846
77902,43,0.0493486973947896
77918,38,0.0152401687304395
77917,49,0.0261136712749616
77971,10,0.0143420580853352
78001,60,-0.1045751633986926
78018,69,-0.0553410553410552
78015,60,-0.0295774647887323
78186,60,-0.1353711790393013
78051,69,0.3298214808311384
78062,31,0.0101721439749609
78077,67,0.0083556149732619
78068,11,-0.02200488997555
78066,34,0.1033057851239669
78091,34,-0.0413223140495868
78081,13,0.2504179204279504
78082,60,-0.263157894736842
91402,49,-0.0327919407894736
78189,34,-0.4665876426137206
78139,28,-0.0792520035618878
78172,37,-0.0590858416945373
78170,57,-0.0108839050131926
78211,27,0.0614692653673163
78137,23,0.0815210313842946
78156,60,-0.0642570281124497
78213,23,-0.063157894736842
78840,43,-0.0185643564356435
91128,33,-0.0125812539316417
88944,30,0.0295469468154956
78841,8,-0.0653594771241831
86889,49,0.0876095118898623
78908,59,0.0341997264021887
79033,9,-0.0030401737242128
78875,9,0.0237369687249398
78876,28,0.011308562197092
78916,46,0.0237651066590964
79019,23,0.0125698324022345
79065,60,-0.093525179856115
79006,42,-0.1984732824427482
48653,59,0.044565486506561
78990,15,-0.0124448012846245
78950,10,-0.0395294117647059
78987,15,0.021107456140351
78977,18,-0.0607556891369686
79072,37,0.0860942603826411
79089,27,-0.0272128060263653
79108,31,0.056701030927835
79131,37,0.0493243243243242
79116,58,0.0686372745490979
79133,58,-0.0266220028208744
79103,27,0.0346348185576481
88597,70,-0.0354223433242506
79150,41,0.1517615176151761
79166,28,0.030192131747484
79198,31,-0.2768966995285039
79159,60,-0.0029796011918404
79237,23,-0.0453912004778019
90783,46,0.0316273720529041
79323,43,-0.0024875621890547
79299,41,0.0145894769517305
79248,27,0.00814332247557
79249,49,-0.1049202811589233
83659,60,-0.2151589242053789
79336,21,0.1327977315689981
79265,37,0.1071428571428572
79313,44,-0.0314650934119961
79444,65,-0.0213238560639715
18649,30,-0.049198658218412
79382,67,0.0268670309653915
79399,57,-0.0512147078135259
79666,41,-0.010178117048346
79507,27,0.0940947436729395
79472,34,-0.1562744178777934
79499,60,0.0126582278481013
79545,67,0.0626618971259407
79490,65,-0.0969899665551839
88568,15,0.0377039954980304
82763,45,0.1333333333333333
79491,31,0.0853270871674753
81103,23,-0.0772058823529413
80069,64,-0.0909090909090909
79564,57,-0.0515532055518836
79588,31,0.0285518938875974
85913,15,-0.0390383242085218
79628,6,0.0071311025781677
79668,38,-0.0658559401309635
79731,31,-0.0102498398462523
79724,15,0.0538513974096797
79758,47,-0.1327705295471987
79686,60,-0.059053651266766
79734,65,0.0546218487394958
79702,7,0.0016155088852989
79824,58,0.012
79857,15,-0.0787720133269872
79906,63,-0.0076680198466396
79790,63,0.0895522388059699
79862,18,-0.1028958718422674
79839,23,0.0102380952380951
79791,63,0.0176470588235293
79878,15,0.0103771197165276
79802,65,-0.0694444444444443
79915,34,0.0042034468263976
79841,59,-0.0126386381222595
80223,18,0.0802030456852793
79879,57,0.0565345080763584
79796,23,0.0933062880324544
79884,15,-0.0500863557858376
79859,23,0.0703363914373089
79885,8,0.0052910052910053
80034,59,-0.0024742268041236
80049,44,-0.0142247510668563
80080,57,-0.0238427216954822
80001,57,0.1694915254237288
80012,23,-0.0344827586206897
80007,15,-0.0119760479041916
80050,59,0.0203230849400728
84723,69,-0.0541737649063032
80079,18,0.0249055547782286
80054,31,-0.1058660187434917
80167,6,-0.0241669168417892
80113,31,-0.0645822655048693
80112,4,0.08
80159,9,-0.0655999999999999
76697,18,-0.0015688735487919
80236,15,0.0465994962216624
80204,18,-0.0973126662386498
80254,9,-0.0148588410104011
80191,18,-0.0691870890615661
80193,69,-0.1536231884057971
80237,22,-0.0506329113924051
80266,60,-0.0184804928131416
80361,27,0.0111358574610245
80306,34,-0.0935672514619883
80375,15,-0.0327674694038688
80343,57,0.2321814254859611
80316,37,-0.1813725490196078
80362,30,0.0021922956467272
80368,45,0.0471204188481675
80341,60,0.4766505636070852
80336,15,0.0135514018691589
80357,18,-0.0246913580246912
80303,34,-0.1239193083573487
82541,31,0.0145454545454546
80415,51,-0.1014237288135593
80478,57,-0.0073472544470223
80539,57,0.2196409714889122
46392,23,0.0123099203475742
80587,60,-0.0217391304347824
80569,57,-0.0710116731517508
80524,6,0.0007496251874061
80592,34,-0.0035688793718771
80534,23,-0.0272727272727272
80498,43,0.0199757869249395
80560,49,-0.0406349206349206
80563,43,-0.0383427221515536
80575,30,0.0051247010591048
80621,57,0.0075010715816545
80625,1,-0.0481220657276995
89099,34,0.0223880597014924
80633,13,-0.037889039242219
80768,15,0.0180360721442884
80759,28,-0.0169491525423728
80774,59,-0.0249856404365306
80828,15,-0.0604764813683567
80791,23,0.0648788927335639
80795,60,-0.0581168831168832
80804,26,0.0012345679012344
80808,59,0.0372863801139307
80837,60,-0.0433766613115231
80858,34,-0.2105263157894736
80928,43,-0.0484446710861804
80924,49,-0.0387374461979913
80955,31,0.0275862068965517
80864,67,-0.0031929451117529
80918,13,-0.0463467829880044
80943,4,0.1116751269035531
80951,31,0.1548556430446193
81010,49,-0.0036882807852468
80960,56,0.088
80957,6,-0.0597648595689093
80969,44,0.1063829787234043
80990,70,-0.0358534684333593
81084,47,-0.1236263736263736
81095,23,0.0895161290322579
81055,31,0.0308550795995405
81182,65,-0.1063636363636363
81162,37,-0.0070351758793968
81184,65,-0.0697380877248343
81173,23,-0.104253544620517
81128,34,0.0179390905298288
88379,60,0.3045404208194906
90359,58,0.0422297297297298
81148,63,-0.0492753623188406
88865,47,0.1226175349428209
86993,23,-0.026378896882494
85205,65,-0.0251572327044025
81220,18,-0.0784415584415585
81241,57,-0.0863849765258215
81256,59,0.0129390018484287
81259,31,-0.0242290748898679
81254,23,-0.0169014084507043
81292,28,-0.0423775454045131
81282,9,-0.0006450225757901
81278,10,-0.0181340341655715
91731,57,0.0533525594808941
81298,15,-0.0028901734104046
81501,30,-0.0161971830985914
87532,58,0.0460526315789473
81540,43,0.0323594674556213
81566,15,0.2532637075718014
81541,58,0.0505684045472363
81546,9,0.0782608695652173
81560,63,0.023976023976024
90470,37,0.1086215294690697
81588,23,-0.0738073807380738
81533,57,0.0495516753185463
81539,60,0.0679611650485436
81565,57,0.003157894736842
81584,30,0.0075075075075075
87476,30,0.0266940451745378
81624,34,0.4468503937007873
81621,15,0.0409836065573769
81705,70,0.0140258297458684
81736,18,-0.0597916666666665
85332,30,0.0169727323316639
81740,49,0.0865704772475026
81761,34,-0.2916666666666666
81857,67,0.0047642516839165
81696,9,0.1032693305656462
81666,44,0.0251677852348994
81665,60,-0.0248704663212435
81677,10,-0.5143168802836107
88719,15,-0.0108303249097472
81776,11,0.0123915737298636
89611,45,-0.1059999999999999
81893,15,-0.0102564102564102
82251,23,0.0013654984069186
81850,60,-0.1541666666666666
81869,60,-0.0736196319018404
82171,57,0.0657356675130294
81925,60,-0.1323003575685339
91262,15,-0.0573028866867729
82212,44,-0.0194761584956346
82179,37,-0.0332541567695962
82176,57,0.0870712401055409
82234,23,0.0497512437810945
82281,34,-0.1782945736434108
82272,67,-0.0134654745233222
82266,60,-0.0318181818181819
82287,49,0.0785282811641954
82261,65,-0.0122850122850124
82508,9,-0.1629283489096573
82298,37,-0.00029065542799
82518,37,0.0410132689987938
82515,27,0.0186588921282797
82521,60,-0.038
82513,69,-0.1328022697512003
82307,27,-0.0263560893044249
82575,47,0.0533042394014962
82567,6,0.0741301059001511
82581,67,-0.0057119119327033
82618,43,0.0352422907488987
82649,37,0.0378693300041614
82552,37,-0.0587595212187158
82643,15,0.0019665683382497
82546,28,0.0566606389391199
82547,59,-0.0522591181273816
82642,15,-0.0296547654175273
82651,59,0.0345362423741082
86042,6,-0.1668237511781337
82634,46,0.1164616592515046
82638,57,-0.0881195908733282
82573,28,0.0524632117722327
82587,34,0.1791666666666667
82607,10,0.0061282556358066
82599,15,0.0149145143688613
82762,65,0.091324200913242
82779,8,0.0732984293193717
82734,15,0.0071942446043165
82720,34,0.0763787375415283
82686,15,-0.0624417520969244
82759,15,-0.0315789473684211
89736,59,0.0091776798825256
82768,11,0.009433962264151
82702,15,0.0512496045555201
82699,27,-0.0437154989384289
82747,11,-0.0906493506493506
82800,8,-0.1133226324237559
82812,34,0.0118284167022943
82825,60,-0.0650154798761609
82839,34,-0.0387596899224806
83875,34,-0.2215384615384615
86122,34,0.484375
83113,57,0.0176834659593281
83131,34,0.0543633762517883
86098,34,0.744468085106383
87832,23,-0.0062111801242236
83529,49,0.0187573270808909
88177,7,-0.1454545454545454
90710,47,0.0303282093892813
83145,27,-0.011705685618729
87471,4,-0.1269491525423728
91910,57,-0.0491803278688525
83149,23,0.0507584103042115
83120,59,0.0080378250591017
84397,15,0.0141573451049301
91187,63,0.1384615384615384
37381,11,-0.0104166666666666
83111,63,-0.0547243287558926
83124,58,0.0067036523347203
82859,59,0.1085427135678391
83303,6,0.3448275862068966
83307,67,0.0016597510373443
83152,30,0.0142857142857142
83143,28,-0.2575334821428572
83272,58,0.0030294684659872
85406,27,0.0264705882352942
83304,37,0.001824817518248
83244,23,-0.0635721493440969
83390,58,0.0090978013646703
86080,60,-0.0353634577603142
83413,18,0.0131099216507641
83411,27,0.0282752120640905
84215,63,0.0063965884861405
83414,58,0.0093370681605975
83421,60,-0.0448045757864633
83366,60,0.0232169954476479
83382,6,0.0333333333333334
83405,60,-0.0706090026478376
83422,37,-0.0031625553447185
83520,60,0.1138613861386139
83504,22,-0.1897435897435897
83509,30,-0.1342458541721506
83462,43,-0.0406273153865153
83565,31,-0.0639300134589501
83534,49,0.0348027842227378
83503,28,0.0851648351648353
92851,30,0.0959537572254336
88811,41,0.0903247074336575
86091,37,0.0547703180212013
83690,43,-0.0288808664259928
83651,56,0.1222222222222222
89202,31,-0.0618536393184281
83621,59,-0.0187919463087249
83633,21,-0.0119047619047618
83630,11,-0.0237020316027086
83661,9,-0.0472768107804603
83602,34,0.0317073170731709
83683,9,0.0433639947437582
90082,31,0.0700636942675159
83774,37,0.1227436823104695
83779,15,0.0244355088153418
91050,64,0.1368653421633554
83799,34,-0.0871190876799402
83756,34,0.3761467889908256
83916,18,0.0417963539350823
83879,59,-0.0714744275625935
83844,63,-0.0458715596330274
83883,6,0.1802575107296136
83862,22,0.0895008605851981
83910,44,0.0161691542288557
83906,67,0.0061042274052478
83885,22,-0.1543624161073825
83903,23,0.1006493506493506
83831,65,-0.0666666666666666
83969,37,0.019622641509434
92530,18,0.0452978828163466
88436,15,0.0134986225895317
83950,65,-0.0913520097442144
83961,30,-0.0680119581464873
83965,57,0.0951156812339331
88905,6,0.0246305418719212
84026,57,0.0236966824644551
89758,37,0.0504999999999999
84103,15,-0.0895295902883156
89425,18,0.0146804835924005
84062,15,-0.0117208311134788
84636,28,0.0143084260731318
85996,47,-0.0738668158925573
84042,9,-0.0488944254126439
84010,46,0.0326722784990725
84060,10,-0.122765586397326
84041,58,0.0193174500965871
84032,57,-0.0199146514935987
84168,15,-0.0062794348508634
84203,67,0.2980849292256453
90666,57,-0.0223214285714287
84234,70,0.2043032374824049
84281,31,0.0418181818181817
84172,46,0.0394557823129251
84262,30,-0.0286644951140064
84210,15,0.0126966602263318
84348,27,0.0199828718241505
84325,27,0.1117021276595744
84365,15,-0.0836767036450079
84342,34,-0.1121157323688969
84364,67,0.0209171359613837
84302,34,-0.1513888888888889
84320,44,0.1316333563059959
84373,15,-0.0195666235446313
84319,49,0.0234210021117295
84331,63,-0.0098345999105946
86440,15,0.0030303030303031
85176,46,0.1274758760792278
88984,22,-0.0093457943925233
84438,57,-0.036055469953775
84385,58,0.0046419098143235
84413,41,-0.1400778210116731
84511,55,-0.2987239993008216
84531,23,0.1104699093157459
84563,28,0.0040624331836647
84555,60,-0.0171566514354686
84624,60,-0.1147286821705426
84606,43,0.0445901639344261
84389,43,0.0067932067932068
84597,18,0.0362627986348123
84737,23,-0.0717401841977702
84749,8,-0.0151975683890577
85211,13,0.0117302052785923
84761,31,-0.1003605769230768
84607,22,0.0526315789473683
84656,67,-0.0136375223043587
84734,64,-0.0035688793718771
84780,30,-0.0925925925925925
84827,34,0.0901015228426396
84788,27,0.0315378517259341
85035,15,-0.0308250226654578
85002,13,0.076067892503536
85072,67,-0.0077102632931634
85067,67,-0.0020099155835453
85013,39,0.1114369501466274
85077,44,-0.0186721991701244
85020,27,0.0347163420829805
85059,18,0.0795947901591895
85168,31,-0.0343671416596814
92245,31,-0.0276625172890733
85187,8,-0.0813333333333333
85177,49,-0.0036275695284159
85173,59,0.007554945054945
87364,60,-0.0635593220338982
89022,15,0.0297872340425531
85198,58,-0.0073310423825887
85246,58,-0.0075138843515191
89038,39,-0.0022727272727274
90942,34,-0.2188679245283019
85280,65,0.1040530007794231
85291,57,-0.0132708821233411
85319,31,-0.0162728837427632
89898,57,-0.097560975609756
85401,34,-0.2386058981233244
85349,11,-0.026243093922652
90012,65,-0.0589992531740105
85333,22,0.123076923076923
85348,57,0.0234686346863468
85372,58,-0.0962052378407268
91908,11,0.0185961538461538
89270,65,0.0326083412136823
89292,28,0.255591054313099
90875,60,0.0193905817174515
85418,30,-0.0566489361702128
85502,34,-0.1737142857142857
85482,37,0.0240328253223915
85440,16,0.0383586083853701
85488,59,0.113762102351314
88635,15,0.0026246719160105
85517,15,0.0053191489361701
85432,15,0.0106761565836297
87139,15,-0.048931771192281
85424,43,-0.0017689331122167
89615,69,-0.0207999999999999
87837,31,0.0443037974683542
85427,9,0.0122738001573563
85419,69,-0.0895238095238095
85496,23,0.0156918687589158
85540,65,0.0635593220338983
85621,43,-0.078163615786842
85627,9,-0.0715854194115063
85539,47,-0.0831460674157303
85571,34,0.1206030150753769
85798,57,-0.0739064856711916
85593,38,-0.0003658536585365
85567,31,-0.2046972139074372
85576,31,0.0413223140495868
85522,44,0.1413748378728925
85526,65,-0.0943635212159594
85686,65,-0.0243055555555554
85725,41,0.1610416666666665
85675,67,-0.0121024486349563
85559,9,0.0276923076923076
85645,43,-0.0366999412800939
85710,58,-0.049894588896697
85663,49,-0.12192118226601
91911,23,-0.0400745573159365
85728,65,-0.0548204158790169
85883,15,-0.0719999999999999
92878,57,-0.0097731644654454
89938,31,0.0324853228962818
92557,1,0.0421455938697319
92320,46,0.1322314049586779
85731,37,0.0608254887762491
85751,9,0.0280830280830282
85656,37,0.0201465201465202
88183,65,-0.0053151100987092
85744,34,-0.1237864077669903
85753,63,-0.0505952380952381
85768,39,-0.2057245080500893
85724,34,-0.0268456375838926
85738,60,0.0549199084668192
85792,67,-0.0673246387028551
85839,67,0.0344129554655869
85966,16,-0.046218487394958
85886,70,-0.0798094103633114
85889,31,-0.1571187868576241
92560,22,-0.2323232323232322
88384,4,0.1473317865429235
85931,43,-0.0551694178974804
85903,44,0.1168
85804,37,0.0067529544175577
85739,23,0.090909090909091
88203,15,-0.0083532219570405
85963,15,-0.0588972431077693
86102,58,-0.0093964582580412
86111,31,-0.0599948612538541
87014,58,0.0795040116703136
85860,23,0.0235849056603771
85863,58,0.0403520425107937
87488,23,-0.0089869281045751
32687,57,-0.0841584158415841
85829,15,-0.0036900369003689
87501,6,-0.0836363636363636
87508,13,-0.0223517978620018
88820,30,0.1391786179921774
89530,63,0.0168573148705599
88951,57,0.0049792531120331
85939,23,-0.017684887459807
85951,43,-0.1776556776556775
90603,16,0.0191713048855906
85953,65,0.2832929782082325
86302,58,0.0370370370370369
87614,37,0.0524722502522703
85994,23,0.030706243602866
89821,39,0.0564292321924144
85992,41,0.028388644542183
85972,60,0.0312674483528754
86047,23,-0.0726872246696035
89681,15,0.0348051948051948
90331,47,-0.0295748613678373
90544,47,0.0300498753117206
86073,49,-0.0876424189307626
86062,65,0.0153139356814699
86026,9,-0.0207165488666829
86021,30,0.0076389705018216
86083,34,0.0804597701149427
86097,57,0.0223658051689861
86051,60,-0.0492957746478872
86113,15,0.0218579234972677
86048,18,0.0297619047619048
86196,6,0.0538185085354896
86128,59,-0.0139251523063533
88341,39,0.0419271484537802
86211,23,-0.0494097070397901
89279,15,0.0120986505351325
87404,60,-0.0124359912216531
86150,60,0.0274725274725275
87318,43,-0.0057752110173256
86157,67,-0.0404624277456646
92919,11,-0.1974683544303798
86158,15,-0.0310904872389792
87067,37,0.0966122961104141
88836,34,-0.108433734939759
86199,37,0.0410557184750732
86155,57,-0.0862533692722371
86178,65,-0.0126448893572181
86288,41,0.1543691083087379
90221,15,0.0100200400801602
86228,30,-0.004692082111437
88257,23,0.0229885057471264
89643,31,-0.08
86240,15,0.4093919325707404
86299,47,0.1369193154034231
86236,28,-0.0162962962962963
86250,31,-0.0330250990752972
88516,57,0.1019108280254776
86233,55,-0.2064952638700946
86260,34,-0.1021276595744681
92935,60,-0.1409836065573769
86728,69,0.1247464503042596
86312,15,-0.0084699870337884
89419,31,0.0327332242225857
87160,41,-0.0715532286212914
86305,67,-0.0407264722069345
86339,31,0.016
88850,34,-0.12
86362,15,-0.0298245614035087
90733,34,0.1932624113475178
86356,27,-0.043992606284658
88940,49,-0.0142622051563358
86868,57,-0.0668188548864758
87658,65,-0.0848329048843188
89109,63,0.0033898305084747
91431,34,-0.0076923076923076
90914,11,-0.005081300813008
86435,49,0.0833333333333332
86432,58,0.0339389099620681
86489,47,0.1291122127084272
86544,41,0.0158904109589039
86525,27,0.00805152979066
86531,31,-0.002044989775051
86526,4,-0.0642857142857141
86533,18,0.0171513795674869
87069,65,0.0160680529300567
86573,37,0.0274725274725275
86578,31,-0.0356164383561643
90591,18,0.0451866404715128
87342,13,-0.144278728606357
86582,37,0.0152173913043478
86547,46,0.0472175379426644
89143,21,0.0089593383873192
91608,65,0.0467836257309939
86560,57,0.0172413793103447
86719,59,0.0436432637571158
92094,11,0.0089020771513352
86709,47,0.0790909090909091
86715,34,-0.1351351351351349
86595,57,0.0827586206896551
86717,59,-0.0846905537459283
86720,41,0.0331753554502369
90590,15,0.1172205438066464
86725,43,-0.001349527665317
86759,34,-0.2432432432432433
86763,69,-0.0324543610547667
86778,15,-0.0571936056838365
86783,46,0.0282860327178491
86810,46,-0.1454021954291884
86820,60,0.0240303541315345
86840,15,0.0530973451327434
86822,15,-0.0337078651685394
86819,60,-0.0843989769820972
86827,60,0.1603053435114503
86799,23,-0.2185697808535178
86830,30,-0.037953795379538
86899,18,-0.0178966418660766
86916,13,0.0646551724137933
92318,37,0.0123796423658872
86924,23,-0.0606060606060605
86926,67,-0.0136698212407991
86876,38,-0.0848370589819554
86946,15,0.0054042818540842
86964,44,-0.1731763009253695
86949,18,0.0671111111111111
86990,8,-0.0582524271844661
88368,15,0.0379061371841156
86996,63,-0.0152783313405073
87006,18,-0.0100767032636487
86989,34,0.0866666666666666
87000,49,0.0332887384905957
86965,30,-0.0563813429010764
86977,45,0.2405263157894734
86979,60,0.0891144952058655
87016,15,-0.0156555772994129
87077,27,-0.0717689935520045
87020,18,0.0963326446280992
87121,6,0.0040214477211797
87066,27,-0.0113636363636362
87075,27,0.0396184886280264
87056,46,-0.1110047846889952
87034,43,0.0085950929832787
87086,31,0.0587301587301587
89481,65,0.0478468899521531
87162,6,0.0164203612479474
87167,57,0.0264721772015128
87165,33,0.1255487269534678
87179,18,-0.0414784394250513
87173,34,-0.0546650226058365
87172,65,-0.0202702702702702
89529,34,-0.04
87227,33,0.1980074719800746
87264,41,0.0299401197604789
87261,15,0.1130690161527165
87267,31,-0.0800501403993503
87345,26,-0.040983606557377
87268,43,-0.0046966731898239
88475,59,-0.0271164021164019
87361,15,0.1568894952251023
87269,23,0.0238961038961038
87277,60,0.0041666666666668
87356,37,0.0585215605749487
87302,23,-0.0418118466898954
90358,31,0.0082476307556811
87299,43,-0.0774067649609714
87321,11,0.1012345679012345
87337,34,-0.0005260389268805
87379,57,0.0161042944785276
89597,34,-0.1103603603603603
87439,34,-0.3902439024390244
87430,60,0.1153184165232359
90808,6,0.0459050599895669
87394,46,-0.1373697916666666
87415,59,-0.0864600326264274
87424,16,0.0666666666666666
87373,34,0.0304878048780488
87510,31,-0.0675990675990676
87445,38,0.0016835016835017
87496,58,0.0831721470019342
87494,6,-0.0216216216216216
87498,4,-0.0454545454545454
87487,44,0.0679963735267452
87525,27,-0.0861398963730569
88926,31,-0.0001176470588235
87632,11,0.0169082125603865
87541,10,-0.0008163265306122
87589,9,0.1448087431693989
87602,34,-0.1025641025641026
87771,60,-0.0656660412757973
87612,60,-0.0487804878048779
87797,65,0.0108695652173913
87752,60,-0.004314063848145
87825,31,-0.0633802816901407
87814,47,0.0465116279069768
87785,34,-0.0263157894736844
87812,15,-0.038095238095238
87657,37,0.0111345170027086
87659,67,0.0501514993208651
87789,15,0.0695381421899326
88207,27,-0.0625948406676782
88152,37,-0.0766433566433567
88167,33,-0.0545182972367438
88468,31,-0.0439330543933054
88173,31,-0.088235294117647
88174,23,-0.0308441558441558
88195,16,-0.02375
88159,60,-0.0619834710743801
90354,34,0.1291866028708135
88370,60,-0.1250000000000001
88246,57,0.204878048780488
88182,30,-0.0560747663551401
88260,22,0.1362126245847177
91171,57,-0.0393939393939393
23887,60,-0.0229191797346199
89572,23,0.1544424567680382
88534,63,-0.1677503250975293
88264,57,-0.0623052959501557
90071,57,0.0462382445141065
88343,31,0.0631286853971557
88319,16,-0.0055144162596502
88352,31,0.0172893895845476
88331,59,-0.0097813578826235
88335,34,0.0325814536340851
91040,8,-0.09438202247191
88281,58,-0.0526437312398984
88313,23,-0.0296465222348916
88280,58,0.0346626910175178
88332,37,0.0086206896551723
88287,15,-0.0395095367847411
88439,43,-0.0993282149712092
88417,44,0.1374999999999999
19675,57,-0.0398878155188533
88466,4,-0.0779816513761469
88485,33,0.32829373650108
88421,13,-0.1289592760180995
88446,27,0.0642775881683732
88511,57,-0.151595744680851
88542,34,-0.0650887573964495
88504,58,-0.0229885057471266
88497,33,-0.027906976744186
88545,51,-0.0450170754424091
88574,60,-0.0085106382978723
88564,28,-0.0716049382716049
89617,43,-0.0884326885116462
89395,43,0.0243027888446214
48506,70,-0.0829319686935581
88648,60,0.0396039603960396
88739,15,0.0205640423031727
88620,29,-0.3391089108910891
88615,67,0.0180068301769635
88661,57,-0.0200823892893923
91360,57,0.0015698587127157
88740,23,-0.0547169811320754
88750,31,0.1704834605597962
89685,34,-0.1350649350649351
88817,46,-0.0357963875205255
89576,11,-0.1210526315789474
89925,11,-0.0909090909090908
88792,15,-0.0105263157894737
88807,34,0.1549707602339183
88786,49,-0.044868735083532
88860,10,0.0360839160839161
88949,46,-0.0833333333333333
88839,58,-0.0748031496062991
90029,4,-0.578544061302682
88908,15,0.0116550116550115
88892,65,0.2391304347826088
88897,10,-0.059492385786802
92601,60,0.0129081245254365
88991,34,-0.2557193695983731
88895,57,0.0881953867028493
89004,15,0.0003593244699964
90238,60,0.0531400966183577
89290,27,-0.0654386815317498
89006,23,-0.03206106870229
89110,18,0.133480419194705
88970,23,0.0082191780821918
89046,67,0.0471434278865361
88994,8,0.125
88987,11,0.0138364779874213
89642,18,0.0441079657669518
89031,41,-0.1022128556375132
89002,41,0.0222485741713251
89014,58,-0.0206949806949807
90176,64,-0.0054054054054054
89167,60,-0.0095969289827254
89036,57,-0.0312278211497515
89044,49,0.005455537370431
89215,6,0.0694548170276325
89070,67,-0.0454719144058082
89327,70,-0.0266990291262135
90175,42,0.0877931449188214
89413,47,0.0969515242378808
89203,15,0.0348418860064381
89179,59,0.0632714044432896
90223,37,0.0517241379310344
89244,4,0.0032715376226826
89269,27,0.0597979797979797
89168,60,0.008
89217,31,-0.0042934249263983
90643,34,-0.0117187500000001
90204,34,0.1779141104294479
89230,8,-0.0422204847537137
89252,57,0.0935672514619883
89262,23,-0.0691489361702126
90081,44,-0.0648246546227416
91379,55,-0.3249999999999999
17279,34,0.0292177191328935
89297,27,0.0240087304474354
89353,15,0.0128824476650564
89321,34,0.0
91015,37,0.0313111545988256
92174,8,0.0
89409,18,0.0112994350282484
90192,33,0.0559179869524697
89332,60,-0.0935672514619883
90778,44,0.3534482758620692
89424,31,-0.058132469110796
89387,65,-0.0187699680511181
89394,46,0.0879629629629628
91975,58,0.0324780772978239
90280,7,-0.2383966244725739
89445,42,-0.0772727272727273
91665,58,-0.0578313253012048
89567,33,0.0784313725490197
89920,24,-0.0296377607025246
91152,27,0.0730320963017046
91727,49,-0.0170709793351303
89753,60,0.1460101867572156
89471,6,0.0282131661442006
89453,10,0.0508474576271187
91269,34,0.1200000000000001
89406,21,0.0077427039904705
89626,34,0.1180627116148975
89443,15,0.0042115114646701
89916,69,0.2664285714285714
89533,31,-0.0582824343218778
90601,67,0.0422759059122694
89452,34,-0.0734501347708894
89482,57,0.0311313591495823
90313,60,-0.0057915057915056
89941,22,-0.0514961725817674
90067,10,0.0284505959246443
89876,70,0.0277507978354378
89653,30,0.0367936925098553
89826,27,0.004074241738343
89574,70,0.0089315032508043
89546,43,0.0449288256227757
89509,44,-0.0734245794126035
89573,65,-0.0122453192944425
90436,65,0.1260623229461757
90492,65,-0.1296928327645052
16852,11,0.0095558589161561
89781,27,-0.0164021164021163
89698,34,0.0735930735930736
89796,37,0.1117647058823529
89793,60,0.0414979757085018
89800,15,-0.0823317307692308
89770,34,-0.0030769230769229
89799,31,-0.0136612021857923
89798,16,0.0272727272727273
90080,37,-0.0008431703204047
89824,41,0.1035660091047041
90007,15,-0.0087489063867016
90716,57,0.0925619834710744
89901,23,0.0004341219882788
89866,57,0.0518790849673203
89889,65,-0.0779220779220779
89964,41,-0.0760368663594469
89922,57,0.0024096385542169
89877,60,0.0
89913,27,-0.0256629597946962
90400,69,0.1277108433734939
89905,31,0.0965058236272877
91086,31,-0.0137518684603886
89973,60,-0.1230899830220713
89971,22,0.0383159886471144
90038,59,0.0235223160434256
89952,15,-0.031285812514325
89904,3,0.0237598999583159
89960,60,-0.0396215257244235
90052,27,0.0487766377269138
90088,65,0.0397236614853193
90129,65,-0.0498374864572048
92636,34,-0.0909090909090909
90333,69,-0.0547822182308037
90085,15,0.0320284697508896
90126,20,8.641666666666667
90490,38,0.0431454418928323
90454,46,0.0781826568265682
91977,31,0.1831132731063236
92282,29,-0.0697831978319782
90210,31,0.0054173354735151
90248,69,-0.0188965749957821
91901,37,0.1285714285714287
90232,60,-0.0685534591194968
90425,31,-0.0203327171903882
90110,23,0.1046712802768166
90275,34,0.1153510830930186
90700,2,0.0314083080040528
90319,27,0.0105048102655176
90533,23,-0.0305291723202171
90708,58,0.1279441698168071
90325,34,-0.1142857142857142
90427,38,0.0579281183932347
90292,60,-0.0468227424749164
90447,11,0.09375
90614,34,-0.1666666666666666
90288,64,0.0050251256281406
90466,65,0.0982456140350875
90227,27,-0.0028493894165536
90314,23,-0.0508905852417302
92453,60,-0.0858823529411764
90353,10,-0.0810286268801552
90515,37,-0.097534833869239
92132,15,0.0712387028176502
90421,37,0.0543893129770993
90423,6,0.0996004566210047
90312,70,0.0322269807280513
90536,37,-0.0393120393120393
90090,43,0.0756672713138117
91400,65,0.002625
19721,58,-0.0056772100567721
90901,37,0.1037037037037036
90411,34,0.0306748466257669
90098,13,-0.1272189349112424
90538,34,-0.2972972972972972
90455,31,-0.0187220187220187
90274,59,0.0038669760247487
90535,60,-0.0731543624161074
90249,38,-0.0158539032711217
90444,23,0.0306748466257669
92332,34,0.0101010101010101
90404,23,-0.0019011406844106
90416,23,0.0137931034482758
90833,43,0.1618839675608234
90371,57,-0.0690184049079754
90488,69,0.0095057034220531
90476,49,0.0613026819923372
90487,15,-0.0093189964157704
90496,23,-0.1260162601626017
90568,49,0.0092165898617511
90505,9,-0.0858376511226252
90600,37,0.0595959595959596
90637,57,0.1347031963470319
90718,23,0.0651629072681703
90540,58,0.0082730093071354
90417,65,0.0017857142857145
90409,38,0.0342205323193915
90548,34,0.0471204188481675
90803,37,0.0235155790711345
90964,13,-0.2311827956989247
92521,33,0.2024115755627009
90520,67,-0.0921985815602838
90440,38,0.0114613180515759
90564,46,-0.0085062946580469
90605,6,-0.0563600782778865
90550,23,-0.0442857142857141
90569,67,0.0383105455529984
90558,43,-0.148586118251928
90734,37,-0.1095952705775352
90547,34,-0.215568862275449
91500,67,0.0078418002045688
90482,37,0.0451189499589828
90494,60,-0.1041205139565796
90948,64,0.0509259259259258
90711,30,0.0030674846625766
90634,49,-0.0213583938487825
90672,23,-0.0633958103638369
91018,27,0.0728163541138706
90664,41,0.0777724435909745
90742,63,-0.1139072847682118
84553,34,-0.0725388601036268
90849,27,-0.0394539453945393
90720,33,-0.1127596439169139
90636,23,0.0012422360248447
91114,18,-0.0726256983240224
86165,48,-0.093394077448747
92571,34,-0.0373134328358208
90993,67,0.038256992099936
90763,10,0.0045398266611638
90665,16,0.0159165751920966
90735,34,-0.2351233671988389
90786,18,0.0546378653113088
90730,15,0.0321903428971308
90885,44,-0.0515151515151515
90752,57,-0.0182054616384915
90824,37,-0.0078585461689586
90792,59,0.0123456790123457
91605,65,-0.0438475665748393
90791,38,0.0491606714628296
90856,57,0.0497237569060773
90871,46,0.0776785714285714
90867,41,0.0142375113159409
90984,6,0.219628394473559
90776,27,0.0768707482993198
90722,37,-0.0181818181818181
90814,44,0.0685335298452467
90779,6,-0.2102676133260512
90829,31,-0.1019062053882381
90831,67,-0.0102310231023102
90775,18,0.000916310323763
90966,23,-0.0873108265424912
92619,15,-0.0429936305732484
90868,65,0.1265151515151514
90795,27,3.993311036789297
91141,64,0.0131795716639209
90805,38,-0.0206669202485103
90952,18,0.0657229524772495
90961,33,0.2795969773299747
90862,16,-0.4894117647058823
91033,34,0.2036613272311211
92681,65,-0.1386138613861386
92227,9,0.1487130600571973
91286,34,-0.3448275862068964
90971,21,0.1769754365196805
91032,43,0.0989454094292803
90956,34,-0.1247357293868923
91594,30,-0.0060157334567328
90825,65,-0.1104895104895105
90926,60,-0.1067415730337077
90870,67,0.0610702614379086
90963,43,-0.0456822870615972
90940,27,0.0309985802176999
91349,47,-0.0226860254083484
90951,9,0.0202898550724637
90900,21,-0.1311138512124947
90957,37,0.0236559139784946
90958,39,-0.06408
91356,67,-0.3831353919239906
90988,18,-0.0673721340388007
90989,37,-0.1295215869311552
91020,6,0.0429546366920914
92044,41,0.38503964150293
91090,31,-0.0646258503401361
90978,39,0.0719834282755049
90979,31,-0.0369354838709676
90969,22,-0.0883838383838384
91967,60,0.0829787234042551
91488,34,-0.0321100917431194
91075,46,-0.0144117647058824
91083,57,0.0489510489510489
91408,26,0.0466550371662537
91891,49,-0.0290322580645162
91073,69,-0.1588252921786034
91063,43,0.0324783730459856
91192,39,0.0101010101010101
91507,69,0.0114068441064638
84185,6,-0.1254125412541253
91041,43,0.1388684790595151
91515,4,-0.1014772323468196
91099,37,0.0054978619425778
91080,6,-0.0585344057193922
91068,6,0.0092798060941827
91096,15,0.2011922503725782
91088,34,-0.1395348837209301
89003,43,-0.0458797327394208
91603,27,0.0808356039963669
91100,31,-0.0926163038839094
91176,44,0.0086120689655171
91095,33,-0.1334666333416645
91151,18,0.0172899830858861
91186,22,-0.1150054764512596
91428,34,0.0025706940874035
91234,6,-0.0919842312746386
91627,15,0.0480349344978165
91201,42,-0.2558485651830148
91348,23,0.0512820512820513
91237,22,0.032846715328467
91215,49,-0.2012212045517624
91359,60,0.0161775465409317
91395,34,0.0063694267515923
91366,59,-0.015311004784689
91350,23,-0.0690954773869346
91167,31,0.0438775510204081
91299,6,0.0379464285714286
91363,49,0.0509090909090907
91463,46,0.0832916993790591
91371,23,-0.0503378555340213
91357,15,-0.0121341898643825
91491,47,-0.0191846522781774
91283,13,0.0738636363636362
91472,34,0.0107142857142856
91579,18,-0.0997229916897507
91514,15,0.0993132593766508
91485,60,0.0064683053040104
91503,15,-0.0030487804878047
91446,22,0.1172839506172838
91391,60,-0.0398505603985055
91432,18,0.0009225092250921
91614,67,-0.0674179517595887
91468,18,0.0451077943615259
92506,15,0.014170996693434
91434,16,-0.1040925266903914
91392,27,-0.0153131452167928
91413,67,-0.0110775427995971
85208,27,-0.0713278827177896
91618,31,0.1454081632653061
91659,10,0.1457139768673656
92040,34,-0.3003003003003003
91355,60,-0.0774410774410774
91405,23,0.0193548387096773
91407,31,0.0651026392961875
91397,30,-0.0082159624413146
92093,13,0.0396694214876034
91461,44,0.0445665445665446
91416,10,0.0312876052948256
92682,20,-0.0463320463320462
91486,27,0.1471070988920804
91611,34,-0.1761807585534903
91742,33,-0.2989130434782608
91495,4,0.025563909774436
91615,55,-0.1341463414634146
92054,11,-0.0077821011673151
91622,58,-0.0458536585365854
91501,28,0.0259505129752564
91625,65,0.0168918918918918
90077,20,0.2537313432835821
92773,70,-0.0746128578132332
91516,58,-0.0804310178949393
91683,6,0.0160078405749755
91623,8,0.0604651162790697
91668,6,0.0241146711635751
91613,34,-0.1608187134502923
92456,2,-0.0459770114942529
91571,23,0.0154929577464788
91616,34,0.4426229508196722
92921,65,-0.0024874996859217
92589,22,0.4986666666666666
92252,45,-0.0197368421052631
91630,34,-0.0917874396135265
91658,38,-0.0496355432141617
91678,60,0.1333333333333333
91754,44,-0.0153061224489795
91666,57,-0.052060737527115
91650,30,0.1272489368662086
92035,37,-0.0052750565184627
91741,8,0.0280112044817928
91743,30,0.0228310502283104
91661,34,-0.0525069088037899
92449,6,0.0416666666666667
91883,59,0.1776777300806198
91736,30,-0.0079840319361277
91822,30,0.0168573148705599
91907,8,0.0320077594568379
91836,60,-0.011320754716981
91688,43,-0.0117219078415521
91692,27,-0.0552897395002657
91826,34,-0.0725806451612903
92232,65,0.112945264986968
91814,23,0.0669144981412639
91959,23,0.0018281535648996
91854,37,-0.0823789154132744
91956,65,0.011111111111111
91968,37,0.0200364298724953
92091,4,0.1214953271028036
91900,4,-0.1845018450184502
91905,23,-0.0839285714285713
91909,34,-0.0642201834862384
92421,34,-0.0793036750483558
91849,18,-0.0206337509211497
92101,11,0.0066225165562914
92210,10,0.1164323374340947
91915,25,-0.0483980913428765
91979,21,-0.078577013291634
92052,60,0.0067567567567565
92207,60,-0.0024752475247524
92034,15,0.0796703296703296
92050,10,0.051908908238446
92345,60,0.0454545454545454
92038,23,-0.0089686098654708
92095,63,0.01329534662868
92096,49,0.0111814035603943
92195,23,-0.0175438596491228
92201,37,0.0210823472881254
92097,60,-0.0506329113924051
92021,58,0.016067190067555
86812,10,0.222984562607204
92150,57,0.0625
92143,46,0.0352575181472518
92102,15,0.2330637007077856
92229,10,-0.0554134697357203
92220,23,-0.020785219399538
92177,22,0.0243745991019885
92239,44,0.0007171886206072
92758,34,-0.0674157303370786
92805,34,-0.0696357803359125
92184,57,-0.1121076233183856
92188,43,-0.0096791302041898
92296,27,0.0021052631578946
92172,37,0.0210643015521065
92183,47,0.0635761589403973
92243,34,0.093959731543624
92221,70,-0.0598499389286337
92257,65,-0.0580708661417324
92223,65,0.0081043684522632
68145,47,0.0957642725598528
92293,58,-0.0990134529147982
92302,60,0.0770777479892761
89756,2,-0.0721003134796238
92402,30,-0.0559023836549374
92303,59,0.0372233400402415
92308,15,-0.0089701907634456
92319,34,0.1650485436893203
92326,49,-0.2453430982327655
92354,57,-0.0383480825958703
92445,22,-0.2673031026252984
92454,34,-0.0120274914089347
92428,15,-0.0231335436382755
92429,22,-0.0246129416435093
92432,43,-0.0235652897144441
92443,23,0.0226876090750436
92395,60,-0.2368421052631578
92448,60,-0.0590318772136955
92460,60,-0.0023364485981309
92493,31,-0.1160834454912517
92464,37,0.0817073170731708
92466,60,0.0689655172413794
92478,31,-0.1304724750758561
92497,69,0.0472602739726026
91136,22,-0.0153846153846154
92467,44,0.0066611157368858
92535,34,-0.2920353982300884
92469,43,-0.0151095441954167
92917,29,0.0020964360587003
92528,57,0.0014598540145986
92523,18,0.0455302609661296
92527,67,0.0533223954060706
92555,30,0.0138740661686234
92558,23,-0.0250809061488672
91365,49,0.0316301703163015
92687,65,-0.0592592592592593
92614,58,0.0322984476715071
92587,60,1.1146953405017923
92611,27,0.0258785225103852
92648,49,0.0442885771543086
92588,44,-0.0292358803986712
10258,49,0.2209620649198278
92602,57,-0.0471895281047188
92597,15,-0.0062866722548197
92931,9,-0.0792408066429417
92618,58,-0.0010874293170943
92753,15,0.0
92670,34,0.0087719298245614
92621,60,0.0143769968051117
92765,22,0.0095923261390886
92924,18,0.0258021832616606
92852,46,0.0034246575342464
92685,57,0.001673640167364
92688,34,-0.0896774193548387
92709,43,-0.0089073634204274
92692,57,0.0328102710413695
92810,30,0.0559360730593607
92696,34,0.1262135922330096
92772,67,-0.0782045349375287
92771,27,-0.0557215679381262
79678,18,-0.0117810117810117
92775,69,-0.13039066463724
92729,67,-0.0273148148148147
92782,30,-0.0390316205533596
82526,34,-0.0485436893203883
92777,27,0.0766790787477587
92797,6,0.0927517730496454
92890,26,-0.0226964351794743
92913,15,-0.1339600470035252
92809,31,0.0561133760786247
87078,23,-0.0663780663780664
91161,63,-0.1606805293005671
92808,22,-0.097348978704911
90183,31,-0.0846681922196797
92854,37,-0.0160986828350406
92934,63,-0.0412293853073463
92596,65,0.0883590462833099
90295,65,0.0094876660341556
88244,2,-0.0813008130081301
88278,34,-0.1202531645569621
86092,15,0.0468227424749163
92185,6,0.0355392156862743
90542,4,0.1907692307692308
91021,34,-0.065040650406504
90199,59,0.0077653149266609
90272,31,0.0654008438818565
90276,57,0.0735003295978906
90178,33,0.0120796604635977
90188,23,0.1413443830570901
90187,23,0.062429696287964
90164,23,-0.0817104998996185
92457,9,-0.0325972660357518
90233,23,0.1443768996960486
90097,4,0.0413080895008606
92870,31,0.0623063683304647
90200,46,-0.0342976439009841
90207,34,0.0465116279069768
91609,39,-0.0154571026722926
90399,42,-0.0239520958083833
92894,31,0.0420729703078777
92155,34,0.0313725490196079
82678,34,-0.4238095238095238
54594,15,0.0957128614157527
14526,10,-0.1004497751124438
11581,67,-0.0302941176470588
15203,57,0.0296096904441454
16126,15,-0.0703953712632592
16249,34,0.0476190476190476
17137,41,0.1286337209302326
20670,14,0.108580106302202
64899,6,-0.0247561890472618
23660,43,-0.0025188916876575
23975,18,-0.0374262536873156
82542,9,0.1321518987341772
30680,15,-0.0421530479896239
56274,9,0.0368061739388543
31668,60,-0.1183098591549295
32046,15,-0.0129335684891241
47511,28,0.01052016364699
53866,39,0.0189697465249387
60628,15,0.023250986090928
57330,60,0.1153616258218768
37875,3,-0.0904498436372382
20765,6,0.1885964912280702
17144,30,0.0307986406117248
39328,65,-0.0140845070422535
41452,43,-0.0327703554323167
89888,34,-0.1589041095890411
84226,58,-0.0920369301788804
64020,9,-0.0035377358490567
51423,15,-0.0101167315175096
67002,57,0.0265306122448978
52090,67,0.0185292414591777
53613,9,0.2268835616438356
54114,43,-0.0369975097829953
55213,37,-0.0021621621621621
57665,8,0.0327602984106389
35107,23,-0.0057971014492752
61621,58,-0.0193392425463335
51692,46,0.0129366106080206
64742,47,-0.1555891238670694
65307,43,-0.0359191065499547
66852,44,-0.0183946488294315
46922,49,-0.0272108843537415
77354,15,-0.0314153439153438
69199,58,-0.0719723183391003
38850,34,-0.0343980343980344
44951,34,-0.0371517027863776
74500,4,-0.0625
74740,57,0.0223048327137547
65752,43,0.0493484890490711
40694,3,-0.0878028287354711
65306,10,-0.0384615384615385
92874,23,0.002450495049505
81294,59,0.0044247787610618
19502,31,-0.0745393634840869
81614,57,-0.025925925925926
51086,46,0.0110789980732175
83601,10,-0.0776614310645724
62042,6,0.1299578059071731
21785,60,-0.0670553935860058
10044,59,-0.048238897396631
10104,57,-0.090882178804026
75510,59,0.0617571661617339
70092,47,-0.1141696750902527
75033,43,0.1034172661870505
12211,38,-0.0771692307692307
80297,57,0.2891566265060241
75976,27,0.0200110152377455
77488,23,0.0428305400372439
76858,9,-0.0409356725146199
76568,59,0.1089939024390245
76605,9,0.0363476515017893
76752,37,-0.0212675457252232
77637,38,-0.0239303843364755
77669,26,0.0379867046533712
79094,26,0.0159521435692922
87055,21,0.008565095639007
79866,60,-0.0534412955465587
80719,31,0.0392324093816631
81138,34,-0.1135567783891945
91364,57,-0.13
81655,15,-0.0254826254826254
82777,43,-0.0630216523527278
83148,41,-0.0591168091168089
83597,57,0.0381912618392912
20598,67,0.0395619132767097
89508,10,-0.0130425486422921
85040,63,-0.0501138952164008
85982,37,-0.0423102753525856
85272,22,-0.0479499652536483
85394,6,0.0379012199455168
85796,38,0.0534682080924855
87092,57,0.0035161744022504
87184,58,-0.0085009330292348
87214,15,0.0809716599190282
88668,31,-0.0182829888712241
88841,60,0.0583941605839415
88873,30,-0.0341951626355295
89216,38,0.005994405221793
89900,59,0.0426633785450063
90992,67,-0.0071340245410443
92378,44,-0.0452352231604341
90179,23,0.0367647058823528
47730,15,0.0136476426799008
13777,58,0.0223529411764704
38746,60,0.1635220125786163
60871,31,-0.0189418680600913
14198,67,-0.0837841237891557
14702,15,-0.0184210526315788
15537,26,0.07421875
68830,27,0.0304441260744985
85914,65,-0.0079854809437387
49373,27,-0.0519303040655961
18570,18,0.0177642980935874
18973,30,-0.0556238475722187
19271,23,-0.0988593155893535
29938,44,-0.0487839167721073
10866,27,0.0350961538461538
25320,58,0.0462508759635598
21742,59,-0.0098749177090191
11267,30,0.0024096385542169
86474,6,-0.1316568047337277
22825,27,-0.004994124559342
26201,23,0.018560606060606
65541,41,0.0534465976462259
27562,70,0.0581265369997765
27909,10,0.0081159420289855
63546,13,-0.1435185185185185
49154,18,-0.0092086330935251
19350,57,-0.0672712662151302
49429,33,-0.1116289151403489
61313,23,-0.0493201812849907
30737,8,-0.1416625676340382
80971,8,0.1431410916580844
12008,27,0.0171428571428571
31500,43,-0.0944350758853287
33209,60,-0.111111111111111
50788,18,-0.0149884180406049
77462,27,-0.0070335126189491
37058,58,-0.0705289672544081
62228,21,0.0420743639921721
59010,41,0.0290998766954377
21055,21,-0.0087303936075762
83233,37,0.010940499040307
32678,26,-0.0041518386714116
27828,11,0.0155610155610155
66181,41,-0.0151284007119246
32870,58,-0.0311401305876444
42922,59,0.0024390243902439
12503,11,-0.2260942291608585
89757,60,-0.1382346917878353
47571,57,-0.0343511450381679
16678,63,0.0258390258390257
48291,65,0.0564373897707231
48347,41,0.0974553329723877
64282,43,-0.0151969606078783
27617,16,0.1209640745793543
60097,31,0.0090178396392863
52813,38,0.0294892048446551
53197,10,0.0813731722822632
56777,46,0.0861801242236024
57809,57,-0.0268183094636337
57817,67,0.0190411424685481
79611,70,-0.0628808864265928
59185,67,0.0088138082996693
34948,46,-0.050083726594611
60709,65,-0.1167720342134621
35051,67,-0.0259530791788855
18403,34,-0.0284414106939704
35238,28,-0.0615883306320907
13936,10,0.0855977081343866
49971,30,-0.0014797277300975
64785,39,-0.04
62033,23,-0.0102344007923406
91556,15,0.0076494915886689
50948,27,-0.0405368392221308
42585,67,0.0216917591125198
76081,43,0.1514867712479513
60580,65,-0.0472093999160722
37807,10,-0.0976698758197293
80179,60,-0.0638766519823789
80857,26,-0.1152406417112298
59627,60,0.1196172248803828
55976,57,-0.0046766435061466
82924,37,0.009823677581864
83011,10,0.0357672349888806
15456,27,0.0236013986013987
79672,33,0.1787564766839378
40539,57,-0.0108674175064216
10025,6,-0.1088883564925731
10182,15,-0.0604549082202712
10259,34,0.1002178649237472
10501,70,-0.0446035242290747
77420,57,-0.0233291298865069
10514,49,0.0318471337579617
10659,59,-0.0680713128038897
10645,34,0.187122736418511
75527,6,-0.181702668360864
89105,23,-0.1026257396449703
71837,23,-0.1835147744945567
11154,59,0.0563564875491482
11343,27,-0.037670240509997
11379,59,0.278225806451613
11174,31,-0.0410290530051009
75100,25,-0.063512471072255
11081,37,-0.0022463496817671
89609,27,0.0958005249343831
12266,45,-0.21580547112462
75489,23,0.0576474508497166
75905,27,0.1427214438375681
76052,44,0.4785435630689205
76076,59,0.0091229525191789
76217,31,-0.0483870967741936
79315,23,-0.0547337278106508
90751,41,-0.0070279767536153
77007,42,0.0118811881188118
76839,57,0.0632988435788191
76847,33,-0.1521841240018787
77045,41,0.0092307692307691
77478,16,-0.0651872399445214
77501,47,0.0581314878892733
77584,21,-0.0272999252056842
77699,11,0.0039215686274509
77830,15,0.0387984981226534
77862,23,-0.0921358771521636
78216,44,-0.0833333333333332
78034,18,-0.0378710337768678
78050,60,-0.122923588039867
78200,38,0.0263096893834029
78881,41,0.089079857472228
78975,57,0.0444900752908967
79007,57,-0.0111202635914332
78963,31,-0.0553709856035437
79195,15,-0.0378967314069161
79307,57,0.0503018108651911
79411,27,-0.0075555555555556
79667,39,-0.2906666666666666
79881,43,-0.0407822561411876
79797,27,0.1581101825004263
80114,60,0.1080139372822299
80274,65,0.0265060240963854
80233,15,-0.0004870920603995
80320,15,-0.1043908112823495
80432,57,-0.0773117736230418
80544,44,-0.0803472067660805
81165,31,0.0749519538757208
82598,15,0.0066613375965893
88988,42,0.0747556066705004
83399,57,0.002262443438914
83391,33,-0.0266666666666666
83704,34,-0.1392052864968262
83822,37,-0.0235997482693517
83976,57,-0.0964456869009584
84084,27,-0.0274763738186909
84275,31,0.0202191987906272
84255,58,0.0882899628252789
84416,11,-0.3224932249322493
84588,67,-0.0395003903200623
84519,57,0.1606929510155317
85019,59,-0.0499774876181899
85390,58,0.0275642227639227
85464,60,0.0748129675810473
89606,46,0.0954994511525797
86580,15,-0.0297166551485833
86594,30,0.0708571428571427
86881,37,0.0607734806629833
89416,43,-0.0708571428571427
90539,34,-0.1300366300366301
87255,26,-0.1460587326120556
87310,11,-0.1348837209302325
87390,23,0.2938931297709923
87432,67,-0.0591859185918592
90640,42,0.2112676056338027
88172,49,0.0075057736720554
88458,22,0.0097455332972387
89301,21,0.2674909529553682
89397,15,0.0565981531128982
89447,18,-0.0848199259508583
89540,43,-0.0435613297669087
89908,69,0.0513914279910623
90387,31,0.1441441441441442
90679,15,-0.1414285714285714
90657,60,-0.279468495499357
90715,59,-0.0964802011313639
90706,60,0.0974320241691841
90807,34,0.3378465506125081
91547,44,-0.0393103448275862
76020,4,0.2123076923076923
91733,60,0.00548081714001
91888,11,0.0288010716677828
92203,9,-0.1582058861328877
92322,33,0.1031291317761127
92471,65,-0.0429058995611897
92635,30,-0.0902215018908698
77186,11,-0.1156462585034012
91964,34,0.0254777070063694
