firms,clusters,mom1
54594,0,-0.0617760617760616
14526,0,-0.0525653131885426
11581,0,0.0493207324276432
15203,0,-0.0396694214876033
16126,15,0.0251036388760939
16249,35,-0.063063063063063
17137,10,-0.0159535895576503
20670,48,0.0760563380281691
64899,48,0.0430895318514839
23660,0,0.054132021041914
23975,28,0.0133310249307478
82542,0,-0.0192678227360308
30680,28,-0.0755208333333332
56274,30,0.0586692887577842
31668,42,0.0128947368421052
32046,4,0.0
47511,0,0.0127005347593582
53866,0,-0.0025531914893617
60628,0,0.0580550458715596
57330,0,-0.015625
37875,50,0.0323764299589899
20765,0,0.0597949886104784
17144,0,0.0360241418332702
39328,0,-0.0176600441501103
41452,0,-0.075598086124402
89888,12,-0.0802919708029197
84226,0,-0.0111323155216285
64020,22,-0.0719557195571954
51423,0,0.0041841004184099
52090,28,0.0155898876404494
53613,48,0.0945635528330781
54114,0,0.0142718131689911
55213,0,0.020752269779507
57665,42,0.0542837559972582
35107,42,0.0075018754688671
61621,28,-0.0167424061229372
51692,9,-0.0355969331872947
64742,10,0.0196078431372548
65307,0,0.0096108766994844
66852,1,0.0159680638722554
46922,18,0.1452054794520547
77354,0,-0.0312974779702217
69199,0,-0.0197661469933184
38850,12,-0.0568627450980392
44951,42,0.0686695278969955
74500,29,0.0165562913907284
74740,0,-0.029883542078664
65752,0,-0.0226159944042899
65306,0,0.0281587697423109
92874,35,-0.0630104014441674
81294,0,-0.0091982427237781
19502,0,0.0590574374079526
81614,0,0.0966431827600498
51086,49,0.0359832635983263
83601,0,0.0951086956521738
62042,0,-0.0492063492063491
21785,35,0.0530126032445952
10044,30,-0.0334728033472802
10104,10,0.0278864970645793
75510,5,0.0461987356135518
70092,10,-0.001817080557238
75033,0,-0.2625531914893617
12211,0,-0.0435719959151252
80297,0,-0.1362229102167182
75976,42,-0.0953919808497905
77488,0,0.0047281323877068
76858,7,-0.0476190476190476
76568,0,0.092436974789916
76605,5,-0.0026035512445717
76752,1,0.0121155638397016
77637,0,0.0730143068574247
77669,0,0.0414093715946239
79094,0,0.0903823870220161
87055,27,0.002939142461964
79866,0,-0.1122194513715709
80719,48,0.0583524027459954
81138,42,-0.0713790713790712
91364,35,0.0422632000916276
81655,0,0.0082478374572518
82777,10,0.0099934109378432
83148,0,0.0126475548060709
83597,0,0.0060093896713615
20598,0,0.1698809324165688
89508,10,0.0121059844677935
85040,0,-0.0016528925619834
85982,0,-0.0380136986301369
85272,48,-0.1169921875
85394,0,-0.045710120783007
85796,0,-0.0054611650485436
87092,20,0.0957717778909832
87184,0,0.0302158273381294
87214,0,0.0372807017543861
88668,27,0.1007226738934055
88841,0,-0.0889052167523879
88873,0,0.0258865778841839
89216,49,0.0075459580958499
89900,49,-0.0188483229444939
90992,0,0.0437702064163143
92378,0,0.0121457489878542
93065,0,0.0022016732716865
90179,8,0.0662202380952381
47730,0,0.0066445182724252
13777,23,-0.0031120331950208
38746,35,-0.1066176470588234
60871,0,0.0212517059855723
14198,23,-0.0900372935535429
14702,0,0.059286463798531
15537,0,0.1384248210023866
68830,48,0.0634944920440636
85914,0,0.0667180871577324
49373,0,0.047853624208304
18570,0,-0.0469383400896095
18973,1,0.0519581233036059
19271,0,-0.1149999999999999
29938,0,0.0246830472343768
10866,0,0.1933022467147096
25320,0,0.0090129698834908
21742,0,0.0374308185260705
11267,31,0.0122850122850124
86474,9,-0.0867430441898527
22825,0,0.0479493365500605
26201,15,0.0289763779527558
65541,5,-0.0219088772648016
27562,0,0.0613257335866581
27909,0,0.0216066481994459
63546,47,-0.0148698884758364
49154,42,-0.0808097165991903
19350,9,-0.0232483394043282
49429,49,0.151332584499132
61313,0,-0.0323117129959611
30737,0,-0.0293604651162789
80971,7,-0.0804020100502511
12008,0,-0.0525477707006368
31500,9,0.0299417798724701
33209,10,-0.0214285714285713
50788,0,0.0222894881673088
77462,0,0.0428347553543444
62228,0,0.0566037735849056
59010,0,0.0491094147582698
21055,0,-0.019379337436166
83233,36,0.0079350433659346
32678,0,-0.0583875632682573
27828,10,0.013309134906231
66181,0,0.0090554647214187
32870,0,0.0318725099601593
42922,23,0.037509377344336
12503,42,-0.096493540732929
89757,7,-0.040059347181009
47571,0,-0.0344827586206897
16678,49,0.0369244135534319
48291,0,0.0020768431983384
48347,0,0.007841518778374
64282,31,0.0588560885608855
27617,48,-0.089108910891089
60097,0,0.0375722543352601
52813,28,0.0236714975845411
53197,0,0.1229271809661138
57809,0,0.0967047747141898
57817,0,0.110639686684073
79611,0,-0.0252036659877801
59185,0,-0.0265592360489406
34948,10,-0.0315103772155734
60709,42,-0.1052631578947367
35051,0,0.0070112893642304
18403,7,0.0551643192488264
35238,0,-0.00293542074364
13936,0,0.0482599346977781
49971,23,0.0
64785,49,0.1449383638401196
62033,20,0.0145631067961164
91556,9,0.0054347826086957
50948,4,0.0817347789824853
42585,36,0.061232933388498
15560,35,0.0489510489510489
76081,0,-0.0142927550517495
60580,9,0.0163676424299654
37807,50,0.0221796276013142
80179,9,0.0185185185185183
80857,22,0.014468788755684
59627,42,-0.0316742081447962
55976,9,-0.0368837034249153
82924,28,-0.046641141663766
83011,5,0.0652658389048073
15456,49,0.0354609929078013
40539,9,-0.0641113784805774
10025,0,-0.1052779337450869
10182,10,-0.0476876300208033
10259,35,-0.0875331564986737
10501,0,-0.0813062312562479
77420,0,-0.1619099890230515
10514,42,0.0672782874617736
10659,42,0.0535433070866142
10645,47,0.0805084745762712
75527,31,-0.0747663551401868
89105,4,-0.0534945346141106
71837,35,0.1482254697286011
11154,28,0.0126728110599076
11343,49,0.1244682144159476
11379,0,-0.0203703703703704
11174,42,0.003043718871057
75100,0,0.1362441421876785
89609,0,-0.1739055607387748
12266,47,0.0632183908045977
75489,0,-0.0999999999999999
75905,49,0.0215967674515813
76052,27,-0.0771349862258953
76076,31,0.0653396797922978
76217,35,-0.2566371681415929
79315,42,-0.0310021629416005
90751,0,-0.2497753818508535
77007,10,-0.0470085470085469
76839,9,-0.0394190871369295
76847,47,-0.069090909090909
77357,23,0.0231259968102075
77478,0,0.092948717948718
77501,28,0.0709718670076726
77516,0,0.0506542845082313
77584,9,-0.0455416045967227
77699,0,0.0308370044052863
77862,35,-0.1308840413318025
78216,42,0.0352941176470589
78034,31,-0.037837837837838
78050,12,-0.0641025641025641
78881,0,0.0277214334009465
78975,10,0.0467326732673267
79007,4,-0.1812609457092819
93237,18,-0.038934426229508
78963,0,-0.0453400503778338
79195,0,0.1211920529801324
79307,49,-0.0835866261398176
79411,9,-0.1508569739952719
79667,42,0.1060975609756098
79881,0,-0.059879399803674
79797,48,-0.1206769683590875
80114,0,-0.1064356435643564
80274,0,-0.0310077519379845
80233,28,-0.0468509984639016
80320,0,-0.0192996967190516
80432,0,-0.0717993079584775
81165,0,-0.0268115942028985
82598,0,0.0393147992137039
88988,0,0.0467171717171717
83399,22,-0.0081711643909258
83391,47,0.018
83704,7,-0.015625
83822,8,-0.052396878483835
83976,0,0.0340043525571274
84084,9,-0.0233983286908077
84275,0,-0.0234680573663624
84255,8,0.0224119530416222
84588,0,0.006644518272425
84519,9,-0.0187152250885179
85019,42,0.031390134529148
85390,4,0.0079166666666667
85464,0,0.0784313725490197
89606,48,0.034527687296417
86580,0,0.0286951813752029
86594,0,0.0454388984509466
86881,0,-0.0204081632653062
89416,0,0.0324909747292418
90539,35,-0.167
87255,9,0.003372681281619
87310,47,0.1603773584905659
87390,0,-0.0917782026768642
87432,28,0.0536639526276832
90640,35,-0.4485981308411215
88172,0,0.0741163055872291
88458,9,0.1510496671786994
89301,0,-0.0461189516129031
89397,27,0.0584875485492344
89447,27,0.0057896429720167
89540,0,-0.1559058108621343
89908,18,0.0544879041374632
90387,42,-0.054892601431981
90679,42,0.058659217877095
90657,42,-0.0188397129186601
90715,15,0.1235173824130879
90706,9,0.1865803413772808
90807,42,0.0451422963689891
91547,0,0.0244360902255638
76020,1,-0.0210210210210211
92294,35,0.6355140186915886
91733,10,-0.0488599348534203
91888,42,-0.0634800202326757
92203,7,-0.0283039407794468
92322,10,-0.032037395963972
92471,42,-0.0073696145124716
92635,36,-0.0552016985138004
77186,29,0.0279937791601867
91964,7,-0.0777777777777777
21020,18,0.1451382948388935
11499,0,-0.0988042794210195
81912,0,0.0097378277153559
27991,36,-0.0094727435210009
10517,31,0.1143535799117747
20482,1,0.0327826535880226
10656,49,-0.2033820840950639
60038,0,-0.0308972073677955
10779,0,0.2228980891719745
61487,49,-0.1225367749097974
61241,42,-0.02200488997555
88845,0,0.0853743876836947
28222,0,0.0208475153165419
11368,0,-0.0400903444381706
28804,0,0.0465561224489794
11587,0,0.093885481701019
11790,15,0.0735967926689575
10145,0,0.002691065662002
45911,49,0.0550548112058466
24643,9,0.0103934669636227
28484,27,0.0240017945266934
81073,49,0.1039143177002117
12758,49,0.1063829787234043
24109,0,-0.0085485969150715
59176,0,0.0465515269358343
13507,28,0.0185926518992971
58560,30,-0.0014880952380953
13769,0,-0.1315827338129495
11144,42,-0.1454239191465467
85257,28,0.0068285280728375
14008,0,0.0379418344519015
18075,0,0.0778831752371442
83112,28,-0.1822122331032268
39490,42,0.073963133640553
14593,0,0.0727176664889595
14761,0,-0.0439158279963404
10516,0,0.0276697919048707
77595,49,0.0849822425164892
29209,0,0.0167400881057269
24272,0,0.0662525879917184
15457,49,-0.0395658263305321
15553,0,-0.0114814814814814
15721,24,-0.0042372881355932
44644,28,0.0220625962031812
16030,42,-0.0315236427320489
44601,28,0.0419235511713935
27684,0,0.0102017157431022
40416,35,-0.0647905759162303
53110,37,-0.0004036326942481
75034,0,0.0088698140200285
10318,0,-0.1099273607748184
57568,0,0.0742124933262147
16505,47,-0.0233009708737863
16548,36,0.0106942178720317
49656,31,0.0203720106288751
46877,0,0.0770407048714774
39693,0,-0.029595015576324
47423,0,0.0328227571115973
27887,0,0.0222558043687317
29612,0,-0.0062604340567613
39642,0,0.0413164646554011
17444,9,0.2662082514734776
65875,9,0.0691204793494544
43772,23,0.0290755467196817
17778,0,-0.0065968180054326
61508,36,-0.0117111255692907
61946,0,-0.0013852813852813
65154,0,0.090420769919427
19561,0,0.0482870872732907
18650,37,0.0687203791469195
52230,5,0.0176339285714286
60898,30,0.0040540540540539
17961,36,-0.0369677117454376
19393,0,-0.0069874226392493
10874,0,0.0724060711619807
55597,31,0.0130757800891532
19880,49,-0.0904497220818595
10890,0,-0.0369306524415266
20117,0,-0.195113314447592
45655,0,-0.0907310704960835
64186,0,0.1216891554222887
67838,0,0.0050062578222778
20336,0,-0.1253298153034301
62148,0,0.041814316087881
28564,0,-0.0157391793142213
86290,9,-0.0479400749063669
46690,0,-0.0216262975778547
20504,35,-0.3308270676691729
20750,8,-0.0195555555555556
21371,0,0.0161127895266866
27334,5,0.0317325227963525
20618,0,-0.004936305732484
30402,0,-0.0171009771986969
18542,31,-0.0300759013282733
89792,0,-0.0151379089159718
64557,0,-0.0098953377735488
60599,22,0.0790604411343456
90011,0,0.0549203049203048
22921,4,0.0180109631949882
64194,28,0.057763900564429
23182,0,0.0339867214669618
14541,31,-0.0217495219885276
30509,0,-0.1419354838709677
23297,0,0.0103785103785103
23393,0,0.0031879437762643
79026,27,-0.0189001480132072
68320,47,-0.1416666666666666
47677,0,0.1791044776119403
23916,23,-0.020394102246107
27422,12,-0.1151241534988712
46578,9,-0.0119073869900772
24193,42,0.0546875
11995,0,-0.0847622522193846
11308,22,0.0029418975239028
24441,12,-0.210161662817552
24476,28,0.0045218556355719
30648,8,0.044660194174757
18729,42,0.0163447251114414
61735,0,0.0596135721017907
89525,5,0.008500772797527
25129,36,-0.0016099356025759
25452,4,-0.0612076095947063
25487,48,0.0882297014641566
25778,0,-0.0481088254810881
40125,0,0.0626900980060831
26084,0,-0.0183428209993675
79618,10,0.0185185185185183
26463,36,-0.0132307692307692
11404,0,-0.0520420472169568
41929,0,0.0878060263653484
26607,30,-0.0168756472163453
26650,9,0.1699974702757398
23229,0,-0.0184757505773671
30840,30,-0.0466666666666666
91983,49,0.0132832803927231
27430,0,0.1065606361829025
59248,28,0.096048024012006
22293,0,0.0186513629842182
27474,0,-0.0653819683413626
20204,0,0.0189742884641825
27618,49,-0.1418563922942206
38420,9,0.1201793721973094
17726,28,0.0356158575365699
59256,0,-0.0222743259085579
31077,0,0.0257221168037107
27888,23,-0.0202853029708153
41080,0,0.0137883981578788
18091,0,0.0420706912730683
19828,0,-0.0132370637785801
92570,0,0.0458195559754368
28629,29,0.0192307692307691
29050,22,-0.0718329794762916
91926,48,0.0836274775997827
29285,1,0.0335605663345568
61743,49,0.0207461328480436
11674,0,-0.0258510366009725
76708,10,-0.0621807683766378
29867,0,-0.0350194552529182
40440,23,-0.0021270938580164
44943,0,0.0492984452028821
26403,0,0.0588605999495841
10886,48,-0.2183145321831453
64936,0,-0.0493520816101462
38682,31,-0.1
30593,35,-0.0191036002939015
25953,0,0.0090277777777778
20626,0,0.0444889779559118
30681,28,0.0512706855791962
11703,0,0.0295603089720737
63132,0,0.0461475072105479
27959,0,-0.0457779567727211
88590,0,-0.0678042614662333
30940,20,0.0094455852156056
31051,18,0.070469798657718
31078,22,-0.0029789950451408
42200,0,0.0714796283059329
63159,50,0.0246913580246912
31480,0,-0.0828892835997632
11762,0,0.014454845814978
70578,0,0.0434824159021407
82855,36,0.0076679005817028
32054,35,-0.1403301886792453
32062,42,0.0218816712412321
22103,31,-0.0212672337929011
81124,42,-0.0935021429627075
23042,23,-0.0127467105263157
32540,8,-0.2503496503496503
32548,42,0.1028938906752412
26470,0,0.0958798613785136
32791,10,0.0328571428571429
32986,0,-0.0184169278996865
52476,50,-0.0002824459822058
24328,49,-0.019359574272869
33532,48,0.0855978260869565
31691,0,-0.0248120300751879
42550,49,0.0515416831880726
87696,0,0.0055452865064695
87717,30,0.1035402521823471
33823,36,0.0782178217821782
87725,0,-0.0461613216715257
11850,9,-0.0183575822673566
19166,15,-0.0057142857142856
24205,0,-0.0249374061091637
34367,0,0.0055809233891426
92640,9,-0.0365853658536584
47706,49,-0.0961791831357048
21135,0,-0.0138674884437596
34666,18,0.1503378378378377
34746,28,0.0038816108685104
35167,30,-0.0371325425477049
35263,8,0.0122431132487974
10777,36,-0.0227222197518786
35554,28,-0.0052454716826489
36397,36,-0.0026109660574411
54244,49,0.0100358422939068
36768,49,-0.0303030303030302
88924,42,0.0160818713450292
88853,0,-0.0081902245706737
37154,18,-0.16289592760181
25785,9,0.0179566563467494
31974,36,0.0063458487572713
37234,35,0.3225806451612902
37402,0,0.0787750791974655
37568,0,-0.0095681406775278
37584,0,0.0546322827125118
58421,20,-0.0396270396270396
37955,0,-0.0213449187759726
12036,0,0.0033521255523387
38093,0,0.017992003553976
12052,0,0.0792142530835997
12060,9,-0.0037188545927854
46834,12,-0.0009990009990008
38659,0,0.0087199162888036
46674,0,-0.0090679522497705
39029,12,-0.0081967213114754
57154,0,0.031347962382445
32299,18,-0.1165048543689319
16432,0,0.0464285714285714
53604,0,0.021256038647343
85908,0,-0.0002171552660151
39571,0,0.0066206896551723
60468,28,-0.0013404825737265
52695,10,0.0156053858335449
39731,18,-0.0288299663299662
84808,0,0.0311041990668738
23819,0,0.0248929760583478
25582,50,0.0507344940152341
25304,4,0.1274550773088174
52978,28,-0.028230184581976
41188,49,0.281305114638448
10294,0,-0.0199374511336981
41241,36,-0.0024861878453039
41292,0,0.0226804123711339
76927,35,0.1940104166666667
32651,7,-0.0977198697068403
32707,49,0.0119650253106304
16600,0,0.0114297589359935
61567,0,-0.0153514032142
52716,0,0.0623661670235544
32803,0,-0.063510173036699
42140,0,0.0605930382466695
42439,0,0.062446778313937
42455,42,0.1555737704918032
91207,28,0.0417482061317675
21792,0,-0.0258481421647819
32934,0,0.0107047279214986
42877,0,0.0204993429697766
42906,28,0.012008733624454
88795,42,-0.2482014388489208
78892,0,0.0294784580498865
12570,0,0.0125173852573017
80210,8,0.0554323725055432
21928,28,-0.0233345208407552
56573,0,0.015487504399859
43634,18,0.0477137176938369
43757,0,-0.2090261282660332
51633,28,-0.0170076411141236
12431,0,0.0003344481605351
44274,0,-0.0596312279325225
46463,4,0.0986842105263157
44506,49,0.1396743787489289
59328,0,0.0236043461970774
44768,0,0.0138966092273484
12490,42,-0.0616379090955361
40272,0,0.0075111652456354
45277,0,0.0
45306,42,0.0941820276497695
21573,28,0.0210075026795284
27705,15,0.0299539170506912
45437,15,-0.1184112843355605
45560,0,0.0257826887661143
53065,0,0.0975889781859931
45728,1,0.0443037974683544
46042,0,-0.0215384615384615
46077,50,0.051234945907328
52329,0,-0.045580589254766
82694,0,-0.0319634703196346
22111,0,0.0016783492941059
42534,28,0.0713336287106778
46886,0,0.0239099859353022
46923,49,0.0752688172043012
47002,0,0.0133428639504409
42067,0,0.037213740458015
47088,30,0.038961038961039
24432,0,-0.0514349608647036
12650,0,0.0658207771609833
24053,28,0.0047380156075806
26825,31,0.0321711806075117
47379,0,-0.1566951566951565
44134,28,-0.0361652043655039
47619,0,0.0124045801526717
47715,49,-0.0375894988066827
17750,0,0.0008908685968818
59045,0,0.0986881335718543
48072,42,-0.1379094827586207
48144,10,-0.0421481985044188
89456,36,0.0433639947437582
49488,9,-0.0007855459544383
12781,0,-0.0153975954439991
48486,0,0.0768963721576114
48523,0,-0.0589165261382798
48531,36,0.0233433734939758
48961,0,-0.0208955223880598
50286,0,0.0149253731343284
60943,28,0.032258064516129
65330,50,0.0415866922584773
20415,42,0.0050940438871474
50876,27,0.0128595600676819
81678,28,-0.0167639574913935
49905,48,0.0471670980730511
21178,49,-0.0029853174119652
50017,27,0.0276395798783859
56223,0,-0.1336180597925564
59774,49,0.1785561725758222
33849,35,-0.1591836734693877
66245,47,0.0365942028985506
23835,0,-0.0434782608695651
50623,0,0.026834186443307
50789,20,-0.0177917320774463
89790,47,-0.2466063348416289
51263,49,-0.1488357457520452
81311,0,0.1508003369839934
15069,0,0.0141078838174273
45751,0,0.0194686676130602
34032,27,0.0602289696366351
51829,0,-0.0452920143027414
39538,0,-0.0098176718092567
51925,0,0.0293742017879949
51960,47,0.1527224435590968
43449,0,0.000493193923851
89915,30,0.085497150094997
17478,0,0.1060462599756524
81061,49,0.1208700277794194
52250,9,-0.0305052430886558
10507,42,0.0764430577223089
17005,0,0.0770077007700769
22752,0,-0.0119535519125683
42796,28,0.0201951440889494
53074,49,-0.0662777129521587
87437,48,-0.2236173679670277
89857,30,-0.0557694662512414
53373,0,0.0462925582021263
53480,15,0.0372815533980583
53640,0,0.034438775510204
24010,0,0.0402758620689656
53859,36,0.0068863748155436
54253,28,0.0362085308056872
91109,7,-0.1716535433070866
22592,0,0.0248759795815658
24248,37,-0.0403786707882534
54675,0,-0.0596214883322256
54704,49,-0.0734223300970874
76591,0,0.0582750582750581
42614,0,0.1020158827122783
22779,9,0.0603963510537906
28345,0,-0.0277471228125492
65365,0,0.1363636363636364
69550,49,-0.0185112248916895
59408,9,0.0
84372,0,0.0704686987872826
13303,20,-0.1206380857427715
90377,0,0.0553505535055349
55993,0,0.0582191780821916
78900,0,-0.0032467532467532
25590,0,0.0184682237914177
52337,47,0.0425909494232477
34497,8,-0.0258787711043454
56945,42,0.1025449101796407
64450,9,0.1061733360144783
47466,0,-0.075870646766169
60986,0,-0.0275655928263034
21207,35,-0.0781312927909785
34673,0,-0.0647840531561461
57534,0,-0.0080299785867237
61815,0,0.0040401225968236
64311,0,0.0657992171797312
28118,0,0.0123157305467438
44206,0,-0.0393567498942022
38762,0,0.0289096916299558
23931,0,-0.0348289927831816
58246,23,0.0024896265560165
24766,0,0.0003291910130853
58318,0,-0.1115731115731115
58334,8,0.0225886604924328
90458,28,-0.0078544853245142
34817,28,-0.0216425120772946
58836,0,-0.0181159420289854
34833,30,0.041148825065274
72611,9,0.1231884057971015
58975,0,-0.0167849344978165
67029,0,-0.0979381443298968
59089,0,-0.0106770833333332
23026,20,0.0020740740740741
24440,1,-0.0160728636485401
13610,0,-0.0302491103202847
63714,0,0.072211911591024
59871,35,0.03859649122807
60098,23,-0.0245733788395905
60186,0,0.0339892665474061
91531,23,0.0039167686658505
77157,28,0.0456261799874133
44230,0,-0.0864799025578563
90531,42,0.0715187210769878
22509,0,0.0412663980993699
60506,0,-0.0096905282900906
13688,0,0.0063624396665202
86136,0,0.0176452692424702
61146,8,-0.1118012422360248
61269,48,-0.0977907175886282
58675,0,-0.0241327300150829
41355,0,-0.0130044136191675
61496,48,-0.0566508609932618
57509,0,0.1530815109343937
61787,35,-0.1075837742504409
61955,18,-0.0877403846153846
22517,37,0.0524895020995801
13856,31,0.0284084293864244
50550,0,0.0347972972972971
62341,0,0.008167111669546
62368,0,-0.0380447585394582
21936,9,-0.0527493606138108
21776,42,0.0513845275478159
52898,8,0.0115583897967317
13901,10,0.0361505858888058
13928,31,0.0757636926389448
62958,42,0.046299315291816
63125,0,0.157097288676236
89968,0,0.003875968992248
24459,10,0.0309701492537313
80185,0,0.0406242827633693
23501,0,0.0351270553064273
63715,0,-0.0235312697409981
63830,0,-0.0004346279979454
18163,0,-0.0213204118715928
64486,0,0.0224828934506353
55511,0,0.028179190751445
23712,0,-0.0490602880156211
64929,0,-0.0053741770791347
64961,35,0.05416384563304
65008,42,0.1555555555555554
87043,35,0.0555555555555553
27756,0,-0.0086490939044481
65270,31,-0.0530973451327434
69649,0,-0.0261569416498994
66683,0,-0.00629779577148
65700,31,0.1855345911949686
24942,5,0.0218894009216588
58771,23,0.0214104108122574
76711,20,0.0471841704718416
76282,0,0.0788828080769956
66617,9,0.0058754406580494
80294,20,0.0199633507853402
84381,0,0.0159422721933208
35991,0,0.0373208930356547
36003,0,0.0196143617021278
45495,0,0.001293661060802
67847,0,-0.0525679758308157
27633,0,0.05609637381358
68196,0,0.0169857936998145
54199,36,-0.0069775982372384
41320,5,0.0898508548563115
76149,0,0.0082207868467409
68591,50,0.0225303292894281
23085,28,-0.0312965722801787
36281,30,0.105352789171452
85926,0,-0.0402215097639172
41574,47,0.0574886535552192
51625,0,0.0665956313265849
50243,0,-0.123076923076923
88742,0,-0.0149839457723868
36468,0,0.023869095276221
49138,49,-0.0280060882800609
70536,0,0.0241139174721962
70704,7,-0.0958333333333333
65402,0,0.0560307955517538
60206,0,0.0109482758620689
71176,28,0.0038022813688214
26614,36,0.0012184508268058
63335,0,0.0621242484969939
15720,28,-0.0251060820367751
71475,8,-0.0026350461133068
18411,0,-0.0447305258564258
58683,49,0.0943318163011996
66093,30,-0.0064425770308124
63765,0,-0.0503341687552214
71942,0,-0.0191846522781775
71985,4,-0.0696798493408661
17523,0,0.0839469808541975
72304,0,-0.0928865373309818
39220,49,0.0929191892603316
72494,18,-0.3071625344352616
43481,0,0.2437257874347314
43350,0,0.0175806263825824
18438,0,-0.0179257362355953
72726,0,0.010997521685254
36898,8,-0.0745287912848001
72980,0,0.0518032786885245
73139,28,0.0866881028938906
73219,0,-0.0579642579642579
52396,0,-0.0586565752128667
47861,0,-0.0516605166051661
73817,22,-0.0745636363636363
66739,7,-0.1200324412003244
43334,31,0.0109677419354838
52038,0,0.03019489431787
37161,0,-0.0384187082405346
74406,42,-0.1062394603709949
74836,12,-0.2796610169491526
44513,7,-0.1272727272727272
74908,7,-0.1879194630872483
74932,35,-0.1652382584847445
57007,8,-0.018058690744921
43123,42,-0.0031553398058252
44329,0,0.0445685179743362
63773,0,0.0191246781905112
75460,0,0.0018811725975858
84375,0,0.064807082011024
51369,23,0.007357102433503
37284,0,-0.0015988630307336
15579,0,0.0336633663366334
23579,0,-0.0410757946210268
62092,0,0.0255263157894736
76100,0,0.0103721781574128
50606,0,0.023365403494993
14795,28,0.0180722891566265
14816,8,0.0322809506917347
62308,28,0.0154328732747803
76639,0,-0.047529115517784
76946,9,-0.0435222672064778
61209,9,-0.0020100502512562
55001,0,0.1528110844657606
92583,0,0.00317620050945
59600,15,0.1216730038022815
45356,0,0.0669926650366747
76185,0,-0.0431108389467239
77730,49,0.0116750059566357
91103,0,0.0856373868363102
17929,0,0.0424073677446992
50278,0,-0.0449915110356535
79244,0,0.0040187541862022
77973,42,-0.0385995457986374
78044,0,0.051490514905149
24985,23,-0.0474461389494069
48725,0,0.0464213121053045
63781,0,-0.0368460955269143
89329,0,-0.1062717770034843
78749,49,0.032258064516129
92655,27,0.0611673773987204
53663,36,0.0065341682548325
78829,23,-0.0597853857945834
87447,9,0.0546192893401014
78960,47,-0.16
79039,47,0.0211764705882353
79303,30,0.0612843058886223
17830,27,-0.0178314882109354
79338,42,-0.2529215358931553
67360,37,0.0084337349397589
59619,0,0.0138760407030527
16555,31,-0.0186915887850467
79573,35,0.0227812055054577
79637,0,0.0951216530138157
79776,0,0.0791494388659186
43553,0,0.0315927320347029
79864,49,-0.0089643028653754
80128,0,0.0405614129339868
27043,28,0.0364550597108737
81116,0,-0.0987286989450906
61700,7,-0.1611566169939801
57808,0,0.0492264416315049
15202,0,-0.0551681388501472
81510,42,-0.0218045664782321
86008,35,0.1652892561983472
21231,0,0.0191002764513696
53225,50,0.0085068012009834
24969,28,-0.0261275272161741
46068,0,-0.000394983706922
81702,36,-0.1103678929765886
42059,36,0.0277717509221087
63829,0,-0.0058479532163743
79066,47,0.0733944954128438
62498,4,-0.0297372060857538
66384,49,-0.0026112624886467
59467,48,0.0290442418101992
38033,0,0.0892785970506178
39917,28,0.0525963149078727
92872,0,-0.0265369305616982
25419,0,-0.0640891902464466
38156,0,0.1135878586672989
23536,0,-0.0610561056105609
58819,28,-0.003077975376197
25099,0,-0.0536879895561357
42286,0,-0.0793594306049821
84403,28,-0.0028998438545615
27983,0,0.021505376344086
63079,42,-0.1982071713147408
59483,18,-0.0017833259028087
88857,36,0.0179910044977511
38295,0,0.0154373927958832
84129,37,-0.0114107883817428
90756,0,-0.0263015672851738
72996,0,-0.0335685268334402
87426,0,-0.0357710651828298
86191,42,-0.0701754385964911
88664,0,0.0513052936910805
15318,23,-0.0182336182336182
71563,15,0.0158049825877311
80072,8,-0.0329341317365269
85586,0,0.0518134715025906
35917,23,-0.0226023213194869
70332,9,0.0387800444354675
10147,30,0.0294573643410851
38149,10,-0.0938411918292121
10028,12,-0.2555555555555556
69032,10,-0.0022631749110895
10138,10,-0.0073054912942894
10107,10,0.0133663366336633
10200,48,0.2138801261829652
89954,5,0.0623711340206185
10302,0,0.0823653643083419
10299,10,0.0373033707865166
12217,0,-0.0127428127428126
10363,42,0.0021905805038333
10333,47,-0.0675675675675677
10382,0,-0.0010012515644557
10397,23,0.0312499999999997
10257,0,-0.2536585365853657
10463,42,0.2967032967032967
70033,0,-0.036516094130376
10421,42,-0.0137931034482758
91204,28,-0.011951000896325
10530,42,0.0220330495743616
79698,0,0.0311865390194372
10606,28,0.0481203007518795
10550,0,0.0148514851485148
79785,0,0.0340204363974001
75070,27,0.018006148440931
89849,0,0.0286783042394016
10547,48,0.0786802030456852
68857,0,0.055688622754491
76123,29,0.3187675070028009
79903,8,-0.1156716417910446
10667,35,-0.0677480916030535
10355,49,-0.0283607487237662
10661,30,-0.0261044176706828
45225,35,-0.2427440633245382
75596,47,0.0136612021857924
10693,50,0.0138568129330252
10649,0,0.0417838489353152
79909,0,0.0242478670857655
75517,0,0.026854219948849
10696,22,-0.0110233629483382
89386,48,0.1598111935266351
44813,18,-0.0756302521008401
89891,9,0.1696202531645569
70500,0,0.0044014084507042
93179,48,0.1637694419030193
75224,49,-0.0417845087127086
89659,0,-0.0405643738977071
35124,0,0.0178380306814127
71191,42,-0.1370558375634517
10853,48,-0.0933497104755219
22323,18,-0.029045643153527
10026,0,0.0007478632478632
10812,0,-0.006204044117647
10909,35,0.0536062378167641
88779,18,-0.237327188940092
90441,10,0.1058713304184881
75222,0,-0.0083690987124463
10860,42,-0.0351145038167938
10443,23,-0.0260894495412845
10032,0,-0.0038167938931298
70308,0,0.0005646527385656
85570,7,0.2643856920684293
11701,9,0.140495867768595
10001,0,-0.0376146788990825
75215,42,0.0909299655568312
77453,0,0.0782592454239821
10838,18,0.3615635179153094
11292,42,0.051219512195122
87816,35,0.0214971794480864
64390,0,0.0321649484536084
65294,35,0.0357640501625637
12173,0,0.0862068965517242
11378,0,0.0708936595107339
11403,0,0.0726221079691518
85991,18,0.0144085521729024
11481,0,-0.0088719898605829
75470,49,-0.054103255703422
11552,49,0.0409496660737138
75107,27,-0.0375685943436049
11547,0,-0.0308655298942369
89048,18,0.0513000702740689
11600,23,0.059601165135559
75104,0,0.025857610756766
11043,0,-0.0336294416243654
11654,42,0.0136986301369863
11638,0,0.0080344332855093
11641,0,-0.1341835818214477
11394,42,0.0426829268292683
75526,22,-0.0433162552398695
11533,50,0.0297202797202795
11707,48,0.0488042947779405
11775,0,0.1920688007644528
11781,35,-0.1086956521739129
75233,31,-0.0183098591549295
75186,5,-0.0504708097928436
11809,0,0.0184999999999999
11731,0,0.0352973874374653
11825,22,0.0757978723404255
75261,0,-0.062043795620438
37217,20,0.0957446808510638
75272,0,-0.2405876951331497
88197,36,-0.0196882690730106
85789,28,0.0059931506849315
11618,9,-0.0265575079872204
11896,27,0.0557953144266338
84769,0,0.0047194546407971
10180,48,0.1090404440919905
11884,0,-0.183656736813337
75182,0,-0.0402739522072509
75577,4,0.0187576875768757
75241,49,0.0873906969524498
75320,8,0.0339431872893596
75285,0,0.0078682075239735
10901,0,-0.027416619559073
75316,0,-0.0613409415121256
11891,0,0.0206103844629408
11955,15,0.0051743532058492
84176,0,0.1395213076474022
11752,1,-0.0652777777777777
81774,42,-0.009310445155659
12149,18,-0.0044776119402984
12248,36,0.0112132246690943
75573,47,0.2518337408312958
75326,12,-0.222707423580786
84387,50,0.0133222314737717
17743,0,0.0074593128390596
12226,42,0.2106164383561644
78664,0,0.0699197296155469
12062,23,0.0393110435663626
12190,0,0.0309374970712001
80926,0,0.1492374727668846
12209,28,-0.1245836109260493
11992,36,0.0238688991806197
36346,23,0.0288233299423534
85269,49,-0.0195906944201504
92029,0,-0.0209146681539319
75591,0,0.028295561217648
82540,35,-0.3222222222222223
75447,0,-0.0986394557823129
76573,20,-0.0041465100207326
10375,23,0.0121019108280255
75694,9,-0.0170193707311611
63467,36,0.0137676292813968
75649,36,0.0211436809226333
75646,49,0.0097685118186203
75607,0,0.0843195266272187
75654,0,0.0455997676444961
12073,36,0.0063025210084033
75603,10,-0.0076233183856503
10051,28,-0.1237381021055668
93101,0,0.0600770527329641
75825,42,0.0795918367346939
75853,4,0.0060975609756097
75854,49,-0.0605700712589073
11131,0,-0.0200643776824034
76148,30,-0.0475852272727272
15070,8,0.0339592489013182
75556,0,-0.0123456790123457
86124,23,0.0414222873900291
11628,42,0.0143846563665424
75831,20,0.0033860045146727
11748,9,-0.0901185770750988
75828,0,0.2413427561837455
11348,0,-0.0047761194029849
23799,1,0.0152207001522068
11285,28,0.0505520046484599
11442,23,0.0051174691788786
86896,23,-0.0451734337187416
11018,42,-0.0525291828793773
11513,42,-0.0273972602739726
87952,0,0.0237724084177708
10252,23,-0.0247844827586205
89440,0,-0.0247074122236671
90086,8,0.0474716202270382
12189,0,0.04718745504244
11208,9,0.0586166471277842
52936,36,-0.0148349352277475
56611,36,0.052200614124872
56710,9,0.0029791459781529
10297,0,-0.0027186440677966
12068,36,-0.0417847025495751
75860,42,-0.0865533230293662
11786,0,-0.0116224575874026
75509,0,0.0291837665298677
81577,36,-0.0347544022242817
10932,28,-0.0072992700729926
11293,28,-0.0264550264550263
11750,0,-0.1340996168582375
11593,47,-0.0025706940874036
69586,18,0.0056603773584906
35685,8,0.0043236565781346
89207,0,-0.0111553784860558
10308,36,-0.0210012728044124
77519,36,-0.027231467473525
92807,31,0.0057471264367816
83469,36,0.0163487738419618
86814,8,0.0502111684655091
92716,36,0.011924342105263
86384,0,0.0139225181598063
10781,23,-0.0283127839065542
84725,5,-0.0121779859484778
83642,0,0.0027012425715828
87759,48,-0.0743772241992882
90534,8,-0.0037353255069368
12166,0,0.1312217194570135
10913,47,-0.0852082336045955
77643,0,0.0011641443538998
77379,8,0.0040612308653547
11006,23,0.0634132892197407
86382,36,0.0109090909090907
77889,9,0.0544794188861987
11565,20,0.0630315157578791
75714,49,-0.0265748031496062
81620,0,-0.0441616766467065
75912,0,0.040429742719819
85299,28,-0.0114754098360656
93191,0,-0.0037037037037037
89738,0,0.0405679513184584
77415,36,0.0030905077262692
90561,0,-0.0284995808885163
47723,31,0.0327510917030569
83155,30,0.048498845265589
79851,18,-0.0105042016806722
89211,0,0.0470454545454546
11844,36,-0.0691619202603742
89141,0,-0.1226572958500669
76266,0,0.0293712079426367
91855,28,0.1236172566371682
85726,0,-0.0356083086053412
75906,0,0.0216253923962328
77236,0,0.2529076396807297
77528,36,0.0434221840068786
79747,0,-0.0242282141461508
89828,36,0.0563165905631659
11397,23,0.0002923976608186
20395,23,0.0082987551867219
84516,0,-0.0697841726618705
77300,0,-0.0205848717529815
76215,49,-0.0131764705882353
93310,7,0.0656934306569341
87652,0,-0.0393961418226078
76082,42,-0.0773930753564154
76095,30,0.164641410531332
84184,18,0.2930005425935973
76963,0,-0.1603174603174603
76127,0,-0.0776
76128,0,-0.1148325358851674
92897,7,-0.1630434782608695
76135,28,-0.0497592295345103
78981,0,0.0307985394507064
76138,0,0.1023128631650907
76139,49,-0.1095238095238094
76415,47,-0.2016129032258065
76868,0,0.1005291005291004
88965,0,-0.0068985176738881
89655,2,0.0125690344696249
76383,0,0.0602409638554215
76392,4,0.0901320901320901
85875,36,0.0496515679442508
76544,10,0.2989690721649485
83671,0,0.0171962616822429
76202,22,-0.002377179080824
76201,0,-0.0048739139648229
87053,9,0.1263736263736261
76207,10,-0.0877965272682808
93087,7,0.0115168539325842
76360,48,0.0882352941176471
89369,18,0.2099623515783377
90069,7,-0.2283464566929134
90053,47,0.0156862745098038
77486,47,-0.1357466063348417
76330,9,-0.1050499999999999
76230,0,-0.0614103564923237
76461,9,-0.2222222222222222
89948,42,0.0147651006711408
11644,0,-0.0219424460431654
76261,0,0.0044021584777051
76224,0,0.0004314063848145
77256,28,0.0072595281306713
76279,0,0.0542460445592509
76477,49,-0.1243239495215642
76478,8,0.0059844404548172
90608,7,0.1038961038961039
79037,0,-0.0345963756177923
78071,35,-0.0310880829015542
76529,36,0.0295956648603585
76515,36,0.0346883468834688
76504,28,0.0182203389830508
76879,0,-0.0844705475902573
88284,9,0.1024016891000265
76582,0,-0.076802780191138
76584,0,0.0785070785070787
76613,7,-0.0522727272727273
76614,48,0.0339182177264907
76978,10,0.0990566037735849
76624,0,0.0336257309941521
76644,42,-0.1145272867025365
76888,0,-0.0805860805860806
76837,35,0.121870882740448
76661,48,0.0980834272829762
76686,0,-0.1774869109947644
76695,30,0.0041838268941623
76856,15,0.076891531679311
76709,5,0.0161341347674786
76934,42,0.0972696245733786
76712,0,-0.0242214532871971
76721,0,0.0368906455862978
76684,36,0.0014823599169879
76732,28,0.0472233214615485
91403,28,-0.0274147727272727
76736,0,-0.0097276264591438
88031,9,0.0361409796893668
76744,9,0.0673559822747416
76750,0,-0.0423758865248227
76788,0,-0.0427777777777778
76795,0,0.0699884792626728
76869,9,-0.2149488074982836
76798,35,0.1716203259827422
76892,36,-0.040354631611128
81564,36,-0.0069952305246422
76841,48,0.112322373920312
89213,0,0.0985961475677439
77235,49,0.0379746835443037
77037,0,0.0549233052944087
77202,47,0.4370902626023185
77090,0,-0.0566165286462734
77117,5,0.0247005988023951
77114,42,0.0880165289256198
77217,18,-0.0797165633303808
77165,0,0.1149674620390455
77182,0,-0.0459754245478394
77191,23,-0.0718521102197419
77175,35,0.09375
77178,0,0.0221064667767756
77173,10,0.010752688172043
77259,12,0.1666666666666665
90464,0,-0.0998248686514885
77271,48,0.0084666039510818
77274,49,0.0346540960631926
77292,47,0.1036513545347466
77279,0,0.0174833784782073
77282,49,0.0065359477124182
77281,42,-0.2305835010060362
77327,35,-0.375
77340,48,-0.6360773729194782
77338,0,0.0196472831953942
77366,27,-0.0792192881745121
77393,12,0.115830115830116
92871,48,-0.0027028486565301
77413,42,0.0523012552301254
77418,0,0.0507071922961179
77425,0,0.0144057623049218
78147,10,-0.0316205533596836
77437,42,0.1119999999999998
77447,42,0.0769092864826102
77496,0,0.0245449739445662
77768,31,0.012945308310992
77505,10,0.0197044334975369
77507,0,-0.0036496350364962
77515,35,-0.0245398773006133
77520,28,-0.0312387791741473
83738,36,-0.0017818253811126
77599,42,-0.2596153846153846
77610,0,0.0042226487523993
77605,0,0.0174464710547186
77649,0,0.1138397502601458
77629,0,0.0868719611021069
77630,47,0.1167775314116776
77660,0,-0.0069950577858881
77661,0,0.0628366247755833
77668,30,0.0734454791228598
89810,0,0.0711500974658869
84776,0,-0.0046838407494145
77702,10,0.0370999716794107
87505,8,-0.0331491712707181
90352,18,0.1845342706502637
77763,0,0.0082017010935599
77780,42,-0.0332103321033211
77785,0,-0.0026677611327723
77868,0,-0.0330508474576272
77892,47,-0.0875625000000001
77900,15,-0.07275426874536
77902,28,0.0218311427934951
77918,0,-0.0319160684704583
77917,0,0.0071428571428571
77971,49,0.0767398782746757
78001,42,0.187624750499002
78018,18,0.0515759312320915
78015,15,0.0421919650361404
78186,47,0.0166112956810631
78077,0,0.0906474820143885
78068,35,-0.0942760942760944
78066,7,-0.0479041916167664
78091,47,0.1630434782608696
78081,18,0.0560392591419975
91402,42,0.0537965406039284
78189,18,0.0424710424710423
78139,0,-0.0444015444015443
78172,35,0.1462841015992473
78170,27,0.0226628895184137
78211,48,-0.1462747778537252
78137,8,-0.0396930087540472
78156,35,0.162646876932591
78213,1,0.0944444444444443
78840,0,-0.0010561255280628
91128,48,-0.1647889235781187
88944,8,-0.0141796083727211
78841,10,-0.2950108459869849
86889,48,0.3001200480192076
78908,31,-0.0211748633879781
79033,0,0.0426636568848759
78875,31,0.0201399194403222
78876,50,-0.0275330396475771
79019,0,-0.0651629072681705
79065,9,-0.1312217194570135
79006,47,0.1946902654867257
48653,5,0.1340318906605921
78990,30,-0.062043795620438
78950,0,-0.0240963855421685
78987,50,0.0012620950778292
78977,0,-0.0099737532808399
79072,28,0.0206150146023018
79089,9,-0.0177215189873417
79108,49,0.0049382716049384
79131,0,0.1261961722488038
79116,28,-0.0560824742268041
79133,28,-0.012310886977158
79103,49,-0.005645473865547
88597,49,0.0709901254336804
79150,48,0.0956948993916704
79166,23,0.0349462365591397
79198,0,-0.0970873786407767
79159,48,-0.1376661129568105
79237,22,-0.0134664499651729
90783,48,0.0132095680114243
79323,0,0.0230026338893765
79299,42,-0.011627906976744
79248,48,0.1314993122420908
79249,0,-0.0644713350525689
83659,42,-0.3451327433628318
79336,0,0.0104986876640418
79265,28,0.0255581668625146
79313,15,0.0083333333333333
79444,0,-0.0950050968399591
18649,8,0.0495283018867924
79382,0,0.0447816432272392
79399,0,-0.074074074074074
79666,0,-0.0500510725229824
79507,28,0.0205735660847881
79472,18,-0.0274509803921567
79499,42,-0.0356083086053412
79545,30,0.0120695204377212
79490,35,-0.2581453634085213
88568,9,0.1272051996285981
82763,47,-0.1225165562913908
79491,10,-0.1261534405483785
81103,29,0.1185185185185184
80069,18,0.1521201575235826
79564,0,0.2690686086623226
79588,0,0.2038855678906916
85913,5,0.0636975660279648
79628,0,-0.0465815176558979
79668,0,-0.0246579054328682
79731,27,-0.0092539039907461
79758,10,-0.0736040609137056
79686,0,-0.0210259658011399
79734,10,0.0660919540229885
79824,23,0.0072819644369177
79857,0,0.0172148785736243
79906,48,0.0203871499176275
79790,18,-0.069423929098966
79862,28,-0.0714285714285714
79839,20,0.0118421052631578
79791,49,0.0319327731092435
79878,0,-0.0384234501881561
79915,0,0.077695716395864
79841,27,0.0149321266968325
80223,28,0.0103916866506794
79879,4,-0.1341752170481451
79796,36,-0.0361990950226244
79884,8,-0.0607476635514017
79859,0,-0.0084360804672291
79885,36,0.0
80034,4,-0.10530749789385
80049,0,0.0973201692524683
80080,0,0.0125043019387405
80001,10,0.0939393939393939
80012,0,0.0091324200913243
80007,0,0.0299401197604789
80050,50,-0.0417981072555204
84723,18,0.2065544729849424
80079,0,0.0422786403692825
80054,10,-0.00695102685624
80167,49,0.0546384561729831
80113,0,0.0152107779226422
80112,7,-0.0824524312896407
76697,0,0.1645790853480919
80236,36,0.0540201005025127
80204,0,-0.0123059599453068
80254,0,-0.014259846084201
80191,37,0.0320704057279235
80193,18,0.0321729957805907
80237,48,0.2478386167146973
80266,20,-0.1416234887737478
80361,0,0.0566886308963496
80306,48,0.1594877764842841
80375,42,-0.1024279210925644
93223,0,0.0025842095883086
80343,49,0.2534491568727643
80316,0,0.0763888888888888
80362,31,-0.0341057016401977
80368,47,-0.2027491408934708
80341,18,-0.1319241982507288
80336,22,-0.0041653449540044
80357,42,0.0024009603841537
80303,7,-0.1257142857142856
80485,7,-0.0519230769230769
82541,42,0.1034146341463415
80415,49,0.0436817472698907
80478,0,-0.0023864659355342
80539,9,-0.0033135089209855
46392,0,-0.0731589147286821
80587,9,-0.0556259357364966
80569,0,0.0696999031945788
80524,0,-0.0154738878143133
80592,35,-0.0683030949839913
80534,29,0.5511551155115513
80498,50,-0.012223789374706
80560,48,0.1694214876033057
80563,35,0.0448028673835125
80575,23,0.014333638304361
80625,7,-0.0092307692307692
89099,12,0.0197368421052632
80633,18,-0.0080789946140036
80768,28,0.0247987117552335
80759,23,0.0161090458488226
80774,28,0.0143155383238888
80828,0,0.0485286525554979
80791,20,0.0004458314757023
80795,29,0.0674981658107116
80804,0,-0.0062945866554762
80808,0,0.0700293829578844
80837,35,0.0318253968253967
80858,7,0.6347826086956523
80928,9,-0.0009995002498752
80924,31,0.0282453995423053
80955,0,-0.1176470588235293
80864,27,0.0159559446484045
80918,7,-0.1114167812929848
80943,42,0.0653266331658291
80951,0,-0.0723624201885071
81010,0,-0.0397439867864148
80960,18,-0.0163934426229508
80957,0,0.0
80969,0,0.0380487804878049
80990,0,0.0128690386071157
81084,47,-0.1674425727411944
81095,8,0.0015048908954102
81055,0,0.0675236806495263
81182,0,0.0214861235452104
81162,36,0.0692771084337349
81184,0,-0.1602117581499025
81173,47,0.0652724968314322
81128,7,-0.3622222222222222
88379,9,0.1
90359,28,-0.0067476383265856
88865,47,0.001880582980724
86993,42,0.1230053191489362
85205,10,-0.0353535353535353
81220,0,0.0405819295558957
81241,36,-0.0508308895405669
81256,0,-0.029045643153527
81259,0,-0.0335707019328584
81254,42,-0.0264270613107822
81292,36,0.0142935678944473
81282,27,-0.0496937882764654
81278,49,-0.0121239335428828
91731,15,-0.0176656151419557
81298,30,-0.0163879781420765
81501,0,0.0487001098498718
87532,0,0.2443502824858758
81540,0,0.122737035900583
81566,0,-0.0441458733205373
81541,23,0.0
81546,0,-0.030188679245283
81560,10,0.0104669887278583
90470,36,0.0398534127347687
81588,0,0.0
81539,35,-0.1359999999999999
81565,31,-0.0209790209790209
81584,0,-0.0046674445740957
87476,23,-0.047346399471482
81624,12,-0.1008583690987123
81621,0,0.0298719772403983
81705,0,0.0494215291750503
81736,0,0.0042126379137412
85332,36,-0.3241085683874402
81740,0,0.1066217732884398
81761,0,-0.0705128205128206
81857,28,-0.0155480295566501
81696,0,0.0316567006683081
81666,48,0.0685121107266435
81665,47,-0.075187969924812
81677,0,0.0562038900067067
88719,0,-0.0652763295099061
81776,18,0.0239209568382736
89611,35,0.0062344139650873
81893,0,0.0154702970297029
82251,4,0.034322033898305
81850,35,-0.1476788453889426
81869,35,-0.0228571428571429
82171,9,-0.0064186127354215
81925,42,-0.0677966101694916
91262,0,0.0457273506716204
82212,0,-0.0471453287197232
82179,23,-0.0138218516893373
82176,0,-0.2645290581162325
82234,22,-0.0530973451327432
82281,7,-0.5180722891566265
82272,22,-0.0273417721518987
82266,42,-0.0064724919093851
82287,48,-0.0233368164402647
82261,10,-0.0016474464579901
82508,49,-0.2144041696280503
82298,22,-0.0650064090825855
82518,0,0.0396039603960396
82515,0,-0.0218569976279228
82521,35,0.0187499999999998
82513,18,-0.0607950941002326
82307,22,0.0186147186147187
82575,9,-0.0346484572584723
82567,0,0.0423216444981862
82581,0,0.0474481309638448
82618,49,0.1372249029069083
82649,22,-0.0449129239230063
82552,0,0.0269277845777233
82643,50,0.0137209302325582
82546,4,0.0499653018736989
82547,50,-0.1055758683729433
82642,9,0.0558081852004961
82651,15,0.0164400243555915
86042,0,0.0360576923076922
82634,49,-0.1285562968849087
82573,23,0.034859521331946
82587,0,-0.0844720496894411
82607,0,0.1124586549062844
82599,0,0.0053117137265865
82762,10,-0.2453987730061348
82779,48,0.0753424657534247
82720,35,-0.0393442622950818
82686,4,0.0448490979598719
82759,20,0.0059042883778743
89736,0,-0.0028806584362139
82768,12,0.0333333333333334
82702,0,0.0615678776290631
82699,0,-0.2615677735438215
82747,0,0.3773584905660376
82800,42,-0.0139349701393497
82812,7,0.0729962607706065
83875,7,0.0149572649572651
86122,47,0.5787037037037037
87832,0,0.1116504854368931
83529,48,-0.0154109589041095
88177,7,0.0519187358916479
84825,0,0.0096930533117931
90710,0,0.0491071428571427
83145,49,0.04921968787515
87471,35,-0.0682978723404255
91910,10,0.0544554455445545
83149,0,-0.0205479452054794
83120,0,0.063042657606644
84397,0,0.0070175438596489
91187,0,0.0537107438016528
37381,0,-0.1878787878787877
83111,49,0.0513274968394437
83124,28,-0.0034142640364187
82859,49,0.0457863304578631
83303,9,-0.2789473684210525
83307,0,0.0227987421383646
83152,42,0.0032552083333334
83143,0,0.0949367088607595
83272,0,0.0533034714445688
83304,0,-0.0077760497667185
83244,0,-0.0072727272727272
83390,0,0.005181347150259
86080,7,-0.0123456790123456
83413,0,0.0110633066994467
83411,27,-0.0483050847457627
84215,0,-0.0360611264231807
83414,23,-0.0141372141372141
83421,9,0.0972222222222221
83366,0,-0.0167249660496032
83382,18,-0.0465924895688456
83405,8,0.0365853658536585
83422,23,0.0197069226882264
83520,7,0.0079908675799087
83504,42,-0.0879368658399097
93043,0,-0.0255991285403049
83509,0,-0.0591836734693875
83462,27,-0.0140148392415498
83565,0,-0.0066176470588235
83503,28,0.0481548154815481
93312,5,0.0958376156217881
92851,28,0.0144885540423065
88811,0,0.037090909090909
86091,0,-0.0638143582306017
83616,0,0.1117092866756392
83690,0,0.0572842998585572
89202,9,0.0150943396226415
83621,0,-0.0374787052810903
83633,9,0.0299684542586751
83630,0,-0.0342741935483871
83661,0,-0.0167659832340169
83602,35,-0.2060185185185185
83683,0,0.0305614783226724
90082,0,-0.0234558248631743
83774,36,0.0073982737361282
83779,35,0.2818346409173202
83799,7,0.2817264836969269
83756,7,0.0505050505050506
83916,28,0.0932449233319518
83879,0,-0.0116185897435897
83844,9,0.0342960288808664
83856,10,0.141702921068987
83883,42,0.1343930635838151
83862,0,-0.0926503340757237
83910,0,-0.0383536014967259
83906,0,-0.0177773960838198
83885,7,0.136094674556213
83903,30,-0.0078947368421051
83831,27,0.0
83969,0,-0.0882936507936508
92530,0,0.0170082860880942
88436,0,0.1214552387004528
83950,0,0.1339155749636098
83961,0,0.0468468468468468
83965,49,0.0886075949367088
84030,7,-0.0096618357487923
88905,42,0.0611510791366907
84026,9,0.1495726495726497
89758,22,0.0312020460358055
84103,28,0.001785714285714
89425,28,-0.0068917987594762
84062,0,0.1064798598949212
84636,23,-0.0276662204373048
85996,10,-0.0557522123893805
84042,49,0.0143916266899259
84010,0,0.0596816976127321
84060,0,-0.0493862403654011
84041,4,0.0692794321863909
84032,0,0.042531516617853
93080,35,-0.5289672544080605
84168,0,0.0300445103857567
84203,0,0.2106455266138165
90666,0,0.1306356059845366
84234,10,0.1332933653077539
84172,0,-0.1512643678160918
84262,28,-0.0547345374931581
84210,0,0.0674569573807508
84348,0,-0.155427503504127
84325,0,0.0232945091514145
84365,0,0.0083950617283949
84342,0,-0.1785195936139332
84364,0,-0.0500679655641141
84302,7,0.0673076923076922
84320,49,-0.0472677595628416
84373,0,0.0708027892007867
84319,48,0.0558696822832527
93131,15,0.0039215686274509
84331,0,-0.0238461538461538
86440,10,0.0089999999999998
85176,48,-0.3854783146365163
88984,0,0.0017730496453902
84438,10,-0.0968688845401174
84385,15,-0.0012476606363068
84413,9,-0.0323325635103924
84531,4,-0.0570758405003908
84563,23,-0.0184924623115578
84555,0,0.1060171919770771
84624,0,0.0843427545984747
84606,49,0.0250054359643401
84389,27,0.0243605359317904
84597,50,-0.0489028213166143
84737,20,-0.0174476570289131
84749,9,0.0024906600249068
84761,0,0.0122669283611382
84607,47,-0.1159420289855073
84656,0,0.0394194940184349
84734,47,-0.0335227272727273
84780,0,-0.0357339197361188
84827,10,0.0008271298593878
84788,10,0.0276854963338046
85079,10,0.1208991494532198
85035,0,0.1149289099526067
85002,18,-0.0929167788849987
85072,15,0.013939353901037
85067,42,0.0495654216584449
85013,0,-0.0435835351089587
85077,0,0.0359712230215827
85020,27,0.0344322344322343
85059,23,0.1
85168,27,-0.0274542429284525
92245,49,-0.0297536029753603
85187,47,-0.0608166811468288
85177,0,-0.2247422680412371
85173,0,0.0198990627253066
87364,0,-0.0993657505285413
89022,15,-0.026046511627907
85198,0,-0.0143572621035058
85246,0,0.0465959099145742
89038,28,0.0132158590308371
90942,7,-0.1637931034482758
85280,49,0.0443475099963648
86818,0,0.0277122641509435
85320,47,-0.0688073394495414
85319,10,0.0072211155378487
89898,7,-0.3698630136986301
85401,12,-0.0696864111498258
85349,47,0.1634372367312553
90012,42,0.0160427807486631
85333,48,0.0387409200968522
85348,9,0.004156383945967
85372,0,0.0656641604010026
91908,0,-0.0198541666666666
93295,49,0.0135363790186127
89270,30,0.0191938579654509
90875,42,0.2569832402234637
85418,36,-0.0358920618286613
85502,12,7.423529411764706
85440,31,-0.1010289990645463
85488,30,0.0204264468733201
88635,0,0.0530871321407964
85517,15,0.0187867813490265
87139,30,0.1523959151610368
85424,0,-0.0963578500707214
89615,47,0.0708967674661105
87837,0,0.1098901098901097
85427,0,0.1160404824622209
85419,0,-0.0400323493732309
85496,4,0.1065675340768277
85540,42,-0.0103092783505154
85621,0,0.0510466712422785
85627,0,0.0813475760065736
85539,12,0.0276497695852535
85571,7,0.1501416430594899
85798,0,0.0200222469410455
85593,0,-0.0484358728557012
85567,7,-0.1274729055565113
85576,0,0.0198938992042441
85522,47,-0.0731204943357364
85526,0,0.0226415094339622
93285,35,-0.1561428571428571
85686,48,-0.1484653818700928
85725,0,0.11552
85675,0,0.0454860309397366
85559,0,-0.0198150594451783
85645,28,0.0809084457061746
91419,0,-0.0988235294117646
85710,0,0.0647893288164302
85663,48,0.076947671320473
85728,9,-0.0074074074074074
85883,8,-0.0158566011720097
92878,28,0.0132243548535218
89938,0,-0.0047142015321154
92557,47,0.0518018018018016
92320,0,0.0266666666666668
85731,36,-0.0253712871287128
85751,0,0.0035981308411214
85656,0,0.04
88183,0,-0.0078328981723237
85744,47,0.1082677165354331
85753,42,0.0614667231877914
85768,0,0.0885668276972624
85724,7,-0.353185595567867
85792,0,-0.0376984126984126
85839,50,-0.0445425361155699
85966,9,-0.0023532531238608
85886,49,0.0459770114942528
85889,28,-0.0160845588235294
92560,42,-0.4023668639053254
88384,22,0.065073386154046
85931,49,-0.1048183839881393
85903,12,0.2554347826086958
85804,22,0.0233236151603499
85739,35,-0.0307017543859648
88203,0,-0.0227870289219982
85963,0,0.0347369002048694
86102,0,-0.0094604064470917
86111,31,0.0731561302681993
87014,23,0.0140935297885971
85860,8,-0.0154185022026431
85863,0,-0.0280297743661317
87488,9,-0.0271178771130288
32687,0,-0.0199275362318839
85829,36,-0.0043859649122807
87501,0,0.0266940451745378
87508,47,-0.0883720930232557
88820,0,0.0405049973698052
88951,28,-0.0352710646636186
85939,1,0.0156521739130435
85951,0,0.2667253521126762
90603,0,0.0503496503496503
85953,42,0.0038986354775829
86302,28,-0.0073891625615761
87614,36,-0.0057471264367814
85994,20,-0.0347533632286995
89821,0,0.0404907975460122
85992,0,0.0294957183634634
85972,0,0.0289389067524115
86047,0,0.2716981132075471
89681,0,-0.0024933769674302
90331,0,-0.0210013908205842
90544,0,-0.0066225165562914
86062,15,-0.0610220325297035
86026,0,-0.0206688341848583
86021,0,0.0502730345843807
86097,0,0.0203761755485893
86051,35,0.0185185185185186
86113,0,-0.0903591598026741
86048,28,0.0166666666666666
86196,10,0.0626933043550947
86128,0,0.0006226650062266
88341,9,-0.0064525547445255
86211,9,0.1621510335172526
89279,36,0.0
87404,35,9.49367088607378e-05
86150,1,-0.1881188118811881
87318,0,-0.0425277029050614
86157,28,0.0328685258964143
92919,30,-0.0132770066385032
86158,12,0.0147166266569251
87067,8,0.0144381669805397
88836,47,0.0
86155,0,-0.0140405616224649
86178,35,0.0139296187683284
86288,49,-0.0145440984523586
90221,0,0.0236220472440944
86228,23,0.0088344257623254
88257,4,-0.0233576642335765
89643,0,-0.0331244404655326
86299,0,0.1801801801801801
86236,20,-0.1705150976909414
86250,15,0.0339285714285715
88516,18,0.248108925869894
86233,7,-0.0207100591715976
86260,35,0.0
92935,42,-0.0437956204379562
86728,18,-0.1087891825445604
86312,42,0.008232510082325
87160,0,-0.2772585669781932
86305,0,0.0129990714948933
86339,9,0.0549979375773408
88850,7,-0.1072318339100346
86362,0,0.0481927710843375
88940,0,0.126509186351706
86868,0,-6.263295816333336e-05
87658,12,0.1369294605809128
89109,0,-0.0807692307692308
91431,4,-0.0060240963855421
90914,10,-0.0292583352234068
86435,18,0.2063818836850233
86432,0,-0.0147457627118643
86489,42,0.0076086956521739
86544,10,-0.0145454545454546
86525,9,0.060892257984342
86526,9,-0.0130718954248366
86533,36,0.0492320129345189
87069,0,-0.0119858073653329
86573,0,-0.0255052935514918
86578,0,0.0
90591,23,-0.0223838836038053
87342,18,-0.0630914826498422
86582,23,-0.0526755852842809
86547,0,0.0504249291784701
91608,31,0.0239234449760765
86560,27,-0.0333333333333334
86719,0,-0.0298464213271515
92094,0,0.0611764705882351
86709,48,-0.0168119551681195
86715,12,-0.2721739130434782
86595,9,-0.0101651842439643
86717,9,-0.0891276864728192
86720,0,-0.0123152709359605
90590,0,0.0706462212486307
86759,7,-0.2607361963190183
86763,18,0.045016077170418
86778,15,0.0248667850799291
86783,0,0.1044094148132153
86810,48,-0.6063423331635251
86820,8,0.0049833887043189
86822,0,-0.3041958041958041
86819,12,0.1250000000000002
86827,0,-0.0090185676392573
86799,31,-0.007638732869018
86830,0,0.0321579689703808
86899,0,0.0951359084406295
86916,18,-0.0089285714285713
92318,36,0.0110174983797797
86924,0,0.0077821011673151
86926,28,0.0684261974584554
86876,0,-0.0268853953064479
86946,0,0.0567074251284778
86964,31,0.0321384425216315
86949,49,0.0856306416199073
88368,0,0.0213740458015267
86996,0,0.1307932263814615
87006,49,-0.0426957304269574
86989,7,-0.262589928057554
87000,0,-0.0688562373955632
86965,23,-0.0038876889848812
86979,23,-0.0093155123531794
87016,0,-0.2575488454706928
87077,10,0.0016196205460434
87020,50,-0.0311933260790714
87121,0,-0.0306469920544837
87066,10,-0.0965103598691384
87075,0,0.0215703192407248
87056,0,-0.0046367851622873
87034,5,0.0130025050697841
87086,0,-0.0344827586206896
87162,10,0.0238532110091742
87167,0,-0.0520117762512266
87165,47,0.2235734331150609
87179,49,-0.0023100616016428
87173,7,0.1233532934131735
87172,0,-0.042517006802721
89529,47,0.0096989349617964
87227,47,0.0045871559633028
87264,0,-0.189867348569602
87261,0,-0.0784810126582278
87236,22,0.0654761904761904
87267,27,0.0129567774086378
87345,0,-0.0677361853832442
93313,7,-0.3396839142671574
87268,49,-0.0609530845954929
88475,0,-0.0652670013692378
87361,0,-0.1515151515151515
87269,20,-0.0154584221748402
87277,42,0.1918158567774937
87356,0,-0.4215384615384615
87302,42,0.0869224745497261
90358,0,-0.0153733528550512
87299,50,0.0239306576220086
87321,10,-0.005420054200542
87337,18,-0.0645161290322582
87379,0,-0.1192504258943781
89597,12,-0.0292690101485511
87439,12,0.1926470588235294
87430,8,0.1786703601108032
90808,49,0.0325397943372305
87394,0,-0.04673721340388
87415,20,0.0406147091108672
87424,0,0.0293398533007336
87373,35,-0.0476190476190475
87510,0,0.02363184079602
87445,0,0.0205685978892957
92942,47,0.3044354838709677
87496,0,0.0725047080979286
87498,0,-0.0757880617035546
87487,0,-0.0237099023709902
87525,50,0.0119840213049269
88926,0,0.2571428571428573
87632,7,0.1245421245421245
87541,49,0.0379708839861925
87583,47,0.0633802816901409
87589,23,-0.0922077922077921
87602,42,-0.1965134706814578
87771,7,0.8100929614873837
87612,0,0.1401944894651541
87797,42,-0.1346153846153847
87825,10,-0.1618122977346278
87814,42,0.0319327731092435
87785,18,0.2350374064837905
87812,23,0.0037819799777529
93271,35,-0.1364392678868551
87657,31,-0.0033141033509266
87659,0,0.03858895156236
87789,0,-0.1155648099947944
88207,28,-0.03518821603928
88152,0,-0.0078395204058103
93368,29,-0.0274337095146343
88167,47,0.1359823399558499
88468,7,-0.0688259109311741
88173,12,-0.1428571428571428
88174,20,-0.0383838383838384
88195,48,-0.0505780346820808
88159,35,-0.0649717514124293
90354,47,-0.3764705882352941
88370,12,-0.1721854304635761
88246,0,-0.0027932960893854
88182,28,-0.0765143464399575
88260,0,0.2124756335282651
23887,30,-0.026890756302521
89572,22,-0.0357362908194701
88534,9,-0.0059435364041604
88264,0,0.1223241590214068
90071,0,0.0892420537897311
88343,0,0.0266700533401067
88319,0,0.0498790461928349
88352,22,0.022228310140218
88331,0,0.0361085556577736
88335,35,-0.1627906976744185
91040,0,0.0295230885692656
88281,0,-0.0026061057334326
88313,27,-0.0370981038746909
88280,8,-0.0354246692274861
93190,7,0.0655737704918033
88332,0,-0.2669902912621359
88287,22,-0.0249507550886408
88439,0,0.0342651036970245
88417,2,0.0502793296089385
19675,42,0.0469458038789196
88466,35,0.1830065359477124
88485,0,0.0094161958568739
88421,47,-0.0390625
88446,0,0.1648876580870328
88511,35,-0.2123893805309733
88542,42,-0.0704225352112676
88504,28,0.0140367860600192
88497,47,-0.0496453900709218
88545,9,0.0488721804511276
88574,42,0.2431372549019608
88564,9,0.0116279069767442
89617,0,0.0582503594057823
89395,5,-0.0014463407578825
71862,0,-0.0779944289693592
48506,49,0.0896815286624204
88648,20,-0.0494296577946767
89169,7,-0.2458100558659217
88739,30,-0.0163360560093349
88620,47,-0.1573208722741432
88615,0,0.0147729741472952
88661,0,-0.0882418812989921
91360,9,-0.1200586627558163
88740,0,0.0275119617224881
88750,8,-0.0644122383252818
89685,35,-0.4185370391906036
89576,7,0.0285714285714286
89925,0,0.1191335740072201
88792,36,0.0066445182724252
88807,35,-0.0662983425414365
88786,48,0.0551508844953174
89029,29,-0.1508951406649616
88860,0,0.0837467751538003
90478,49,0.1207865168539326
88949,0,-0.1327962577962578
88839,8,-0.0236966824644548
90029,7,-0.1165644171779141
88908,23,-0.0319051959890611
88897,28,0.1074737492279185
92601,0,-0.0116655865197666
88991,35,-0.149921094160968
88895,0,0.095774647887324
89004,0,0.0239858906525574
90238,47,-0.1623931623931622
89290,49,0.0954143201930812
89006,30,0.0552594670406731
89110,0,0.0018882175226586
88970,0,-0.0295047418335089
89046,0,0.1115173674588665
88994,18,-0.2164383561643835
88987,42,-0.0570450656018254
89642,0,0.0107142857142858
89031,48,-0.1783281733746129
89002,49,0.0584952483875669
89014,28,0.0179008370895041
90176,47,-0.1839291872629038
89167,0,-0.1861777150916784
89036,0,-0.0072492952074103
89044,0,0.0612679808204583
89215,27,-0.1025641025641026
89070,50,0.077995867768595
89327,0,0.0469711694201488
90175,18,-0.074060427413412
89413,0,-0.0491400491400492
89203,0,-0.1549074397485155
89179,0,0.0762812872467222
90223,0,0.1100628930817608
89244,12,0.0520202020202018
93302,0,-0.0868167202572347
89269,49,0.1222891566265058
89168,4,-0.0081818181818181
89217,0,0.0237447440019786
90643,0,-0.0248226950354609
90204,7,-0.4186046511627906
89230,0,0.0709580838323353
89307,8,-0.011397921555481
89252,4,0.0931677018633541
89262,20,0.0540145985401459
90125,47,-0.4886877828054299
90081,30,-0.0426770126091174
91379,7,-0.0787234042553191
17279,0,0.0462807135644565
89297,5,0.0638236147374529
89353,27,0.2220113851992409
89321,12,-0.0424528301886794
91015,0,0.0075187969924812
92174,0,-0.0890688259109312
89409,0,0.0377659574468085
90192,9,0.2659446450060168
89332,35,-0.0275862068965517
89424,42,0.0242038216560509
89387,9,0.0071281482654839
89394,47,-0.0474406991260923
91975,28,-0.0086366440468846
89445,48,0.0740740740740741
91665,28,-0.1170336037079954
93016,7,-0.0904761904761903
89567,0,0.0869565217391306
89920,10,0.1447891805887033
91152,0,0.0609434418395458
91727,10,0.1241743725231174
89753,0,0.2626086956521738
89471,0,0.0116788321167884
89453,49,0.0603118564283611
91269,0,-0.1519999999999999
89406,50,0.030613677854234
89626,20,0.0228725671260121
89443,0,0.0101426852329378
89916,18,0.1658720200752823
89533,0,0.0543430281033892
90601,0,0.0271002710027099
93069,12,-0.1717791411042943
89452,18,-0.3419062027231468
89482,42,-0.1328560063643595
90313,10,0.1735372340425531
89941,12,0.0730211817168338
93150,4,0.0332171893147503
90067,31,0.0919623461259957
89876,5,-0.0207711105077382
89653,36,-0.025891829689298
89826,0,-0.0888058373376045
89574,42,-0.0237970253718284
89546,0,-0.0211795373085695
89509,49,0.0840329079919408
89573,0,-0.0200174064403829
90436,0,0.0604026845637584
90492,0,-0.096646942800789
16852,47,-0.1854545454545454
89781,10,0.1521390374331552
89698,29,0.1183098591549296
89796,0,-0.2037037037037037
89793,0,-0.0268672756582482
89741,47,0.1260709914320683
89800,0,0.0178018575851393
89799,0,-0.0088105726872246
90170,18,0.0249999999999999
90080,8,0.0371009490940466
89824,0,-0.0100960354592464
90007,4,0.059815668202765
90716,27,0.1596424010217114
89901,0,-0.025366250678242
89866,9,-0.0473901098901099
89889,0,-0.024
89964,0,-0.0257927117841929
89922,9,0.0255357957136341
89877,18,-0.1901140684410646
89913,42,0.2131624927198601
89905,0,0.1011000523834468
91086,28,-0.0724964739069111
89973,8,-0.0549542048293089
89971,47,0.0952570745316858
90038,0,0.0059338377095388
89952,0,0.0151746724890828
89904,49,-0.0110184095264167
89960,1,-0.0357827476038339
90052,0,0.0562538892345987
90088,0,0.1167567567567566
90129,35,-0.2117437722419929
92636,47,-0.1394666666666667
90085,0,-0.0138408304498268
90126,18,0.0967032967032968
90490,0,-0.0075853350189634
91977,27,0.0445121951219511
92282,7,0.0442764578833694
90210,0,0.1083333333333333
93012,7,0.1111111111111109
90604,47,-0.0585365853658536
90248,0,-0.0259478354396341
91901,8,-0.1133858267716535
90232,35,-0.1647819063004847
90110,28,0.073580786026201
90275,42,-0.0057752110173256
90700,0,0.0207407407407407
90319,29,0.068744428656895
90533,0,-0.2359375
90708,36,-0.0298649938633573
90325,47,-0.0749354005167959
90427,0,0.0218270008084076
90292,12,0.0579710144927536
90447,0,-0.1549707602339181
90614,7,-0.1818181818181818
90288,47,0.0262303664921466
90227,0,0.130587644399799
90314,42,-0.0195674562306901
92453,47,-0.0924855491329479
90353,0,-0.0303541315345698
90515,8,0.0677966101694915
92132,0,0.2817185697808535
90421,0,-0.0559322033898305
90312,10,0.1355337078651683
90536,8,-0.0913978494623656
90090,0,-0.0252482747012287
91400,0,0.050342979635584
19721,0,-0.0047722342733188
90901,35,-0.2117647058823529
90411,12,-0.0566037735849056
90098,18,-0.0240662650602409
90455,49,0.0590296495956872
90274,31,0.0142372881355932
90249,0,0.021604024859426
90444,0,0.1161919040479759
92332,12,-0.1212621359223301
90404,30,0.022167487684729
90416,0,0.0026041666666667
90833,0,0.0124572545188081
90371,0,0.2531194295900179
90488,47,0.1550925925925925
90476,7,-0.043478260869565
90487,36,-0.0240160106737824
90496,12,-0.0076335877862595
90568,48,0.0115431348724177
90505,0,-0.0329836977126247
90600,28,-0.0246913580246913
90637,0,0.001850138760407
90718,36,0.0152439024390245
90540,36,0.0096359743040685
90417,0,0.0091743119266054
90409,49,-0.0466292134831461
90548,9,-0.03125
90803,15,0.0251004016064257
90386,0,-0.0009992006394883
92521,18,0.0838709677419353
90520,0,0.0206739378153997
90440,49,-0.0315664085765335
90564,49,0.0202863961813841
90605,0,-0.0150040551500405
90550,0,0.0424090338770388
90569,0,0.0033343753256227
90558,0,0.0654690618762474
90734,0,-0.019730510105871
90547,35,-0.213953488372093
91500,37,0.0015903869941684
90494,1,0.0557432432432432
90948,47,0.0961080222398729
90711,8,0.0235562310030394
90634,18,-0.0468924451060662
90672,31,-0.020944402132521
91018,49,0.0265706481251553
90664,0,0.0406905055487052
90742,42,-0.2690397350993377
84553,7,0.1333333333333333
90849,27,0.0748768472906404
90720,0,-0.0853503184713375
90636,0,0.009080325960419
91114,0,-0.1489461358313817
86165,18,-0.1647382355015096
92571,35,-0.1401574803149605
90993,9,-0.0393269908041479
90763,1,0.0894245723172628
90665,9,-0.0045045045045044
90735,35,-0.0612745098039215
90786,35,-0.0100081146875844
90730,0,-0.0493506493506493
90885,0,0.3484848484848486
90752,42,0.1219195849546044
90792,30,-0.0697916666666667
91605,10,-0.0191912268677175
90791,0,0.1220692221808708
90856,0,0.0727272727272727
90871,0,-0.0270055599682287
90867,0,-0.1093591036772216
90984,0,0.1214588082057961
90776,49,-0.0082358040745557
90722,1,-0.0119676320272571
90779,0,-0.0822590546347452
90829,0,-0.0075865725822897
90831,31,0.0125744540039709
90775,28,0.0014698022447887
92619,31,0.0097902097902096
90868,0,-0.0218145761031235
90795,18,-0.0316455696202531
91141,47,0.2095997342634112
90955,35,-0.2777245738364298
90805,0,0.0139657444005267
90952,0,-0.595959595959596
90961,0,0.0374639769452449
90862,7,0.0842105263157895
92681,9,-0.1333333333333333
92227,0,-0.0806233062330623
91286,18,0.0778645833333333
90971,10,0.0546268656716417
91032,0,-0.1308820310790106
90956,47,-0.0391173520561685
91594,27,0.0805860805860807
90825,22,-0.0179445350734095
90870,0,-0.0367812399614519
90963,0,-0.0970691676436108
90940,0,0.0388809862494072
91349,0,-0.1340941512125534
90951,42,0.0156599552572707
90900,42,-0.0095274390243902
90957,1,0.2001748251748252
90958,9,0.0022900763358777
91356,30,-0.0378429517502364
90988,0,0.0445979899497486
90989,1,0.0174563591022445
91020,9,-0.1124694376528117
92044,10,0.1012130401819562
91090,36,-0.0132187706543291
90978,0,-0.0023937761819269
90979,0,0.0388627531192473
90969,10,-0.0521582733812949
91967,42,0.0053763440860215
91488,7,0.0
91075,48,-0.0596198156682027
91083,27,0.0154241645244215
91408,0,-0.0361046415268799
91073,48,-0.0570114942528734
91063,0,0.0041186161449753
91192,48,0.0601092896174861
84185,48,-0.1851351351351351
91041,0,0.1360153256704981
91515,47,0.4007003501750874
91099,1,-0.0913705583756344
91080,48,-0.1011673151750972
91096,36,0.0533333333333334
91088,35,-0.1214953271028038
89003,0,0.0134755755193711
91603,0,0.104215153866046
91100,9,-0.0044359949302915
91176,4,-0.0104758909346044
91095,1,-0.1084057971014492
93175,30,-0.0452975047984645
91151,30,-0.0123884131900163
91186,48,-0.2613065326633166
91428,35,-0.2080776083943772
91234,49,-0.075657894736842
91201,7,1.2304615384615385
91348,35,0.1111111111111109
91237,27,-0.0104166666666666
91215,0,-0.0287589871834947
91359,20,-0.0138888888888889
91395,35,-0.0645161290322581
91366,31,0.0430354796320631
91350,29,0.1730103806228373
91167,0,-0.022907488986784
91299,48,0.0112612612612612
88258,9,-0.1707478491065519
91363,48,-0.1346733668341708
91463,42,0.0107438016528926
91371,35,-0.0113895216400911
91277,0,0.002408809359945
91283,18,0.1304347826086958
93035,0,0.0852435530085959
91472,35,-0.15014164305949
91579,1,-0.0425699645250295
91514,28,-0.0467970847717682
91485,22,0.0447300771208227
91503,28,-0.0828258221680877
91446,0,0.0024096385542167
91391,22,0.0551267916207276
91432,0,0.0458333333333333
91614,28,-0.0698086463501063
91468,0,-0.0454195535026943
92506,35,0.1802403204272362
91434,0,0.0815179198875615
91392,0,0.0363050182225961
91413,0,0.0301328841474826
85208,0,0.0
91618,5,0.0175438596491228
91659,49,-0.0208599404001703
92040,12,0.0675675675675675
91355,0,-0.0550595238095238
93189,48,0.2401149268025721
91405,4,-0.0235783633841886
91397,0,-0.0229885057471264
92093,18,0.0116279069767442
91461,0,0.0189035916824198
91416,49,0.0333779997563647
91486,9,0.0051307109699487
91611,47,-0.0846051266854347
91742,0,0.1438127090301002
91615,35,-0.2034951456310679
92054,12,0.0486486486486485
91622,23,0.0058027079303675
91501,36,-0.0377697841726618
91625,0,0.3383297644539615
90077,0,0.0326061677287314
92773,49,0.0353824160114366
91516,36,0.0097031963470319
91683,9,-0.0653046333454943
91668,10,-0.0236732167723966
91613,0,-0.2932692307692308
92456,12,0.2150170648464162
91571,0,-0.1771623672230652
91616,7,-0.228395061728395
92921,0,-0.0800915331807781
92589,18,0.0909901873327385
92252,48,0.1944444444444444
91630,35,-0.1283783783783784
91658,0,0.0008782201405153
91678,22,0.0476900149031296
91754,48,0.0363636363636363
91666,20,0.0423452768729639
91650,0,0.0219088390833541
92035,7,0.2519774011299436
91741,0,-0.0265060240963855
91743,36,0.0161834120026973
92449,47,-0.1318681318681318
91883,5,-0.0021208113869072
91736,0,0.0015479876160993
91822,20,0.0315997366688611
91907,0,0.0559921414538311
91836,35,-0.2980132450331125
91688,0,0.0334152334152333
91692,0,-0.0494117647058823
91826,7,0.1570512820512819
92232,27,0.0635022450288644
91814,0,0.05
91959,20,0.0211742059672761
91854,23,-0.0265638389031706
91956,0,0.0252897787144361
91968,23,0.0067214339058998
92091,35,-0.1626804123711339
91900,47,-0.09125
93177,7,-0.0170212765957447
91905,0,-0.0450885668276973
91909,12,0.5052631578947369
92421,42,-0.0276967930029155
91849,50,0.0699008868022952
93188,47,0.0
92101,35,-0.1965811965811965
92210,0,-0.0249905338886785
91915,28,0.064145847400405
91979,0,0.0220689655172414
92052,30,0.2398753894080996
92207,10,-0.0781456953642384
92034,27,0.1560066084493745
92050,0,-0.0265745415891576
92345,35,-0.1454368932038835
92038,0,-0.1868644067796609
92095,10,0.0156249999999997
92096,48,0.051593851118892
92195,0,0.0360429447852761
92201,0,0.0189692307692308
92097,35,0.0531400966183577
92121,0,0.0577817531305904
91976,12,-0.1858407079646018
92021,37,0.007255325717814
86812,0,-0.0140625
92150,42,0.0
93126,47,-0.1275910931174089
92143,10,-0.1605839416058393
92102,0,-0.0031918289179698
92229,49,0.0376099484379739
92220,9,-0.0792227204783259
92177,12,0.0672853828306265
92239,0,0.0103487926408587
92758,18,0.0150511739915712
92805,47,-0.2855572653330402
92184,49,-0.0018389113644722
92188,49,-0.0022427810485001
92296,0,0.0264477515367194
92172,0,-0.077124183006536
92183,0,0.0108843537414966
93149,1,0.0436781609195402
92221,9,-0.0879168006861799
92257,0,0.0431304723813641
92223,35,0.0222222222222221
93004,35,0.0224719101123593
68145,47,-0.3401869158878504
92936,7,-0.2015209125475284
92293,22,-0.076330840299164
93130,0,0.5994152046783625
92302,10,0.1423047177107501
89756,18,0.0235690235690235
92402,23,0.0646275283670447
92303,0,0.0823529411764705
92308,0,-0.0109090909090908
92319,35,-0.2235294117647058
92326,0,-0.0425228891149541
93052,42,-0.0204081632653062
92354,0,-0.0551977920883164
92445,7,-0.2105263157894735
92454,0,0.098240469208211
92428,42,0.0213872832369943
92429,42,-0.059277108433735
92432,50,0.1035294117647058
92443,8,0.0030840400925211
92395,18,0.0005878894767783
92448,7,-0.1618953603158934
92460,35,-0.10840108401084
92493,0,-0.0304054054054053
93239,12,-0.237012987012987
92464,0,0.0258431887866843
92466,10,-0.1698113207547168
92478,42,0.0217008797653959
92497,47,0.0411331005044623
91136,12,-0.0099009900990097
92467,28,-0.0358056265984654
92535,7,0.0425531914893617
92469,0,0.1358985765124554
92917,18,-0.1742031134173461
92528,0,0.0234578627280626
92523,0,0.0288880094974277
92527,30,0.0777777777777777
92555,36,0.0075117370892019
91365,48,-0.0243478260869565
92687,47,-0.1877133105802049
80452,7,-0.3081395348837209
92614,28,0.0676477048100152
92587,0,-0.0755667506297229
92611,0,0.0603129164404521
92648,0,0.0112531258682968
93040,0,0.140710382513661
92588,36,0.043125
10258,18,-0.026
92602,42,0.0364040735104764
93347,47,-0.1277930223441786
92597,27,-0.0036184210526315
92984,10,-0.0633663366336634
92931,9,-0.0305059523809523
92618,0,0.0411403825333813
82831,18,-0.3706770579639552
92753,0,0.0136986301369861
93031,7,0.1093333333333332
92670,47,-0.0845588235294118
93345,35,-0.1588235294117647
92621,0,-0.005521472392638
92765,7,0.2574086836664371
93079,9,-0.0511247443762781
92780,48,0.0023267838676319
92924,42,0.0194761584956346
92852,49,0.0248953001395997
92685,8,0.0019398642095052
92688,47,-0.1050583657587548
92709,0,0.0185160516850939
92692,0,-0.0357664233576641
92810,36,0.019753086419753
92696,18,-0.211416490486258
92772,0,-0.2048894062863795
92771,0,-0.0416953824948311
79678,5,0.0384807596201899
92775,18,-0.1282668500687757
92729,0,-0.0134529147982062
93111,35,-0.1329113924050632
93095,0,-0.0619603859827324
92782,37,0.0664961636828644
93089,9,-0.0149775336994508
82526,35,-0.0231958762886597
92777,0,-0.1016431583539333
92797,48,-0.0193548387096775
92890,10,0.0137094946748244
92913,0,-0.1738035264483627
92809,0,0.0062893081761006
87078,8,-0.0315374507227332
91161,48,-0.0227424749163879
92808,9,-0.0351302241066021
93344,47,-0.188235294117647
92854,28,0.0110767225932562
92940,9,0.0649958689066372
93274,7,0.0690804597701149
92987,8,0.0083088954056695
92988,27,0.0990783410138247
93073,48,0.0527289546716003
93098,0,0.0867093105899075
93132,36,0.0222929936305731
93230,35,-0.1677419354838709
93225,7,-0.01
93235,0,-0.0130657956136258
93085,48,-0.055735056542811
92596,42,0.1874062968515741
93185,49,0.0472359735973597
78003,48,0.206642066420664
93246,49,-0.1732336956521739
93128,0,0.0048661800486617
93353,18,-0.3298185699039486
93272,42,-0.0737797956867196
93091,0,-0.15253445456669
93356,0,0.0982625482625483
93305,0,-0.0802259887005648
93301,35,-0.0975609756097559
93307,7,-0.0300546448087432
90295,0,-0.0245901639344261
88244,7,0.1981981981981981
93224,31,0.0494258612081877
93233,27,0.0045787545787545
93304,28,0.0313378867014866
93234,0,-0.0317779565567175
93264,0,0.2994555353901997
93266,35,-0.0885245901639344
88278,12,-0.1982758620689654
93289,9,0.202033036848793
93106,35,-0.1455882352941178
86092,23,-0.0331838565022422
90840,7,-0.0563265306122449
10966,47,-0.0078740157480314
85511,18,-0.0604376519624869
92185,0,0.0088300220750552
90542,47,0.0576923076923077
91021,7,0.0663716814159294
93270,12,-0.1138461538461539
90199,0,0.12012012012012
90272,0,0.1479175930042982
90276,30,0.1247947454844007
90178,48,0.1970522915404804
90188,0,-0.0109759715218035
90187,42,-0.1125827814569535
90164,0,-0.0085742771684944
92457,0,-0.1344086021505375
90233,35,0.0849387040280211
90097,0,-0.0281690140845071
92870,0,-0.0012804097311138
90200,0,-0.0667581161408322
90207,48,0.0624999999999997
91609,15,0.0020040080160319
90399,9,-0.0046511627906975
92894,42,0.0613229755178907
92155,18,0.4344262295081966
92983,28,0.0314757481940144
82678,7,0.0250000000000001
