firms,clusters,mom1
54594,0,-0.2200647249190938
13056,0,-0.123125
14526,0,-0.0374470856398567
11581,0,-0.0403373670700402
15203,0,0.0418461538461538
16126,0,0.0371301489073681
16249,7,-0.182741116751269
17137,52,-0.1266294227188081
20670,13,0.0250836120401336
64899,28,-0.1126042632066728
23660,0,-0.0579525146796018
23975,41,0.016031646887362
82542,0,-0.2262626262626262
30680,0,-0.209742895805142
56274,28,-0.0259488768396592
31668,4,-0.0433839479392624
32046,0,-0.1116816431322208
47511,37,-0.0977157360406091
60628,0,0.0101994560290119
57330,0,0.0392083644510827
37875,0,-0.0759878419452887
20765,0,-0.1091703056768559
17144,4,-0.0156852661352532
39328,0,-0.0485714285714286
41452,0,-0.0901734104046243
89888,12,-0.1544117647058824
84226,23,-0.0992881228924691
86804,42,-0.1613308223477715
64020,0,-0.165032679738562
51423,0,0.0655475619504397
67002,15,0.0549738219895288
52090,0,0.0080486496154534
53613,0,-0.1138088012139605
54114,0,-0.0537634408602151
55213,0,0.0558823529411764
57665,0,-0.0329847144006435
91205,4,-0.1844660194174757
35107,31,-0.1868284228769497
61621,28,-0.0326016785022595
51692,13,-0.0512223515715948
64742,20,-0.123015873015873
65307,0,-0.0079036507339104
66852,0,-0.0840602696272798
46922,0,-0.1034482758620689
67193,14,-0.064052555943338
77354,0,-0.1178396072013093
69199,0,-0.1316537992685899
38850,12,-0.1730418943533698
44951,35,-0.2390572390572392
74500,0,-0.0275006307484115
74740,13,-0.1961279461279461
65752,0,-0.0995612554843063
40694,0,-0.0479024099970246
65306,0,-0.0582620144832126
92874,0,-0.0705882352941176
81294,41,0.0377107364685005
19502,31,-0.1294922989161437
81614,0,-0.1161178509532062
51086,9,-0.0810256410256409
83601,0,-0.0891255605381166
62042,16,-0.0385542168674699
21785,0,-0.1047008547008545
10044,0,0.0943281516965228
10104,9,-0.0996598639455782
75510,0,-0.0745156482861399
70092,0,-0.1647465437788018
75033,0,-0.22301024428684
12211,0,-0.1667914358436892
80297,47,0.1951219512195121
75976,0,-0.0012823800974609
77488,0,-0.019669551534225
76858,47,-0.2647058823529412
76568,0,0.1814404432132963
76605,52,-0.0401352736268174
76752,0,-0.1694036300777874
77637,0,-0.0064585575888049
77669,0,-0.073674752920036
79094,0,-0.1842217484008529
87055,0,-0.0202993876162396
79866,42,-0.345874090795084
80032,4,-0.1608853650479023
80719,47,-0.1976811594202898
81138,0,-0.0965360590573537
91364,47,-0.1038461538461538
81655,0,0.0329472843450477
82777,0,-0.0271333604666937
83148,0,0.1350931677018632
83597,0,0.0054358191874881
20598,0,-0.0135997779628088
89508,0,-0.0861678004535146
84746,47,-0.092964824120603
84785,0,0.0212765957446809
85040,0,-0.1238938053097344
85982,20,-0.0207641196013289
85272,42,-0.1118881118881118
85394,13,-0.1812454567482433
85796,0,0.0150462962962962
87092,48,-0.1869300911854102
87184,52,-0.1380640832075155
87214,0,-0.0816326530612244
88668,0,0.0133893410343921
88841,0,-0.0755007704160246
88873,0,-0.0850743054059876
89216,0,-0.0192549937016375
89900,0,-0.1244421107902337
90386,0,-0.0973116243847027
90992,0,-0.0205797961808646
92121,52,-0.0233038348082595
92378,0,-0.016140350877193
90179,29,-0.0274636510500808
11157,0,0.1971014492753622
47730,0,-0.0777491408934708
13777,0,-0.038647342995169
38746,0,-0.1248391248391248
60871,0,-0.0669574140584915
14198,0,-0.0332795777745198
14702,0,-0.1384487072560467
15537,0,-0.0295743144889288
68830,52,-0.335976928622927
85914,0,-0.1517897598550068
49373,29,0.0387755102040816
18570,41,0.0601464435146443
18973,0,-0.1156944892039961
19271,0,-0.0541709577754893
29938,0,0.0065019505851755
10866,0,0.305159165751921
25320,0,-0.0629618681643511
21726,0,0.0613979179944763
21742,0,0.0049689440993789
11267,0,0.0312612288896874
86474,42,-0.0879999999999999
22825,0,-0.0689948892674616
26201,15,-0.0659767141009056
65541,52,-0.0339117613700804
27562,0,0.0651947148817801
27909,14,-0.1545851528384279
63546,35,-0.0907692307692308
49154,0,-0.0005177770107007
19350,0,-0.1030840213695968
49429,13,0.0415117719950433
61313,0,0.0320253894979805
80971,0,-0.0108303249097472
12008,52,-0.1628901239846089
31500,42,-0.0745247148288973
33209,0,-0.3357664233576642
50788,0,-0.0569426193604905
77462,52,-0.0724037055095077
37058,0,-0.2822384428223844
62228,0,0.0315789473684211
59010,0,-0.0701754385964912
83233,37,-0.1845637583892617
32678,0,0.0332341269841269
23077,0,-0.0043143875445508
27828,0,-0.0840064620355413
66181,52,-0.047306429812705
32870,0,0.0292498279421886
42922,0,-0.1621724268894796
12503,0,-0.1770250368188513
89757,0,-0.0814429155820007
47571,29,-0.0454016298020955
16678,0,-0.0541469703480875
48291,13,0.0289855072463767
48347,52,-0.0637027206370273
64282,52,-0.1074446680080483
60097,0,-0.0356020942408377
52813,0,-0.023883696780893
60548,23,-0.0481927710843373
53197,0,-0.1112426035502958
56777,0,0.0672533226668605
57809,9,-0.0053803339517625
57817,0,-0.1519871106337271
79611,52,-0.0229276895943563
59185,28,-0.0912098298676749
34948,52,-0.0404250885601168
60709,0,-0.1363636363636364
35051,0,-0.066264049656098
18403,0,-0.2726012201885746
35238,0,-0.3784326858673811
13936,52,-0.0878378378378378
49971,23,-0.005249343832021
64785,16,-0.0891632373113855
62033,0,0.1057261410788381
91556,0,0.0281300813008129
50948,0,-0.1162876008804109
70923,0,-0.0615458015267175
42585,41,-0.0385533090543763
72005,0,-0.2295081967213115
76081,0,-0.0910434525569021
60580,0,0.0426812202630844
37807,0,-0.0574780058651025
80179,20,0.0065735414954806
80857,15,-0.0942028985507247
59627,12,0.0274725274725275
55976,0,0.1172975725683245
82924,28,0.0068599247621154
83011,0,-0.0976996639958646
15456,52,0.037593984962406
79672,0,-0.1459854014598541
40539,0,0.0179812994485735
10025,0,-0.0097505018640664
10182,0,-0.1148912437255995
10259,12,0.0852994555353903
10501,31,-0.0579387186629526
77420,0,-0.039804469273743
10514,0,0.3247046560111188
10659,0,-0.0980300187617261
10645,0,-0.2315789473684211
75527,31,-0.2052023121387283
10942,12,-0.051978277734678
89105,0,-0.2106824925816023
71837,0,-0.1216755319148935
11154,0,-0.0306946688206786
11343,9,0.0645223793838403
11379,16,-0.0286624203821657
11174,52,-0.0607313887679581
75100,0,-0.1909144025708442
11081,0,-0.2467929138668295
89609,0,0.0625
12266,35,0.1846808510638298
75489,4,-0.1467532467532467
75905,0,-0.0797020484171322
76052,4,0.03
76076,31,-0.1897792111138676
84184,7,-0.021978021978022
76671,14,-0.0288912964969303
76217,0,-0.1380880121396055
90751,52,0.0607891930323498
77007,7,0.0740740740740739
76839,0,-0.0269179004037684
76847,0,-0.1516129032258065
77045,28,-0.0237341772151898
77478,12,-0.358288770053476
77501,0,-0.189324437030859
77584,0,-0.1524469467301862
77699,35,0.0887096774193549
77830,0,-0.1135317582080394
77862,4,-0.0875912408759124
78216,0,-0.0196078431372549
78034,0,-0.0249339982399531
78050,0,-0.0031347962382444
78200,52,-0.1024335031126203
78881,52,0.0065274151436032
78975,0,-0.0300155252716922
79007,0,0.0895061728395061
78963,14,-0.048828125
79195,0,0.0053447354355957
79307,0,0.0685527747551688
79411,52,0.1060762100926879
79667,16,-0.2081927710843373
79881,0,-0.0341850828729282
79797,0,-0.25512104283054
80114,4,-0.0929292929292929
80274,0,0.0079575596816976
80233,4,-0.1953316953316953
80432,0,0.0721821210438644
80544,0,-0.0670872765509988
81165,48,-0.2045454545454547
82598,0,-0.2334835801674178
83399,42,-0.1106031746031745
83391,42,0.2268907563025211
83333,0,0.0240731824747231
83704,12,-0.2285163225944709
83808,0,-0.048780487804878
83822,0,-0.0901639344262295
83896,12,0.0689655172413794
83976,0,-0.3314729918277855
84084,0,-0.0617883456128599
84275,0,0.0286062081558127
84255,23,-0.015815085158151
84416,12,-0.1616161616161616
84588,31,0.0659637076998527
84519,0,-0.0856950067476383
85019,0,-0.0092807424593968
85390,0,-0.0002174858634188
85464,0,-0.1608623548922056
86189,12,-0.0688073394495413
89606,0,-0.183030303030303
86580,31,-0.0438461538461538
86594,37,-0.1578947368421052
91014,0,-0.0129870129870129
86881,0,-0.1606498194945848
86959,12,-0.1182795698924732
89416,0,-0.072635135135135
90539,13,-0.1755102040816327
87255,0,-0.2085264133456904
87310,13,-0.2787162162162162
87390,16,-0.1313559322033898
87432,0,-0.0360360360360361
90640,12,-0.1127299897263472
88172,0,-0.1418826739427012
88458,0,-0.1216069489685125
89301,15,-0.1572934973637961
89397,0,-0.0502645502645502
89447,14,-0.0449790794979079
89540,52,-0.0810276679841897
89908,0,0.0697247706422017
90215,0,-0.1098696461824952
90387,42,-0.1063291139240507
90679,13,-0.1678986272439282
90657,13,-0.2420235096557514
90715,52,0.0035460992907803
90706,0,0.2405745062836624
90807,35,0.0095693779904306
91547,20,-0.0863486842105263
76020,13,-0.4509202453987729
91733,0,-0.0838815789473683
91888,13,-0.377840909090909
92203,13,-0.0202319935257621
92322,13,0.013495123610796
92471,0,-0.1341566095986528
48020,12,0.5
92635,0,-0.1041779706999456
77186,42,-0.0286069651741293
91964,12,-0.2352941176470588
11499,0,-0.1365853658536584
81912,23,-0.1433070866141731
27991,28,0.0213029989658739
10517,0,-0.0228192859771807
20482,0,-0.0043506284241057
10656,0,-0.0522222222222222
60038,0,-0.0019146556463385
10779,0,0.1099319727891157
61487,13,-0.4162687304462373
61241,0,-0.1739130434782608
88845,0,-0.071525885558583
28222,28,-0.0754474207509648
11368,31,-0.0456013760120821
28804,23,0.0147928994082839
11587,0,-0.129075615678113
11691,0,-0.0027365129007035
11790,0,0.0738786279683378
71271,0,-0.0405365716108653
10145,41,-0.0824266402901418
45911,52,-0.0103168754605748
24643,29,-0.1212744090441931
28484,29,-0.1618718833908706
90893,0,0.2884990253411306
81073,0,-0.162485065710872
10225,37,0.0665727368791828
12758,0,-0.204713493530499
24109,37,-0.0084963954685892
59176,0,-0.0727453911310413
66800,47,-0.1425213047311196
13507,4,-0.0267806267806268
58560,4,-0.2581534221405603
13769,0,-0.028125
11144,13,0.078
85257,0,0.0075501688853567
14008,0,-0.0223597243706933
64864,12,-0.2543859649122807
18075,4,-0.1641550053821312
14219,13,-0.2126789366053169
14227,28,0.0698447893569844
83112,0,-0.1359126984126984
39490,0,-0.1517615176151762
14593,48,-0.0107024216823323
14761,13,0.134020618556701
10516,0,0.0340577359714564
14868,0,-0.0669304691916337
77595,20,-0.1753585397653193
29209,0,-0.1935790725326992
24272,0,-0.0294519508122059
15457,0,-0.1962204724409448
15553,15,-0.0494547299010905
15721,0,-0.1380554928942025
44644,0,-0.0623876303487953
16030,7,-0.0978348035284684
44601,23,-0.0897435897435897
27684,0,-0.1549334811529933
40416,29,-0.2337962962962962
53110,31,-0.0224688684353004
52484,4,0.023080337328007
75034,0,-0.0539560190433009
10318,0,0.0048442906574395
57568,0,-0.0428639846743295
16505,0,7.627118644067796
16548,37,-0.0521579055021476
49656,0,-0.1391120507399577
46877,0,-0.0178860145513338
39693,41,-0.118560606060606
47423,0,0.0094191522762949
27887,15,-0.0864464898032846
29612,0,-0.0404580152671755
39642,37,-0.0678138942001275
17444,0,-0.0741536808167651
65875,0,0.0312035661218423
65509,9,-0.142433234421365
43772,28,-0.0626736647113307
17778,37,-0.0161423841059602
61508,28,-0.0590627599593308
18033,7,-0.6943881856540084
61946,37,-0.0251438957891547
65154,0,-0.1576994434137292
19561,0,-0.0936197916666666
42024,35,0.0473118279569892
18650,0,-0.1331464611072179
52230,0,-0.0463087248322147
60898,36,-0.0110266159695817
19393,0,-0.0008990110878032
10874,0,-0.1669836439710916
55597,0,-0.1060299473897208
19880,0,-0.0598044853364001
10890,0,-0.1580921757770632
20117,0,0.0247632920611799
45655,0,-0.0541149943630212
64186,0,-0.0501838632922344
67838,23,-0.0057441253263706
20336,0,0.0585365853658537
62148,20,-0.0628084342754597
28564,28,-0.1258154706430567
86290,13,-0.1451149425287355
46690,0,-0.123579874797125
20504,0,-0.2115384615384615
20750,20,-0.0386526780784096
21371,0,-0.0210551218358173
27334,0,-0.0559389756629132
20618,0,-0.1904419690980955
30402,42,-0.1807318894697535
18542,0,-0.1474165612532839
89792,14,-0.183139534883721
22437,0,0.0001523925632427
64557,41,0.0009803921568629
60599,42,0.017116182572614
22374,31,-0.0051342812006318
90011,37,-0.0476513098464317
22921,20,-0.2874087591240877
64194,0,-0.0793834935366258
23182,28,0.0057115659209898
14541,0,-0.0774211711711712
30509,0,0.0521223404255319
23297,0,0.026692087702574
23393,0,0.0480314960629921
79026,0,0.0107816711590296
68320,0,0.0684931506849315
47677,0,-0.0684210526315789
86685,47,-0.0361588618850029
23916,28,-0.0672174239579421
27422,16,-0.2325730806296176
46578,0,-0.0185449358059913
24193,0,0.0101321585903084
11995,28,-0.0448947778643803
11308,0,-0.0208333333333331
24441,16,-0.2157772621809746
24476,0,-0.1608365019011407
30648,0,-0.1493624772313297
18729,0,-0.0064685668081665
61735,0,-0.1023166023166022
89525,0,-0.0472895040369087
25129,23,-0.0336742329758045
25452,0,-0.1821675634127593
25487,16,0.1284194528875379
25778,0,-0.058667676003028
40125,20,-0.0506058446186742
26084,0,-0.1560332871012483
79618,0,-0.2606060606060606
26463,37,0.0014414414414414
11404,28,0.0153069806560133
41929,0,0.0876923076923077
26607,0,-0.0365466009535747
26650,4,-0.0561224489795918
23229,0,0.0134841235319704
30840,42,-0.1766666666666666
91983,52,-0.1836414565826331
21979,0,0.126738053380214
27430,0,0.0354515050167225
59248,34,-0.0752765752765751
22293,0,-0.0947735191637629
27474,0,0.0642648490749757
20204,0,-0.141400407885792
27618,0,-0.2452830188679244
38420,0,-0.1122209165687426
17726,0,-0.0781503515413735
59256,14,-0.0372340425531915
31077,0,-0.0612156608263032
27888,37,-0.0351085481682497
41080,52,-0.1629974963308296
18091,0,-0.1388495324454519
19828,23,-0.0574948665297742
92570,0,-0.0889192886456907
28629,0,0.1287878787878786
29050,0,-0.1540898080864543
29103,35,-0.2032520325203252
91926,0,0.1040145985401459
29285,0,-0.5563577084303679
61743,0,-0.0289794204115916
11674,0,0.0079815537424619
76708,0,-0.1499222395023328
29867,0,-0.1892655367231638
40440,0,-0.0618504435994931
44943,0,-0.1220278151637505
26403,0,0.0603108327534214
10886,0,-0.0721649484536082
64936,28,-0.002490898639586
38682,20,-0.1398880895283772
30593,0,-0.2349726775956284
25953,0,-0.0973507819980847
20626,0,-0.0832349468713106
30681,41,-0.0707464431884623
11703,0,-0.097268986157875
63132,35,-0.2347457627118645
27959,28,0.025664955669622
88590,0,-0.1312676780663411
30940,0,-0.105716523101018
31051,0,-0.3017265004110714
31070,20,-0.1307371349095967
31078,52,-0.1237721021611001
42200,41,-0.036231884057971
63159,0,-0.0510948905109489
31480,0,-0.2861855670103093
11762,0,-0.1145703611457036
70578,0,-0.0075365049458313
82855,28,0.0016318537859008
32054,0,-0.226507713884993
32062,31,-0.0258215962441312
22103,0,-0.109821088694328
81124,0,0.0098522167487684
23042,23,-0.0229044834307992
32540,0,-0.2258064516129032
32548,0,-0.169139465875371
26470,28,-0.1571210385643375
32791,4,-0.158374211632796
32986,37,0.0171884591774096
52476,0,-0.0141859450021823
24328,0,-0.0690485748695303
33532,0,-0.0753424657534246
31691,0,0.006
42550,52,-0.0645551473882268
87696,0,-0.0088383838383838
87717,15,-0.0437499999999999
33823,0,-0.0765864332603939
87725,0,-0.1970096745822338
11850,0,-0.0892981236970119
19166,0,-0.5385242191036668
24205,0,0.0153846153846155
34367,12,-0.2483516483516483
92640,4,-0.1374517374517374
47706,4,-0.0348837209302325
21135,0,-0.1445086705202312
34666,12,0.1786111111111112
34818,0,-0.1722345953971789
35044,42,-0.0667655786350148
35167,23,-0.0535714285714286
35263,28,-0.0404715127701373
10777,23,-0.0276976341604154
36397,4,-0.0762527233115467
54244,0,-0.010840108401084
36768,0,0.0055
88924,0,0.0265734265734265
88853,0,-0.1882251082251081
37154,13,-0.2587412587412586
25785,16,-0.0638297872340424
45241,0,0.0048808498420902
37234,12,-0.3731231231231231
37402,0,0.030958597538232
37568,0,-0.0245264207377865
37584,0,-0.1491514620348976
58421,0,-0.1266039349871683
37955,28,-0.1119902617163725
12036,0,-0.1068346162817821
38093,0,-0.0750798722044728
47941,0,-0.0549927641099855
12052,0,-0.0517037037037035
12060,0,-0.0250255362614912
55212,0,-0.0644699140401146
38659,0,0.0147895335608645
46674,0,-0.0274776165483173
39029,12,-0.1423519009725906
57154,0,-0.0275994865211809
32299,13,0.2820512820512821
16432,0,-0.0482695810564663
53604,0,-0.0274305555555555
85908,52,-0.1192752893809763
39571,0,-0.0964171825173513
60468,0,-0.1277173913043476
52695,52,-0.0681840983454865
39731,42,-0.1688311688311689
84808,0,-0.2590824164417687
23819,9,-0.1215663354763296
54084,12,-0.1788211788211787
25582,0,-0.1264822134387351
25304,4,-0.0986547085201793
52978,0,-0.0359281437125749
41188,52,-0.2818738487579032
10294,0,-0.0081300813008131
41241,0,-0.0495249064209616
41292,0,-0.0786993402450517
76927,20,-0.0806945863125637
32651,42,-0.0070093457943926
32707,0,-0.1185055458260362
16600,0,-0.0022384718698702
91575,0,-0.1168072680077871
61567,0,-0.1095690284879473
52716,0,-0.0936825885978429
32803,16,-0.0434782608695651
42140,37,-0.1189189189189189
42439,0,-0.0418739635157546
91207,0,-0.1072635135135134
21792,0,0.0009896091044037
32934,0,-0.0095049504950495
42877,0,0.0329054420538781
42906,0,-0.0224215246636771
88795,12,-0.0049019607843138
12570,20,-0.0859305431878896
80210,0,-0.0524807056229328
21928,28,-0.035591556210113
56573,0,-0.0214360404322063
43634,29,-0.0285714285714285
43757,0,-0.075208913649025
51633,28,-0.0044142614601018
12431,0,-0.0284571966133584
44274,23,-0.135890410958904
46463,0,-0.1917255297679112
44506,0,-0.1896678966789667
59328,0,-0.0899806303926747
77855,35,-0.2658227848101266
44768,0,-0.1038135593220339
12490,0,-0.0684759996136759
40272,41,-0.0636106958976914
45277,36,-0.0821566110397945
45306,42,-0.1093073593073592
21573,0,-0.1233863704593216
27705,0,-0.1369674759505267
45373,0,-0.1850152905198776
45437,4,-0.1498109640831758
45560,13,-0.234375
53065,0,-0.1202370872142252
45728,20,-0.0605678233438484
46042,0,-0.1504472464705248
46077,0,-0.1614173228346457
46181,0,-0.1488888888888888
52329,37,-0.1895961670088979
82694,0,-0.0671896316507503
22111,0,-0.0410138248847925
42534,0,-0.0572411635908663
46886,0,-0.1209360314567948
46907,0,0.1555555555555556
46923,0,-0.0758333333333333
47002,41,-0.1492146596858639
42067,0,-0.2651757188498402
47088,15,-0.0417947141979102
24432,23,-0.0244857982370225
12650,52,-0.1433393923656192
24053,28,-0.0024398745207389
47205,20,-0.0905014268242968
26825,0,-0.0353964801265572
47379,15,-0.1644031451036455
44134,0,-0.1768884679138053
47619,13,-0.1610389610389611
47715,0,0.007320644216691
17750,0,0.0112144768701414
59045,14,-0.2047611872834112
48072,0,-0.0092592592592594
48144,52,-0.1969465648854962
89456,0,-0.1065693430656933
49488,52,-0.1798349056603774
48267,0,-0.1728855721393033
12781,23,-0.032249873031996
48486,0,-0.1048716102711784
48523,0,0.0323570004600521
48531,0,-0.0034775888717155
48961,0,-0.3262362637362637
50286,7,0.0265486725663717
60943,0,-0.045016077170418
65330,34,-0.0237821250479478
20415,29,-0.1826226870474657
50876,0,-0.0106305870983328
81678,9,-0.0291777188328912
49905,13,-0.1067164179104477
21178,31,-0.0854870775347913
56223,0,0.0408839779005523
76489,0,-0.2520822488287351
62906,47,-0.2467858534262585
59774,0,0.1800947867298576
33849,42,-0.0593103448275861
66245,42,0.0217004624688723
23835,23,-0.0204882301656496
50623,0,-0.1940796331040234
50789,28,-0.0133362483602973
89790,0,-0.1515151515151515
51263,9,-0.2490974729241877
81311,0,-0.0362537764350452
15069,20,-0.150988411724608
45751,41,-0.0439461883408072
34032,0,-0.0386949924127465
51829,0,0.0571428571428571
39538,0,-0.0735119047619048
51925,12,-0.1139272461060763
51960,0,-0.2712933753943217
43449,0,-0.0832221652129296
89915,0,-0.1417403127124405
17478,0,-0.1177547284929835
81061,0,-0.0451810524012689
52250,29,0.0071428571428571
10507,20,-0.2192028985507246
17005,0,0.0071716718960108
22752,0,-0.0423037716615699
42796,23,0.0263614290669442
53074,52,-0.0985092667203868
87437,0,0.0155038759689922
89857,20,-0.2013793103448276
53373,42,-0.1173184357541898
53480,0,-0.0716171036424423
53640,0,-0.1793680297397769
24010,4,-0.0157107992678462
53859,23,-0.0183189655172413
54253,0,-0.0325011775788978
91109,35,-0.0190735694822887
22592,0,-0.0553939122649955
24248,28,-0.0524144625090998
54675,0,-0.1266106442577032
54704,29,-0.1797468354430379
54827,0,-0.1638274737223631
76591,9,-0.0484261501210653
42614,28,-0.1058823529411764
22779,47,-0.057809131883206
28345,0,-0.1519010369292341
65365,0,0.0175438596491228
69550,0,-0.0009220839096357
59408,0,-0.093711467324291
84372,0,-0.0885106382978723
13303,0,-0.1314854299928927
90377,47,0.0012894906511926
55993,0,-0.0066889632107023
56040,20,-0.1788844621513945
78900,0,0.0212588578574406
25590,34,-0.0864327979712595
52337,0,-0.092485549132948
58501,52,-0.0607866507747318
34497,4,-0.0903418339663592
56945,0,-0.0568475452196383
38658,0,0.0390390390390391
64450,23,-0.0291396854764108
47466,0,0.0538827258320127
60986,0,0.0109890109890109
21207,4,-0.0102833158447009
34673,0,-0.089622641509434
57534,0,-0.3034563561804335
61815,0,-0.1496173983084977
64311,0,-0.1016042780748665
28118,0,-0.0752621838371374
44206,28,-0.0206690236605929
38762,0,0.0178498985801216
23931,28,0.0354767184035476
58246,36,-0.092094196804037
24766,0,-0.0715865992414664
58318,16,-0.2654593639575973
58334,23,0.0142231947483588
90458,28,-0.0002815315315316
34817,0,-0.0879877582249426
58836,0,-0.0215827338129495
34833,31,-0.13100197325148
72611,0,0.014218009478673
58975,15,-0.1047840402866551
67029,0,-0.0827586206896551
59089,28,-0.1801432958034801
23026,31,-0.0006407518154635
24440,41,-0.0133432171979244
13610,28,-0.0854007633587785
63714,0,-0.0952927669345581
59871,0,-0.177927927927928
60098,34,-0.0377959927140255
51457,35,-0.0666666666666666
60186,0,-0.0263337893296853
91531,0,-0.1016011644832606
77157,4,-0.1595698924731183
44230,52,0.0258234284057712
90531,42,0.0690322580645161
22509,0,-0.0171037628278221
60506,9,-0.1252619324796275
13688,37,-0.0108646446355816
86136,41,0.0041705282669139
61138,0,-0.1535191308455361
61146,0,0.0058939096267192
61269,52,-0.1454377026401112
58675,0,-0.0541586073500968
41355,0,-0.0678526627893716
61496,13,0.0154559505409583
57509,0,-0.1192605843768634
61787,4,-0.4344929681717246
61955,12,0.09765625
22517,0,0.0007312614259598
62034,41,-0.0595293031841256
13856,0,0.0280303030303028
50550,0,-0.2610124917817226
62341,0,-0.2776970049432975
62368,0,-0.0874694873881203
21936,0,-0.0449781659388645
21776,4,-0.0520379389900026
52898,28,0.0171730515191546
13901,0,-0.000620925178516
13928,31,-0.2718134859695658
62958,4,-0.0838983050847458
63125,0,-0.1689497716894976
89968,0,-0.0964948453608247
24459,20,-0.2037361354349094
80185,0,-0.2147703549060543
23501,23,0.0073995771670187
63715,0,0.1278748850045998
63830,0,-0.0576061121505924
18163,0,-0.0212130735386549
64486,0,-0.0991114149008887
55511,0,-0.0058635394456291
23712,0,0.0012841091492776
64929,0,-0.0370967741935484
64961,0,-0.2350267379679144
65008,42,-0.3524355300859599
87043,16,-0.180672268907563
27756,4,0.0162025316455696
65270,0,0.0460405156537753
69649,0,-0.066630256690333
66683,42,0.0038684719535784
65700,0,-0.0685845319991661
24942,0,-0.0705578130772072
58771,0,-0.1086635127143702
76711,0,-0.0021798365122617
76282,0,0.0416425679583576
66617,0,-0.128755364806867
80294,20,-0.0486338797814207
84381,0,-0.0624515128006205
35991,0,0.0527552885870985
36003,31,-0.0004705882352942
45495,28,-0.1311902693310165
67847,9,0.0916720464816009
54818,0,-0.0115880958651566
66050,12,-0.025531914893617
27633,0,-0.113095238095238
68196,0,-0.1133663366336633
54199,23,-0.0406639004149377
41320,0,-0.2749999999999999
76149,4,-0.0644367929168715
68591,0,-0.0077479338842973
22840,0,-0.0517241379310344
23085,28,0.0179965307892455
36281,0,-0.002054882847743
85926,0,-0.184045881126173
41574,0,-0.1071428571428571
51625,41,-0.0112262521588947
50243,0,-0.1878172588832487
88742,20,-0.0439461883408072
36468,52,0.0778184236780843
49138,0,-0.0466867469879519
70536,41,-0.0215796897038081
70616,37,-0.0197841726618703
65402,41,-0.0302521008403362
60206,0,-0.032459226095299
64995,0,-0.0671641791044774
71176,28,-0.0712345306368851
26614,23,-0.0170558375634518
63335,0,-0.0558375634517765
15720,28,0.0215860031810952
71475,37,0.0096048298572997
18411,0,-0.000653025685677
58683,29,0.0905797101449275
66093,0,0.0382862351868733
63765,0,-0.1124129195693476
71942,0,0.0749385749385749
71985,4,0.0344827586206897
17523,52,-0.1099999999999999
72232,12,-0.3
72304,13,-0.2260711030082042
39220,0,-0.1035169210351693
72494,12,-0.2298850574712643
43481,0,-0.0764866091693147
43350,0,-0.0944505194095133
18438,0,-0.1527131782945736
72726,0,-0.108394634357421
36898,0,-0.0052828527404799
27254,23,-0.0431125131440589
72980,0,-0.0604619565217391
73139,0,-0.0571742715777899
73219,13,-0.3171543718240757
14656,0,-0.0576181781294379
52396,0,-0.0187025131502045
47861,0,-0.0532258064516129
73681,4,-0.0918417195896433
73817,29,-0.0695652173913043
66739,31,-0.3418181818181818
43334,0,-0.0306545153272577
52038,31,-0.0342560553633217
37161,0,-0.0344062153163152
74406,0,-0.0835866261398176
15560,35,-0.1042471042471042
74836,13,-0.2502434274586173
44513,35,-0.0439024390243901
74908,12,-0.2439024390243902
74932,12,0.1687344913151363
57007,31,-0.1078365706630943
43123,31,-0.2519795062878435
44329,0,-0.0521780756342747
63773,4,-0.1827912721284478
75257,20,-0.0278884462151394
75460,0,-0.0474040632054174
51369,0,-0.1603718768158049
37284,0,-0.0486021505376343
23579,0,-0.112987987987988
62092,0,-0.0929020664869721
76100,0,-0.1284113760413674
50606,37,-0.1808104670179902
14795,52,-0.155901610334454
14816,34,-0.0613187736245274
62308,23,-0.0420858140012319
76639,0,-0.0106292517006802
76946,0,-0.406711990387988
61209,37,0.0235732009925557
55001,0,-0.1655405405405405
92583,0,-0.3111111111111111
48389,37,0.029945054945055
59600,0,-0.1308709530323758
45356,0,-0.0529128808123998
76185,0,-0.0663329161451816
77730,0,0.0613698630136987
91103,0,0.1482664233576642
17929,0,-0.0171350239890335
50278,23,-0.1244250786734446
79244,0,-0.1457063711911357
77973,0,-0.0971867007672634
78044,13,-0.008093525179856
24985,37,-0.0146386093321133
48725,0,-0.0092493774457487
63781,15,-0.0582248520710059
89329,20,-0.3623529411764705
78749,0,0.1318595578673602
92655,0,-0.006767586821015
53663,0,-0.016293279022403
78829,0,0.0149843912591052
87447,0,-0.0409521371896596
79039,20,-0.1412213740458016
79303,20,-0.1096614950634696
17830,0,-0.092234198922097
39087,35,0.036290322580645
79338,34,-0.1594488188976378
67360,23,0.0056689342403628
59619,0,-0.016958277254374
16555,28,-0.014401047348898
79573,0,-0.0788990825688074
79637,0,-0.0927183329431047
79776,0,0.0706436420722134
43553,52,-0.0724104570864848
79864,0,0.1159090909090909
80128,0,-0.0760913418865488
27043,0,-0.0750551876379691
81116,47,0.1487247432924809
61700,0,0.0434458557187664
57808,0,-0.0534759358288771
15202,0,-0.1906096706377015
81510,42,-0.257317605941459
86008,34,-0.0178571428571429
21231,37,-0.0289204687110445
53225,34,-0.0776105963558558
24969,28,-0.0389561270801815
46068,0,-0.0289256198347106
81702,0,0.0165562913907284
42059,0,-0.02152466367713
63829,0,-0.0243902439024389
79066,12,-0.1753246753246753
62498,28,0.064587973273942
66384,0,-0.1911878381860345
59467,42,-0.2586719524281466
38033,23,-0.0422304223042231
39917,0,-0.0221021611001964
25419,15,-0.0334270540456106
38156,0,-0.1028504260946223
64135,34,-0.1623827009383924
66747,0,0.0337485448195575
23536,0,0.0271444082519001
58819,0,-0.0342617152961981
25099,28,-0.0098828696925329
42286,0,0.0133492252681763
84403,0,-0.0932916566482328
27983,0,-0.0719794344473008
63079,0,-0.2172195892575039
59483,47,-0.168956043956044
88857,37,-0.0257584430452203
84129,0,-0.0666993624325649
84161,52,-0.1622031328954017
90756,42,-0.1033727551467367
72996,4,-0.1271279516749039
87426,0,-0.1084620550705171
86191,42,-0.2380952380952381
88664,41,-0.0279740871613664
15318,23,-0.0502625656414102
71563,0,-0.0568039950062422
80072,34,-0.1119047619047619
85586,37,-0.060983606557377
90916,0,-0.0471698113207547
35917,34,-0.0525821596244131
70332,31,-0.1667804944679688
10116,0,-0.1269349845201238
10147,0,-0.1545551222970577
10100,42,-0.2150924024640657
38149,0,-0.0411946446961895
69032,0,-0.2268518518518519
10138,0,-0.0875386199794026
10107,0,-0.0882398875527096
10200,31,-0.072562358276644
89954,0,-0.0980113636363636
10302,9,-0.1495809155383624
10299,0,-0.1128095383674717
12217,52,-0.0856423173803525
10363,20,-0.1040868454661558
10333,13,-0.1730103806228373
10382,37,-0.1227229146692233
10397,28,0.0304826418289585
10257,0,-0.1503267973856209
76565,0,-0.1097222222222222
10463,0,0.0272727272727273
70033,0,-0.079304414293904
10421,20,-0.2157953281423804
91204,28,-0.0263259775454897
10530,31,-0.0783454987834549
79698,14,-0.0712328767123287
10606,28,-0.1023900054318306
10550,13,-0.1061946902654866
79785,0,0.0266091665178456
75070,0,-0.1488878801634136
89849,0,0.0119331742243435
10547,47,-0.0352941176470589
68857,20,-0.2280701754385965
76123,20,-0.1043185642176106
79903,34,0.0047619047619047
10667,4,-0.3603411513859275
10355,0,0.0803896103896104
10661,13,-0.2743190661478598
45225,13,-0.7376503237742831
75596,13,-0.1125654450261781
10693,0,-0.145154086645824
10649,0,0.0665417057169635
79909,0,0.1293233082706766
75517,0,-0.0284765068818225
10696,41,-0.0406885758998435
10772,47,-0.2928493150684931
89386,13,0.0607651912978244
10644,28,0.1162790697674418
89891,4,0.029090909090909
70500,0,-0.0916334661354582
75224,0,-0.208955223880597
89659,0,-0.1790281329923274
35124,0,0.0173652694610777
71191,0,0.3268398268398267
10853,15,-0.1437632135306554
22323,0,1.1538461538461542
10026,0,-0.0176596503745987
10812,36,0.029645697758496
10909,0,-0.0388361484403896
88779,12,0.1304347826086955
90441,0,-0.0206579954093344
75222,13,-0.1605077574047955
10860,0,-0.0976460331299041
10443,20,-0.0655439235320891
10032,0,-0.1350015446400988
70308,0,-0.0527062418158009
85570,20,-0.1032028469750889
11701,0,-0.102357676825762
10001,23,-0.0882946827387872
75215,0,-0.0485561497326203
77453,0,0.1377640845070424
10838,35,10.723076923076922
11292,0,0.177319587628866
87816,47,0.091420534458509
64390,28,0.02018779342723
65294,0,-0.0325203252032519
12173,34,-0.1657894736842105
11378,36,-0.0339595375722543
11403,0,-0.1259640102827763
11478,0,-0.1457738748627881
85991,47,-0.0793581960104076
11481,0,-0.1491442542787286
75470,0,0.0078841036759633
11552,0,-0.0641069592046622
75107,52,-0.1644060830250719
11547,28,-0.0629590766002099
87514,13,-0.1323420074349441
90196,35,-0.1944444444444444
89048,12,-0.2408759124087591
11600,0,-0.0988796882610814
75104,52,-0.0372543267820476
11043,0,0.0111675126903554
11654,16,0.1342383107088989
11638,0,-0.1308630393996247
11641,0,0.0836999167756509
11394,42,0.0
75526,0,-0.0881870385561935
11533,0,-0.0522144522144523
11707,0,0.1095679012345678
11775,0,-0.0151597184623712
11781,20,-0.0182648401826484
75233,0,-0.0432276657060518
75186,0,-0.1274509803921567
89686,0,-0.1595543806646526
11809,0,-0.0904161781946072
11731,0,-0.2431535269709545
11825,41,-0.0647118301314459
75261,42,-0.1948529411764706
75272,52,0.1144067796610168
88197,0,-0.0338578922269907
11599,41,-0.1480582524271845
85789,4,0.0014847809948033
11618,16,-0.0553182400683469
11896,0,-0.1494252873563217
84769,0,-0.085139318885449
10180,13,0.1253091508656223
11884,0,-0.0031746031746032
75182,0,-0.0436807653575025
75577,0,-0.0607253303345517
75241,0,-0.1650837506475564
75320,34,-0.0466598674145843
75285,0,-0.1561032863849765
10901,0,0.0174612517166961
75316,0,-0.2243133265513733
11891,0,-0.1929955290611028
11955,23,-0.0514619883040937
84176,0,-0.0185589519650655
11752,29,-0.0739833414992651
81774,0,-0.1634464751958224
12149,7,-0.0552130428825866
12248,0,-0.1065830721003134
75573,42,-0.2927631578947368
11976,0,0.0256907416383906
75326,35,-0.3504098360655737
84387,0,-0.0722021660649819
17743,0,0.0175252257036644
87137,0,-0.1478883321403005
12062,0,-0.0524519285470473
12190,13,-0.0370786516853932
80926,47,-0.2581755593803787
12209,20,0.1834532374100719
75432,0,-0.0852956567242281
11992,23,-0.0788400543724513
36346,37,-0.0608197443807846
85269,0,-0.1457489878542509
92029,13,-0.0908677873693775
12169,7,-0.2131147540983606
75591,0,-0.0826598937889634
82540,42,-0.2693409742120344
75447,12,0.0839160839160839
76573,0,-0.070662874644498
75730,12,-0.3457473578258681
10375,4,0.0278988666085437
75694,0,0.0137436510307737
63467,0,-0.050797182054134
75649,36,-0.2190201729106629
75646,0,-0.0598958333333333
75607,0,-0.1025098276383429
75654,0,-0.1306832298136645
12073,34,-0.0563894523326571
75603,13,0.0489408327246165
10051,0,-0.084076433121019
75825,0,-0.095710773153629
75853,0,-0.1307420494699647
75854,0,-0.1630036630036629
11131,0,0.0889798957557705
76148,0,-0.145010183299389
15070,34,-0.0033416875522139
75556,4,-0.1761904761904761
86124,28,-0.047463936714751
11628,16,-0.0977496483825598
75831,0,-0.0248112189859762
11748,0,0.0
75828,29,-0.1144343302990897
11348,28,0.0182016745540589
11506,9,0.0474418604651163
23799,0,-0.1602497398543183
11285,20,-0.0728542914171657
11442,23,-0.0350824587706147
10769,0,0.6897506925207755
86896,28,-0.0536984352773827
11018,42,-0.1431924882629107
11513,7,-0.1729323308270677
87952,23,-0.0369127516778523
10252,28,-0.0370502315639472
89440,15,-0.0206422018348625
90086,23,-0.0156249999999998
11652,0,0.0376753623188406
12189,0,0.0110803324099724
11208,0,-0.1142131979695431
52936,0,-0.0351847753927859
91897,47,0.2417582417582418
56710,0,-0.002127659574468
10297,28,-0.0200462606013878
12068,0,-0.0959438377535101
75860,0,0.0988235294117647
11786,0,-0.0691215478233734
75509,20,-0.0042087542087542
81577,0,-0.0644241733181298
12106,42,-0.2393870249866193
10932,0,-0.108227012758469
11293,37,-0.0068392769907181
11750,35,0.1640922319229907
11593,0,0.3892215568862276
69586,34,-0.0679012345679013
35685,37,-0.0862581796549672
89207,0,-0.1421161825726141
10308,34,-0.0327608982826949
77519,34,-0.053016453382084
92807,0,-0.111864406779661
83469,37,-0.0225248821372445
86814,0,-0.0699957319675629
86384,28,-0.0918491484184915
10781,23,0.0254572173585785
84725,0,-0.0080306345733042
83642,28,-0.0245979186376537
75773,0,0.2475247524752475
87759,0,-0.0606053259960485
86566,37,0.0288430022943297
90534,0,-0.0786694825765577
12166,20,-0.0787037037037037
10913,42,0.1161550387596899
77643,0,-0.0248833592534992
77379,34,-0.0649999999999999
11006,37,-0.0207046857973119
86382,4,0.0
77889,0,-0.3401937046004842
88976,0,-0.1265629765172308
11565,0,-0.0083432657926102
75714,9,-0.0729411764705882
76359,37,-0.1108108108108107
81620,0,-0.1710992907801418
75912,0,-0.0639481000926783
85299,28,-0.0134408602150536
10002,12,0.4134615384615383
89738,47,-0.1217105263157894
77415,34,-0.0330900243309002
90561,42,-0.088888888888889
47723,42,-0.1263940520446097
83155,0,0.0346611484738748
79851,7,-0.1901840490797545
89211,28,-0.0385395537525353
11844,28,0.0338028169014084
89141,0,-0.0355101333795253
76266,37,-0.0404460966542751
91855,34,-0.0230073952341823
85726,0,0.0410628019323671
75906,9,-0.026206322795341
77236,23,-0.0776769509981851
11056,47,-0.0772399588053552
77528,34,-0.0827991452991451
79747,23,0.0
75755,0,-0.0228050171037627
89828,34,-0.0049689440993789
11397,28,-0.004647232784115
76013,0,-0.0103884372177055
89903,9,-0.11090573012939
20395,0,-0.058772687986171
84516,20,-0.1952095808383233
77300,9,-0.1761450381679389
76215,0,-0.0237862495927012
87652,0,-0.0337423312883434
76082,0,-0.0739897552646556
76095,0,-0.1234309623430962
76391,0,-0.0616064465817519
76963,35,-0.28
76127,4,-0.2663605051664754
76128,20,-0.1362984218077475
76435,12,0.0
76135,37,-0.1767241379310343
78981,0,-0.0156892043332087
76138,0,-0.0788858175632575
76139,4,-0.1090764331210192
76415,7,-0.0541392667327268
76868,0,-0.0813725490196078
88965,47,-0.0942173913043478
89655,31,0.0258484609313338
76392,0,-0.0166414523449319
88871,0,-0.0316992259491337
85875,23,-0.0638621388748099
76544,20,-0.032950819672131
76195,35,-0.1875
83671,0,-0.1338354577056779
76202,23,-0.0729709605361131
76201,0,-0.1212204507971413
87053,7,-0.0367647058823529
76207,13,-0.1826401446654612
76355,35,-0.1
76360,13,-0.4242424242424243
89369,0,0.0279187817258883
90069,0,-0.2372881355932202
81651,35,0.0417059822608039
90053,42,-0.0667752442996741
77486,35,-0.1171875000000001
76330,12,-0.1209677419354837
76230,52,-0.1288326560768378
76461,0,-0.0648918469217969
89948,0,-0.0255591054313099
11644,35,-0.1491178144564598
76261,0,-0.012133891213389
76224,23,-0.1473551637279597
89100,47,-0.0050251256281406
77256,0,-0.0538922155688621
76279,41,-0.2382697947214076
76477,4,-0.0816135084427766
76478,23,0.0145348837209302
90608,13,-0.0009442870632671
79037,0,-0.0297413793103447
78071,47,-0.0846153846153846
76529,0,-0.009115770282589
76515,34,-0.0255451713395639
76504,0,-0.0371660859465737
76553,35,-0.1511627906976744
76879,29,-0.1688311688311689
88284,42,-0.0957271980279375
76582,0,0.007534533277522
76584,0,-0.2108229988726042
76613,0,-0.027287319422151
76614,13,0.0028833360108928
77004,13,-0.0409604519774011
76619,0,0.013671223741247
76978,0,-0.1861471861471861
76624,0,-0.0975954738330976
76644,0,-0.2834451111895516
76837,41,-0.0259885426854827
76638,0,-0.1408199643493761
76661,0,0.23625
76686,0,-0.0369098712446351
76695,52,-0.0694655521783181
76856,14,-0.08544921875
76709,0,-0.0351415899010576
76934,7,0.07909604519774
76712,37,-0.0343450479233227
76721,0,0.0216141641756724
76684,29,-0.0522225676095742
76732,0,-0.0119390695759571
91403,0,-0.0871219326612136
76736,0,-0.0971098265895954
76980,0,-0.0069582504970179
88031,0,0.1169230769230769
76744,16,0.5602910602910605
76750,0,-0.181047018904508
76945,0,-0.0553306342780026
76788,12,-0.0179910044977511
76795,0,-0.137148749677752
76869,0,-0.1224489795918368
76798,0,-0.1190742814483015
76999,12,-0.0294117647058823
76892,28,-0.0224443275469051
81564,0,-0.0505188956334442
76841,52,-0.0243264699892895
89213,0,-0.0896027049873203
77235,14,-0.1199999999999998
77037,0,-0.0204632336406564
77202,0,-0.0654627539503386
77117,47,-0.1684587813620071
77114,52,0.0290181927529693
77217,13,-0.2187134502923977
77165,0,0.0020746887966804
77182,52,-0.009628217349857
77191,0,-0.0640449438202247
77175,12,-0.0460048426150121
77178,0,-0.1021463261789127
77173,42,-0.227891156462585
77259,20,-0.0189873417721518
90464,0,-0.0386996904024767
77271,0,-0.0591039084842708
77274,0,-0.0397923875432526
77279,14,-0.0808534531162267
77282,0,0.1038387616227727
77281,0,0.0666907427470808
77289,13,-0.1194539249146757
77327,13,-0.2930344275420337
77340,0,-0.2003853564547205
77338,0,-0.0066732090284593
77366,4,-0.099510603588907
77393,7,0.0606860158311344
77461,42,-0.0044999999999999
77413,48,0.0517529215358931
77418,0,-0.0801867911941295
77425,12,-0.1470588235294118
78147,13,-0.0216110019646363
77437,0,-0.2516074628438917
77447,0,-0.0198132977710039
77496,0,0.0161145926589076
77768,0,-0.0817631806395852
77505,13,-0.3728813559322034
77507,23,0.0275
77515,0,-0.1400560224089636
77520,0,-0.1365686063989692
83738,28,-0.1006105006105007
77599,42,0.0
77610,13,-0.374166296131614
77605,34,-0.0830670926517571
77649,37,-0.049347341610952
77629,0,-0.003281378178835
77630,13,-0.0107775211701308
77660,13,-0.0987982558757843
77661,14,0.0152905198776758
77668,42,-0.0645276931349704
89810,14,-0.0747663551401868
77683,41,-0.1043478260869564
84776,0,-0.0332880434782608
77702,0,-0.0432281680320724
87505,28,-0.0238976775496465
90352,12,0.1707317073170731
77763,0,-0.1961367013372957
77780,0,-0.1474480151228734
77785,0,-0.0188309140839543
77868,0,-0.1010273972602739
77892,35,-0.2631578947368421
77900,52,-0.1012345679012345
77902,0,0.0298412698412697
77918,0,-0.0818573480134036
77917,13,-0.1095670764297167
77971,0,-0.1742296918767507
77982,0,-0.1033091202582728
78001,42,-0.3243243243243243
78018,13,0.2571428571428573
78015,0,-0.0570789865871831
78186,4,-0.1804635761589403
78051,13,-0.0779510022271714
78062,31,-0.2429737080689029
78077,0,-0.1225357557015849
78068,0,-0.1333333333333333
78066,7,-0.1346153846153845
78073,12,-0.1856700785527254
78091,47,-0.2396313364055299
78081,47,-0.0725388601036269
78082,0,-0.0305632450144059
91402,13,-0.1827816302499019
78189,4,-0.269736842105263
78139,37,0.0321100917431191
78172,20,-0.010172490048651
78170,0,-0.1818181818181817
78211,0,-0.1545893719806762
78137,37,-0.0723124932745078
78156,35,0.1134663341645885
78193,4,-0.0436781609195401
78213,34,-0.1590457256461231
78840,52,-0.0670820353063342
78195,42,-0.1741071428571429
91128,13,-0.2943871706758305
88944,34,-0.0746825989544436
78841,52,-0.059536934950386
86889,0,0.1583011583011584
78908,52,-0.065017667844523
79033,0,-0.0732873074880509
78875,0,-0.1886731391585759
78876,23,-0.1266540642722117
78915,4,-0.2257683215130024
78916,0,-0.0540074309978767
79019,37,-0.1117948717948718
79065,35,0.0038001003800098
79006,12,-0.0857142857142856
48653,0,-0.0531730292513634
78955,20,-0.1783659378596087
78990,0,-0.0171370967741935
78950,0,-0.0804631828978622
78987,0,-0.1229855810008481
78977,0,-0.0305270689243978
79072,37,-0.0904076738609113
79089,13,-0.4401163235631744
79108,42,-0.2011235955056179
79131,23,-0.0652482269503546
79116,37,-0.066301703163017
79133,41,-0.0704457897633461
79103,48,-0.0920809440310884
88597,14,-0.0454545454545454
78910,0,-0.168103448275862
79150,13,-0.2028135990621336
79166,0,-0.0383403361344537
79198,48,-0.2246452059536172
79159,0,-0.2230078868642916
79237,20,-0.1897201825759079
90783,13,-0.219208211143695
79323,0,0.0183018301830182
79299,0,0.1549155908639523
79248,0,-0.1622377622377622
79249,0,-0.0025252525252525
83659,47,-0.1426056338028168
79336,0,0.0140154169586546
79265,4,-0.0503116651825468
79444,47,-0.1600713012477719
18649,0,-0.1035433070866141
79382,0,-0.069266589057043
79399,4,-0.2737003058103975
79666,0,-0.027237354085603
79507,23,-0.0423553719008265
79472,12,0.3333333333333332
79499,13,0.0108892921960073
79545,14,-0.0922317813765183
79490,16,-0.033112582781457
88568,0,-0.0811848601206802
82763,12,-0.3503418803418803
79491,13,-0.1076037670038367
81103,47,-0.4008438818565402
80069,13,-0.309153713298791
79564,0,-0.0464037122969837
79588,47,-0.5156987482043915
85913,0,-0.0097211563059607
79628,52,-0.0507201001878522
79668,41,-0.10149511213341
79731,0,0.0389903478925075
79712,7,-0.326086956521739
79724,0,-0.2450248756218905
79758,0,-0.0091027308192458
79686,7,0.0913546363458146
79734,12,-0.2457142857142856
79702,13,-0.0615384615384615
79824,4,-0.0526004728132387
79857,42,-0.0655129789864029
79906,13,-0.0595763459841129
79790,42,-0.0831480658070255
79862,0,-0.2440828402366863
79839,4,-0.121813725490196
79795,31,0.0400444938820911
79791,0,-0.0101694915254237
79878,0,0.0066844919786095
79802,12,0.1454545454545452
79915,29,-0.1654596100278551
79841,0,-0.0606867969212552
80223,0,-0.0321888412017168
79879,0,-0.1659819227608874
79796,4,-0.0722394220846233
79884,0,-0.1101622544833476
79859,0,-0.0845070422535211
79885,12,0.016
80034,0,-0.0617912520249942
80049,4,0.0698151950718686
80080,31,-0.1372984991662034
80001,42,-0.1270718232044199
80012,42,0.0109289617486338
80007,29,0.0517051705170517
80050,52,-0.1061022539857063
84723,13,-0.233205898416166
80079,0,-0.0489224476954538
80054,47,-0.060353798126951
80167,52,0.1731501057082454
80113,0,0.0307101727447216
80112,0,-0.0333919156414763
80159,29,-0.0215692307692307
80165,13,-0.1685144124168514
76697,0,-0.2805391743892165
80236,4,-0.0412844036697248
80204,0,-0.1859314671814671
80254,23,-0.2714740190880169
80191,0,-0.0704441041347625
80193,0,-0.1580645161290322
80237,0,-0.1932773109243697
80266,0,-0.2110144927536232
80361,0,-0.1723086796085351
80306,0,-0.1436464088397789
80375,0,-0.2153336488405112
80343,47,-0.0240202275600506
80316,0,-0.1394230769230769
80362,0,-0.0907160194174757
80368,12,-0.2558139534883721
80341,42,-0.4285714285714285
84584,23,-0.127180332371927
80336,9,0.0272277227722772
80357,0,-0.0429629629629629
80303,12,-0.1873315363881401
80439,42,-0.2042483660130719
82541,0,-0.0379746835443038
80415,0,-0.0885860306643951
80478,0,0.0036659877800406
80446,0,-0.1697881486030089
80539,0,-0.121311475409836
46392,20,-0.0705882352941175
80568,9,-0.1546176347680735
80587,0,0.2079999999999999
80569,0,-0.032
80524,47,-0.0783505154639174
80592,13,-0.1506195293850176
80534,0,0.4676616915422888
80498,0,-0.0830645161290323
80557,0,0.1056818181818182
80560,47,0.1019553072625698
80563,0,0.02156514006225
80575,0,-0.104415082178537
80679,0,-0.0521029504080351
80621,15,-0.2705676419104776
80625,47,-0.1180637544273909
89099,29,-0.1854103343465045
80633,7,0.1045614035087718
80768,0,0.0771428571428571
80759,34,0.004
80774,0,0.0507001448575568
80828,0,-0.1146341463414634
80791,0,-0.042267365661861
80795,35,-0.2552613713509843
80804,4,-0.0358239508700102
80808,4,-0.0216076058772688
80837,20,0.0340909090909091
80858,7,-0.2957746478873239
80928,14,-0.1446886446886446
80924,0,-0.1618625277161862
80955,0,-0.0485714285714286
80864,0,-0.1553050635176238
80943,42,-0.2435897435897435
80951,14,-0.042
81010,0,-0.0720562390158171
80960,7,-0.0804123711340205
80957,0,0.1172901921132456
80969,0,0.1389728096676736
80990,0,0.0070671378091873
81084,0,0.1867088607594935
81095,34,-0.0689935064935064
81055,0,-0.0740807498197548
91517,42,-0.2272473478503629
81182,0,0.131578947368421
81162,0,-0.1010101010101011
81184,52,-0.132758620689655
81173,16,-0.2087604846225536
81128,42,-0.1381399575886095
88379,20,-0.114853195164076
90359,42,-0.0140280561122244
81148,0,-0.08
88865,47,-0.0997123681687439
86993,29,0.011755485893417
85205,0,0.0
81220,0,-0.2668636139832594
81241,0,-0.2032312925170069
81256,52,-0.1186440677966101
81259,0,0.0288065843621398
81254,16,-0.1489757914338919
81292,0,-0.0345838218053927
81282,0,-0.0418966382338183
81278,31,-0.0808588396528094
91731,0,0.0347826086956521
81298,28,-0.0459701492537313
81501,0,-0.0426470588235293
87532,31,0.159274193548387
81540,31,-0.0059123891427035
81566,0,-0.1433172302737519
81541,37,-0.0174165457184326
81546,0,-0.0188679245283018
81560,16,-0.1101694915254237
90470,37,-0.0801630434782608
81588,29,-0.0571428571428571
81533,0,-0.0061612643986069
81539,12,-0.0995475113122171
81565,0,0.0781818181818181
81562,42,-0.2837837837837837
81584,34,-0.070840197693575
87476,0,-0.0399244672241704
81624,0,-0.268465909090909
81621,20,-0.0699152542372881
81705,52,-0.0877018138329678
81736,42,-0.0890914436930313
85332,0,-0.054054054054054
81740,0,-0.2081712062256808
81756,7,-0.2566371681415929
81857,0,-0.1084878048780488
81696,0,-0.1229277447607131
81666,0,0.0212014134275617
81665,0,-0.2917880023296447
81691,36,-0.1589958158995816
81677,0,-0.066469529442016
88719,0,0.0
81776,12,-0.5348189415041782
89611,13,-0.151951219512195
81893,0,-0.0279617365710079
82251,0,0.0967741935483872
81850,31,-0.0848484848484848
81869,42,-0.2222222222222221
82171,0,-0.1070099717219824
81925,0,-0.0911413969335604
91262,0,-0.0136807817589575
82212,0,-0.0787836903939185
82179,15,-0.0461993016384635
82176,0,0.0324675324675325
82234,0,0.0174050632911391
82281,12,-0.1990049751243779
82272,0,-0.1314066059225512
82266,12,-0.2727272727272727
82287,0,-0.042152466367713
82261,0,-0.0381110190555096
82508,0,-0.0722798923490966
82298,0,-0.1512764405543398
82518,0,-0.157497303128371
82515,14,0.0016255757247358
82521,4,-0.0803149606299212
82513,13,0.1400580551523949
82307,0,-0.0827500564461503
82575,47,-0.1252847380410022
82567,0,-0.0315789473684211
82581,0,-0.0316653635652852
82618,0,-0.1162162162162161
82649,0,-0.013565319964612
82552,0,0.0330188679245282
82643,0,-0.1691029900332226
82546,34,-0.0329873980726463
82547,0,0.1432160804020101
82642,9,-0.1713848508033664
82651,0,-0.0514802044941148
86042,42,0.0622119815668202
82634,52,0.014808362369338
82638,0,-0.1156976744186045
82573,23,-0.0099769762087489
82587,20,-0.0632754342431762
82635,13,-0.1450169700709656
82607,0,-0.0066815144766146
82599,0,-0.0211436809226331
82762,47,-0.0526315789473682
82779,35,-0.0661764705882353
82734,0,-0.0522478736330498
82720,12,-0.2556917688266199
82686,52,-0.1463614063777596
82759,0,-0.1530904625460498
89736,0,0.0259179265658746
82768,0,-0.1416666666666666
82664,0,-0.2182130584192441
82702,0,-0.1583434835566382
82699,52,-0.1159569009748587
82747,47,0.0918367346938775
82800,0,-0.1347323600973237
82812,12,-0.1208724832214764
82825,0,-0.3824324324324324
82839,42,-0.0933333333333332
83875,12,0.0077369439071566
86122,12,-0.0999999999999999
91231,9,-2.564036819574511e-05
83113,29,0.048878205128205
83131,35,0.0247844827586207
86098,0,-0.2203163288037425
87832,15,-0.1568627450980392
85838,0,0.1019108280254776
83529,48,0.1100352112676057
88177,7,-0.0335856544425663
84825,0,-0.0476190476190475
90710,0,-0.1035127149675497
83145,0,-0.0423529411764704
87471,0,-0.1876041666666665
91910,42,-0.1656804733727811
83149,0,-0.0582677165354331
83120,0,0.0411328388401888
83123,0,-0.1028236547682471
84397,0,-0.0096770545566163
91187,0,-0.025
37381,0,-0.0655021834061134
83111,52,0.0027679362267494
83124,0,0.1458333333333332
82859,0,-0.1282201405152223
83303,14,-0.0461538461538462
83307,0,-0.0659217877094971
83152,0,0.2113074204946996
83143,0,-0.0665130062561738
83272,0,-0.0011428571428571
83317,0,-0.0056497175141243
83283,0,-0.041551246537396
85406,0,0.053639846743295
83304,0,0.0648734177215191
83244,29,-0.2304347826086955
83390,37,-0.0360721442885773
86080,16,-0.0705035971223021
83413,0,-0.0810359231411863
83411,0,-0.0927601809954751
84215,35,0.0778965742963124
83414,37,-0.0122154358689617
83421,42,0.2736156351791532
83366,0,-0.0324652158401712
83382,0,-0.0277777777777777
83405,0,-0.1379050489826676
83422,0,-0.0504731861198737
83520,0,-0.0304142632406922
83504,47,-0.1915343915343915
83509,4,-0.1312603192074849
83541,0,0.0059327620303231
83462,0,-0.1322844758388184
83565,0,-0.0558096980786825
83534,0,-0.0995962314939433
83503,23,0.0490322580645161
83575,42,0.0648148148148146
83558,47,-0.0414012738853504
88811,0,0.0487854251012147
86091,34,0.0284313725490197
83616,29,0.0723981900452488
83690,9,-0.0823211875843454
83651,13,-0.0510204081632652
89202,7,0.2145833333333333
83621,0,-0.0774563888474727
83633,13,-0.0927903871829105
83630,47,-0.5298755186721992
83661,0,-0.0704878501205712
83602,20,-0.0206896551724138
83683,14,-0.012797074954296
90082,31,0.1313868613138686
83779,0,-0.1667114815810702
91050,13,0.3680781758957656
83799,0,-0.0894811511957844
83756,12,-0.217910447761194
83916,23,-0.0165016501650164
83879,0,-0.2265870521684475
83832,0,-0.1094803649345498
83844,13,-0.082258064516129
83862,47,-0.2013170272812794
83910,9,-0.1261682242990653
83906,0,0.007621247113164
83885,7,0.4247311827956987
83903,20,-0.1903114186851211
83831,0,0.2926829268292683
83934,42,-0.0321100917431194
83969,0,-0.0237547892720306
83928,0,0.044945987654321
92530,0,-0.1039999999999999
88436,0,-0.0745589072282298
83950,13,0.0903104421448728
83961,0,-0.2123015873015872
83965,0,-0.0075566750629723
88905,13,-0.1365079365079364
84026,20,-0.1517826356802979
84103,0,-0.1400862068965517
89425,0,-0.0333333333333333
84062,0,0.0138921046538551
84636,0,-0.0586769997232218
85996,47,0.0294117647058822
84042,0,-0.0703479576399396
84010,14,-0.0311750599520385
84060,0,-0.0510879848628194
84041,0,-0.0474371219356892
84032,0,-0.1189281942977825
84168,0,-0.0837615621788284
84203,0,0.0381143430290871
90666,0,-0.1062176165803108
84234,14,0.059676331759946
84281,14,-0.074022988505747
84172,0,-0.1954971857410881
84262,34,-0.1752738654147104
84210,28,-0.0894217207334273
89801,7,-0.109090909090909
84348,0,-0.1300207039337473
84325,52,0.1780303030303029
84330,35,-0.223716814159292
84365,0,-0.0895546823837589
84342,0,-0.003476245654693
84364,23,-0.0076988879384088
84302,9,-0.1564625850340135
84320,0,-0.1577595066803699
84373,0,-0.0136938810885768
84319,13,-0.0898248229593736
84331,0,0.0223434077687882
86440,0,-0.0652985074626866
85176,48,0.083698409038506
88984,12,-0.0803212851405623
84438,0,-0.0679184978026369
84385,0,-0.0792079207920791
84413,0,-0.1421319796954314
84511,47,-0.22265625
84531,4,-0.0290492957746478
84563,0,-0.0471848643720081
84546,48,0.1631016042780746
84555,47,0.0093457943925234
92446,0,0.0047892720306514
84624,42,-0.1469972067039106
84606,0,-0.1682847896440129
84389,28,-0.0145391102064553
84597,0,-0.0867482703565726
84737,9,-0.1077801570306923
84749,35,0.0719008839702095
85211,35,-0.3190425531914893
84761,0,-0.1832683445586671
84607,47,-0.0929203539823009
84656,0,-0.0785782594835829
84734,0,-0.125689338235294
92531,0,-0.32792
84780,28,-0.1027721433400946
84827,12,-0.0550098231827113
84788,52,-0.0818887055579433
85079,0,-0.0115074798619102
85204,0,-0.1077844311377245
85035,0,-0.1293302540415705
85002,7,-0.221143473570658
85072,52,-0.1362396238462877
85067,0,0.0284745762711864
85013,13,-0.0400274277877775
85077,12,0.7322404371584699
85020,0,0.0154241645244215
85059,0,-0.1417769376181474
85168,0,-0.1607055365017149
92245,0,-0.1458179126572909
85187,47,-0.0247603833865813
85177,13,-0.0217917675544794
85173,52,-0.0216594999203695
87364,16,-0.0033444816053512
89022,31,0.0228401191658391
85198,15,-0.0601941747572815
85246,0,-0.0930698023517637
89038,0,0.05
90942,16,0.5263157894736841
85280,0,-0.2114835948644793
85291,0,-0.2524682651622003
85320,13,-0.3846153846153846
85319,0,-0.0666221405910837
89898,16,0.0625
85401,35,-0.2999999999999999
85349,0,-0.1689708141321043
90012,42,-0.1529324424647364
85333,0,-0.0238095238095238
85348,52,-0.0325862780145744
85372,52,-0.1759556984637369
91908,12,0.102127659574468
89270,0,0.0548271752085816
89292,0,-0.0343725019984012
85395,28,0.1470113085621969
85453,0,-0.0249609984399376
90875,0,-0.0102272727272727
85418,23,-0.008610086100861
85502,0,-0.383495145631068
85516,16,-0.0269636576787806
85482,0,-0.1110881257757551
85440,42,-0.1821345707656612
85488,52,-0.0454681423870774
88635,0,-0.0285367334547661
85517,28,-0.0326953748006378
85432,0,-0.1684563758389261
87139,0,-0.0677487649964713
85424,0,-0.1009051788099124
85445,12,0.1109022556390977
89615,47,0.175704989154013
87837,47,-0.1151515151515151
85427,52,-0.0953697304768487
85419,0,0.019607843137255
85496,34,0.0
85540,0,-0.0142857142857143
85590,0,0.0208823529411765
85621,0,-0.1293776974471504
85627,14,-0.1147443519619499
85539,13,-0.0941176470588235
85571,13,-0.2120109190172884
85798,0,-0.0270270270270269
85593,0,-0.0928533708854075
85567,0,-0.1946710640513799
85576,47,-0.0752351097178684
85522,0,-0.0430107526881721
85526,42,-0.1791044776119402
85686,0,-0.1532125205930807
85725,0,0.1872
85675,0,-0.0500695410292072
85559,42,-0.0524999999999999
85645,0,-0.1046267087276551
91419,47,-0.3510466988727858
85710,0,0.0773495248152058
85647,13,0.008904279000742
85663,13,-0.2598543273350472
91911,34,0.0047619047619047
85728,7,0.0097560975609756
85883,0,0.0233370370370369
89938,0,-0.0654545454545455
92557,13,0.07377938517179
92320,0,-0.0403669724770642
85731,36,0.0572519083969464
85751,0,-0.0255402750491159
85656,0,-0.0403632694248234
88183,20,0.074280408542247
85763,0,-0.0326894502228826
85744,0,-0.08
85753,0,-0.0700559474580394
85768,7,-0.248868778280543
85724,12,-0.0827489481065918
85738,0,-0.1022727272727272
85792,0,0.0207956600361662
86497,20,-8.509914049870115e-05
85839,0,-0.0241356816699281
85966,7,0.187648456057007
85886,9,0.1197007481296759
85889,4,-0.0581473968897903
92560,35,-0.1826923076923077
88384,35,-0.1468531468531468
85931,0,-0.1022514071294559
85903,0,-0.0312732688011914
85804,0,0.0029673590504448
85739,0,-0.4522144522144522
88203,0,-0.1026957637997432
85963,0,-0.1161202185792349
86102,0,-0.0901268115942028
86111,0,-0.0106739859713327
87014,20,-0.0185589519650655
85860,34,-0.0211581291759467
85863,28,0.0210191082802548
87488,0,0.02
32687,0,-0.0507373283585878
85829,29,-0.2054885218205271
87501,16,-0.0147492625368732
87508,0,-0.0315463917525772
88820,31,-0.0242941562705187
89278,42,0.0
89530,0,0.0689655172413794
88951,0,0.1180048661800485
90972,12,-0.2494999999999999
80638,16,-0.2490566037735848
87538,0,0.0285714285714286
85939,0,0.0155875299760193
85951,0,-0.0684357541899441
90603,47,-0.0120772946859903
85953,42,-0.0313061224489794
85980,0,0.31
86302,0,-0.0860534124629079
87614,23,-0.0164113785557987
89821,0,0.0171052631578947
85992,52,-0.0528414755732801
85972,34,-0.0801955990220049
86047,0,-0.0851063829787233
89681,0,0.0046807713911252
90331,35,0.0330578512396695
90544,0,0.079754601226994
86073,42,-0.0148148148148148
86062,42,-0.0298769771528999
86034,13,-0.165781574694066
86026,0,-0.1257029440952696
86021,36,-0.0727495240685341
86083,0,-0.0779702970297029
86097,36,-0.039714551659944
86051,0,-0.2436149312377209
86113,13,-0.3912280701754386
86048,0,-0.0963222416812609
86196,52,0.0410834629341627
86128,0,-0.0956848030018761
88341,0,0.3472972972972974
86211,14,-0.1273429675203892
89279,23,-0.008970976253298
87404,0,0.0
86150,31,-0.2219512195121951
87318,0,-0.0983698707138842
86157,23,-0.0272
86158,0,-0.2056457111686894
87067,34,-0.0213645761543763
86249,12,-0.1967213114754098
88836,47,-0.0948905109489052
86199,28,-0.0265423242467718
86155,0,-0.2286501377410468
86178,0,-0.1416074357572444
86180,0,-0.0229357798165138
89578,37,0.0022522522522521
86288,0,0.0137193030594044
90221,4,-0.0704225352112676
86228,34,-0.0369017172086226
88257,20,-0.0923694779116467
89643,9,-0.0400485436893204
86240,0,0.0148200423429782
87131,0,-0.0433789954337899
86299,42,0.2981366459627328
86236,0,-0.0591549295774648
86250,0,-0.0555095277547639
88516,0,0.1411042944785276
86233,12,-0.1418726235741445
86260,12,-0.1903669724770643
86728,47,0.1133333333333332
86312,0,-0.0199960799843199
89419,0,-0.0615640599001664
87160,52,-0.0255402750491159
86322,20,-0.2238171185539605
87089,12,-0.2696629213483146
86305,0,0.0433807030665669
86339,0,-0.0355060943296237
88850,20,-0.156794425087108
86362,0,-0.1685393258426967
90733,35,0.0285204991087342
86356,52,-0.0446123842028279
88940,0,0.2505854800936768
86868,29,-0.1689101172383847
87658,47,0.0
89109,0,-0.1180758017492712
91431,7,-0.5569620253164558
86253,0,-0.0197841726618703
90914,0,0.0123076923076923
86435,16,-0.0676990451251721
86432,28,-0.0842443729903537
90163,12,0.0123456790123455
86489,13,-0.0526315789473683
86544,0,0.1460017969451932
86525,0,0.0935289957567184
86531,13,-0.1739130434782608
86526,12,1.8571428571428568
86533,28,-0.0029268292682925
87069,0,0.0169491525423728
86573,0,-0.0428972162940458
86578,0,0.2212765957446809
90591,15,-0.1058726220016542
87342,47,-0.5079872204472844
86582,0,-0.0853080568720379
86547,16,-0.04437564499484
89143,0,0.0380487804878049
91608,0,0.03125
86560,42,-0.2035541195476575
86583,0,-0.0271800679501699
86719,0,-0.0166886253842775
92094,12,0.1733990147783253
86709,12,-0.1880877742946708
86715,35,-0.2864583333333332
86595,0,0.1834319526627219
86717,0,-0.2401189970250744
86720,0,-0.1215856901136087
90590,0,-0.0124300807955251
86725,23,-0.11755823986195
86759,12,-0.048936170212766
86763,31,-0.2173913043478261
86778,0,-0.054249547920434
86783,13,-0.1778738968760824
86810,0,-0.0906249999999999
86820,20,-0.0135478408128704
86840,0,0.5904522613065326
86822,0,-0.0261096605744125
86819,16,-0.26497277676951
86827,34,-0.1579487179487179
86799,0,-0.1552346570397113
86830,0,-0.0997392438070404
87039,31,0.1938202247191012
86899,28,-0.0563813429010764
86916,42,-0.1339285714285715
92318,34,-0.0460829493087557
86924,20,-0.1930693069306931
86926,0,0.0637614678899083
86876,52,-0.1039313149570718
86946,34,0.0247367132010778
86964,0,-0.2273575171625115
86988,20,-0.2210526315789472
86949,0,-0.0899839314408142
86990,0,-0.0870406189555126
88368,0,0.0517704803085194
86996,0,-0.0342071016917642
87006,29,0.0112
87013,0,0.176178010471204
86989,7,-0.2289473684210525
87000,13,-0.1539786427833276
86965,0,-0.0342789598108748
86977,42,-0.2777777777777778
86979,0,-0.1973868408772748
87016,0,-0.3069306930693068
87077,14,0.0227848101265821
87020,0,-0.0635727908455181
87121,13,-0.1026119402985076
87066,0,-0.037201062887511
87075,0,-0.0634920634920633
87056,0,0.0270893371757925
87034,0,-0.0117511520737326
87086,0,-0.0566194837635303
89481,42,0.5
87162,9,-0.0067114093959731
87165,13,-0.0494252873563217
87179,0,-0.0309328177863702
87173,35,-0.0970546679708728
87182,41,0.0743446497636441
87172,0,0.0945454545454544
89529,12,-0.0842398564830718
87264,0,-0.1301416048550235
87242,0,-0.2146739130434782
87261,4,-0.1666666666666666
87267,15,-0.1084664369975989
87345,0,-0.2639467110741049
87268,31,0.0343830334190229
88475,0,0.0026431718061674
87361,23,-0.1054172767203514
87269,34,0.04
87277,4,-0.1624649859943976
87356,20,0.0
87302,29,-0.1016949152542373
90358,31,-0.0058139534883719
87299,0,-0.0997238416692237
87321,20,0.010126582278481
87337,47,-0.1287878787878789
87379,0,-0.1342448725916718
89597,42,-0.3317307692307693
87439,42,0.0688168010500656
87430,7,-0.0252252252252251
90808,52,0.0759671746776085
87394,0,0.0293577981651376
87415,0,-0.2018518518518519
87414,12,0.0454545454545454
87424,47,-0.0316205533596836
87373,12,-0.2265625
87510,47,-0.1802030456852792
87445,0,-0.0779944289693593
87496,23,-0.0474649406688241
87494,47,-0.0977791486736582
87498,0,0.2405498281786942
87487,0,-0.1449067431850789
91837,35,-0.2345890410958904
87525,9,0.0178217821782178
88926,0,-0.1549295774647887
87632,42,-0.251953125
87541,41,-0.0808496060294622
87589,0,0.1784313725490196
87601,13,-0.1712962962962962
87771,35,-0.3224637681159419
87612,4,0.0272638753651413
87797,0,0.0102827763496144
87752,42,-0.1587301587301587
87825,0,-0.0534351145038168
87814,7,0.0670103092783505
87785,35,-0.0009578544061302
87812,0,-0.0270498732037194
87657,0,0.0289261178739304
87659,28,0.0221505677835411
87750,35,-0.021978021978022
87827,37,-0.1041465766634522
87789,0,-0.1154153354632587
88207,0,-0.1718602455146365
88152,36,-0.0884235020360675
88167,13,-0.0781318201658664
88468,16,-0.2920110192837466
88173,42,-0.0185185185185184
88174,48,0.0869017632241813
88195,0,-0.0451612903225806
88159,0,-0.0354166666666666
90354,0,-0.1114982578397213
88370,0,0.005181347150259
88246,29,-0.0264900662251655
88646,0,-0.1483715319662243
88182,0,-0.1840193704600483
88260,42,-0.0599999999999999
91171,0,0.0358361774744027
23887,12,-0.0708074534161491
89572,0,-0.213218650973291
88534,0,-0.1733021077283372
88264,0,-0.1398230088495575
90071,20,-0.0988235294117646
88343,0,-0.0424013434089001
88319,47,-0.2027107833366553
88352,52,-0.0952957956538258
88331,52,-0.0151002343139806
88335,7,-0.3988836410476599
91040,16,-0.2125
88281,23,-0.0605122431747818
88313,0,-0.0369393139841689
88280,37,-0.0383428823270163
88332,42,-0.0462962962962962
88287,0,-0.0097833682739343
88359,12,-0.2083333333333333
88439,0,-0.1288135593220338
88417,42,-0.1838235294117647
19675,42,-0.1382586775256933
88466,13,-0.1855670103092782
88485,0,-0.1464968152866241
88421,7,1.747433264887064
88446,42,-0.0330114529530652
88511,13,-0.022964509394572
88550,0,0.0781519861830741
88542,0,-0.1176470588235293
88504,41,-0.0133067198935461
88497,0,-0.107231638418079
88545,52,-0.0049796287913083
88574,12,-0.2331606217616579
88564,0,0.0257142857142855
89617,52,-0.0066382460414127
89395,0,-0.0677595628415301
71862,20,-0.1240694789081886
90502,12,-0.2396958783513405
48506,0,-0.1064713064713064
88648,0,-0.1055179090029041
88739,0,-0.1906565656565656
88992,35,-0.1924882629107981
88620,0,0.0049261083743843
88615,23,-0.1086303134392442
88746,12,-0.2099999999999999
88661,52,-0.0780481137233459
91360,0,0.0763888888888888
88740,0,0.0405405405405405
88750,0,-0.1603174603174603
88868,52,-0.2244207237698515
89685,35,-0.1768488745980707
88817,0,-0.0300982800982801
89576,12,-0.1438356164383561
89925,7,-0.16
88792,20,-0.1179487179487179
88807,12,-0.2837370242214534
88786,47,-0.0730593607305937
88860,52,-0.0151371807000946
88949,0,-0.0146686899342437
88839,23,-0.1027568922305764
90029,13,-0.2444889779559118
88908,0,-0.0995024875621889
88892,16,-0.0476190476190476
88897,52,-0.1634832872581051
92601,47,-0.07909604519774
88945,12,-0.2935036496350366
88991,0,-0.2491160398585663
88895,0,-0.1256281407035175
89004,0,-0.1438297872340425
89290,0,-0.126668837512211
89006,0,-0.040130423877602
89110,28,-0.0826909600560616
88970,0,-0.0390625
90696,7,-0.428297668476525
89046,0,0.0622651637144391
88994,29,-0.2063492063492064
88987,47,-0.263094762095162
89642,0,0.0032701111837802
89031,42,0.1695652173913044
89002,52,-0.0193790163141867
89014,0,-0.0987654320987655
90176,13,-0.1553398058252427
89167,20,-0.0151843817787419
89036,34,-0.0849673202614379
89044,52,0.0034013605442175
89215,42,-0.1058122205663188
89070,28,-0.0362307325599873
90216,12,-0.1521739130434782
89327,52,-0.0426217765042979
90980,20,-0.1687612208258528
90175,47,0.0752558699578567
89413,4,-0.2222222222222222
89203,0,0.0626371215445371
89179,0,-0.0063403125921556
90223,31,0.0318181818181817
89244,0,-0.2530279094260136
89204,0,0.0103626943005181
89269,0,-0.0871432179843395
89168,20,-0.0066666666666667
89217,52,-0.2054466230936819
90643,0,-0.183448275862069
90204,47,-0.1995192307692307
89230,4,-0.2310590205106739
89252,42,-0.0962099125364431
89262,4,-0.0522088353413654
90081,0,-0.2147727272727273
91379,12,-0.3290043290043289
89761,12,-0.3485972267010641
89297,0,-0.0528563801388148
89353,0,0.1010526315789475
89321,0,-0.0705009276437848
91015,0,-0.0115942028985506
92174,0,0.1134533268471973
89409,0,0.0102865540044085
89332,0,0.0814814814814814
90778,35,0.3061224489795919
89424,42,-0.1480891719745222
89387,0,-0.0870951501929855
89394,35,0.1028192371475953
91975,0,-0.2618939737199819
90280,13,0.0307867730900797
92213,12,-0.3166666666666666
89445,42,-0.0789473684210525
91665,0,-0.1228070175438597
89920,13,-0.0492390331244405
91152,0,-0.0247383444338725
91727,0,-0.2634920634920635
89753,35,0.0696428571428573
89471,0,0.1156316916488222
89453,0,-0.1026360067302298
89407,42,-0.2708860759493672
91269,12,-0.0896103896103897
89406,0,-0.0697899058198501
89626,0,-0.0310360382576164
89443,0,-0.0320826536160957
89916,47,-0.144516129032258
89636,0,-0.1238678090575275
89533,0,-0.2275861489944639
90601,37,-0.1094831094831095
89482,0,0.0236578707916288
90313,0,-0.2504859813084111
89941,13,-0.1016949152542373
89484,0,-0.298611111111111
90067,0,-0.1979341820802306
89876,52,-0.0068139963167587
89653,28,-0.0510204081632653
89826,52,0.028374436488995
89574,0,0.0042138913106655
89546,0,0.0567484662576687
89509,0,-0.2291998263637679
89549,34,-0.0198237885462554
89573,0,-0.2131386861313868
89620,35,-0.0555555555555555
90436,16,-0.0538699690402476
90492,0,-0.3042071197411004
16852,12,-0.0477142857142857
89781,9,-0.0054580896686158
89699,14,-0.2170767004341534
90874,0,0.0798969072164947
89698,0,-0.2738970588235294
89644,0,-0.1048354327509142
89796,0,-0.0232558139534884
89793,0,-0.1144230769230769
89741,7,-0.7312648221343874
89800,0,-0.1846753246753246
89850,0,-0.0983050847457627
89770,42,-0.3812375249500997
89799,0,0.002053388090349
89798,12,0.0307692307692306
90080,34,-0.0019569471624267
90007,0,-0.0196078431372549
90716,16,-0.0433962264150942
89901,42,-0.2445804195804196
89866,52,0.089387144992526
89889,31,-0.0125786163522012
89964,0,-0.0960495739736638
89922,4,-0.1310741687979539
89913,0,-0.0183923705722071
90400,13,-0.0254883720930232
89905,52,-0.3699494949494949
91086,0,-0.1287638668779714
89973,0,0.0158333333333333
89971,13,-0.214649898028552
90503,41,0.1915399239543727
90038,28,-0.1725334655428855
90020,42,0.0921052631578946
90078,0,-0.1235294117647058
89952,0,-0.0700470465237845
89904,52,0.0150268336314849
89960,0,-0.2889637742207245
90052,0,-0.1562021439509954
90088,0,0.028735632183908
90129,0,-0.0498753117206982
92636,12,-0.0595238095238094
90333,0,0.0455259026687597
90006,42,0.0107334525939177
90085,41,0.0
90126,35,-0.089108910891089
90490,0,-0.1148977604673806
90454,48,-0.0588749635674731
91977,0,0.0827338129496402
92282,13,0.0067437379576107
90210,0,-0.07946735395189
90248,13,-0.1877810103147316
91901,29,-0.0307328605200947
90232,0,-0.0649301623254058
90425,0,-0.0286885245901639
90110,34,-0.1099088838268791
90275,0,0.0658482142857141
90700,0,-0.2340425531914893
90319,0,-0.0396627110742401
90533,16,-0.2225594334850784
90708,28,-0.0308385308385308
90325,12,-0.3892961876832844
90427,0,0.0539130434782608
90292,0,-0.0024634146341462
90447,0,-0.1352657004830917
90614,20,-0.2191358024691359
90288,7,0.0
90466,35,0.0955882352941175
90299,52,-0.155366372757677
90227,0,-0.0724754065448705
90314,47,-0.1795112781954887
92453,0,-0.2499999999999999
90353,0,-0.0689396777819407
90515,20,0.0886075949367088
92132,0,-0.0096385542168674
90421,0,0.0060869565217391
90423,0,-0.0439001848428834
90312,52,-0.1479280688037529
90536,20,-0.1757575757575756
90090,0,-0.0651545136246004
91400,4,-1.666666666666483e-05
19721,4,-0.0204646017699113
90901,35,0.09375
90411,0,-0.04
90098,35,0.0256410256410257
90538,7,-0.4954773869346733
90455,0,-0.0931467181467181
90274,0,-0.0423197492163008
90535,0,-0.05720823798627
90249,0,-0.0563662374821174
90444,20,0.0273141122913505
92332,12,-0.1418247515808491
90404,31,-0.1578947368421052
90416,0,0.0066666666666665
90833,52,-0.0423367246471939
90371,20,0.0066518847006651
90488,47,-0.2097560975609754
90487,37,0.0462882096069869
90496,42,-0.229090909090909
90489,52,0.2396694214876034
90568,13,-0.1479538300104932
90505,13,-0.1677779780140565
90600,34,-0.0453608247422679
90637,20,-0.0401459854014599
90718,20,0.018018018018018
90540,28,0.0391666666666667
90417,4,-0.067391304347826
90409,0,-0.1129398410896708
90548,0,-0.0531135531135531
90803,37,-0.2377260981912144
90964,12,0.0344827586206897
92521,12,-0.2933333333333333
90520,0,-0.1784977300866693
90440,0,-0.0875350140056022
90564,52,-0.1918775750441435
90605,15,-0.1576923076923077
90550,0,0.0932959469793526
90569,52,-0.1215919774365402
90558,0,-0.096045197740113
90734,20,-0.0542066629023151
90547,35,-0.3502789832610042
91500,14,-0.2171242774566473
90494,20,-0.194745621351126
90948,16,-0.0410256410256409
92462,42,0.0010593220338983
90711,0,-0.0392826643894108
90634,14,0.0568373663477772
90672,42,-0.0819444444444446
91018,0,0.1266839378238342
90664,16,0.100204498977505
90742,31,-0.3767195767195767
84553,0,-0.237037037037037
90720,47,-0.0503597122302158
90636,4,0.0023411489276596
91114,0,-0.0969650205761317
86165,47,-0.315288327805713
92571,0,-0.2311827956989248
90993,0,-0.0796000510823849
90763,0,-0.1147180192572214
90665,47,0.0251798561151079
90735,12,-0.2098092643051771
90786,41,-0.1098631551768654
90730,0,0.0678260869565217
90885,0,-0.165680473372781
90752,16,0.2290969899665551
90824,23,-0.1408977556109725
90732,52,-0.1071319253137434
90792,36,-0.121654501216545
91605,0,-0.061143381228982
90789,0,-0.1546211125711781
90791,0,-0.0971143174250832
90856,16,0.0963414634146342
90871,14,-0.0520231213872832
90867,52,-0.0153601694915254
90984,0,0.2293436293436295
90776,0,-0.0068337129840545
90722,0,-0.0052316890881913
90814,0,-0.079566679118416
90779,0,-0.0630530973451325
90829,52,-0.1144721330156427
90831,0,-0.0986031224322102
90775,0,-0.0086941401495391
90966,12,-0.0793157076205287
92619,0,-0.2170542635658915
90868,42,-0.1799256505576207
90795,0,0.0187667560321715
91141,13,0.0414193867457963
90805,0,-0.0795517178026823
90952,28,-0.0323834196891191
90961,42,0.2539682539682539
90862,0,-0.2697327532628961
91033,20,0.2474864655839133
92227,31,0.0050847457627116
91286,42,-0.1583333333333333
90971,0,-0.1029224904701398
91032,0,-0.084813945692256
90956,20,-0.1391129032258065
91594,0,-0.0771999999999999
90825,0,-0.1355450236966826
90926,0,-0.2469135802469136
90870,0,-0.0102389078498293
90963,0,0.0250748502994011
90940,52,-0.2081820382473977
91349,13,-0.0865834633385335
90951,0,-0.3477832512315271
90900,0,0.1789951151430564
90896,0,-0.2748324192565509
90957,47,-0.1064705882352941
90958,42,-0.0490196078431373
91356,0,-0.0346602608098833
90988,0,-0.1325618095739086
90989,34,-0.16776750330251
91282,12,-0.3839835728952772
91020,52,-0.0459603289791969
92044,0,-0.1450719822812846
91090,0,-0.1628712871287128
90978,12,-0.1069518716577541
90979,0,0.028591851322373
90969,0,-0.0387243735763097
91967,35,-0.1408695652173912
90925,0,-0.0223144784639335
91075,52,-0.2160859896219422
91083,42,-0.1503131524008349
91408,0,-0.0272435897435897
91891,0,0.0117647058823529
91073,48,0.0152230971128608
91063,0,0.0288855356757922
91192,15,-0.0819672131147539
91507,52,0.0959160734357436
84185,16,-0.0962566844919786
91028,12,-0.201142857142857
91041,0,0.0320088300220748
91515,12,-0.0198039215686274
91099,0,-0.0534124629080118
91080,52,-0.177720207253886
91752,12,-0.0625
91068,13,-0.0026077025862054
91096,20,-0.094758064516129
91088,0,-0.1380952380952381
79519,0,0.0146627565982404
89003,0,-0.0264330264330264
91603,52,0.0554331864904553
91100,13,-0.2303560771832107
91176,23,-0.0449999999999999
91095,13,0.1980123757734859
91151,0,-0.0760963771884208
91143,4,-0.0559223300970874
91428,12,-0.109062980030722
91234,0,-0.0278551532033425
91627,42,-0.0581717451523545
91201,12,-0.3330303030303031
91348,20,-0.2431192660550459
91237,16,-0.1029411764705882
91215,52,-0.0116564417177914
91267,12,-0.0561797752808987
91359,42,-0.0242424242424241
91395,35,-0.3298969072164948
91366,14,-0.4277955271565495
91350,0,-0.1800554016620498
92088,12,0.1963238789415307
91167,20,0.0563636363636363
91363,42,0.2696078431372548
91463,52,-0.0998655655847897
91371,0,0.0530386740331492
91491,13,0.0796992481203007
91406,37,-0.0101818181818181
91283,47,-0.1359044995408632
91522,42,-0.2247838616714698
91472,12,-0.1878172588832486
91579,0,-0.2477849970466628
91514,0,-0.0414833438089252
91485,42,-0.1685678073510774
91503,15,0.0314814814814814
92295,35,-0.6274545454545455
91446,7,-0.1631799163179916
91391,0,-0.1672597864768683
91432,14,0.0243266724587314
91614,14,0.0266422615415902
91468,0,-0.0978348035284684
92506,28,-0.1756885090218423
91392,0,-0.0107270560190704
91413,0,-0.0650775633749526
85208,0,-0.1530390021777865
91618,0,0.0
91659,0,0.103641933287951
91355,20,-0.1432584269662922
91405,20,-0.018932874354561
91493,47,-0.18489490559316
91407,20,-0.1483050847457627
91397,23,0.0048611111111112
92093,0,0.0037735849056603
91461,0,-0.1077257889009793
91416,0,-0.0127569099929127
91486,0,-0.1152118100128369
91611,12,-0.317391304347826
91742,35,-0.2718446601941747
91615,35,-0.2619926199261992
92054,13,-0.2091503267973856
91612,35,-0.3158490566037737
88434,0,-0.0362962962962962
91622,36,0.0159420289855072
91501,23,0.0078616352201257
91625,0,-0.4844192634560906
90077,7,-0.0866141732283465
91516,0,0.0579019073569482
91683,48,-0.006390977443609
91623,0,-0.1969230769230769
91578,20,-0.0487089201877933
91668,48,-0.115702479338843
91613,0,-0.2531645569620254
91610,0,0.0006414368184735
92456,0,0.0647482014388489
91571,4,0.0256045519203413
91616,13,-0.0759999999999999
91598,42,-0.1602160216021602
91619,12,-0.0616125447586121
92589,0,-0.1847302173134657
91667,42,-0.1316872427983539
91630,35,-0.3359173126614987
91658,0,-0.0826039387308534
91678,13,-0.5954907161803713
91754,35,-0.0364963503649635
91666,0,-0.1359325605900949
91675,0,-0.0556402439024389
91650,0,-0.0660377358490564
91654,35,0.0828729281767954
92035,0,-0.2926195426195426
91741,29,-0.0416666666666666
91743,37,-0.0762483130904183
91661,12,-0.3571428571428571
92449,16,0.4744897959183674
91883,0,-0.062771908017402
91736,23,0.0564430932008612
91822,36,-0.0559832050384884
91899,13,0.0817807413218276
91907,0,-0.0968838526912181
91836,12,0.0156862745098038
91688,0,-0.0242494226327945
91692,0,-0.1995104039167686
91826,0,0.1298342541436463
91824,47,0.0094594594594594
92232,0,-0.2110418521816564
91814,0,-0.1851851851851852
91959,20,0.0564102564102564
92553,35,-0.4768133174791914
91854,0,-0.0956790123456791
91956,4,-0.1938271604938271
91968,34,-0.046795523906409
92091,42,0.1694915254237288
91900,13,0.0153846153846155
91905,0,-0.1176470588235294
91909,0,-0.4317757009345794
92421,42,-0.2052565707133917
92101,0,-0.0652941176470588
92210,0,-0.0345313601127554
91915,0,0.004355400696864
91979,0,-0.1026137463697968
92052,0,-0.2970430107526881
92207,29,-0.1252609603340291
92034,9,-0.1725905673274094
92050,0,0.0313549832026875
92345,35,-0.1782945736434108
92038,20,0.0515806988352747
92095,4,-0.1047486033519553
92096,13,-0.1534391534391533
92195,34,-0.0023068050749711
92201,23,-0.0246913580246912
92097,20,-0.0072992700729926
92021,0,-0.0120160213618157
86812,0,-0.0362473347547975
92150,0,-0.0506329113924051
92087,0,0.2984615384615383
92105,0,-0.0968586387434554
92143,52,-0.2366683595733876
92102,0,-0.0888554216867471
92229,0,-0.0304837640821735
92450,0,-0.0804597701149425
92220,0,-0.1507900677200903
92177,42,0.0277246653919693
92239,0,-0.1813771225974996
92184,4,-0.1634372367312552
92188,52,-0.1788037442487704
92296,52,0.0033126293995857
92172,0,-0.0881261595547309
92183,42,0.0
92243,20,-0.1048689138576779
92221,52,-0.2739301219764317
92257,52,-0.1674722520587181
92223,35,-0.1475409836065573
92293,52,-0.0472914875322441
92268,0,-0.1037735849056603
92299,0,0.0230769230769232
92302,0,-0.1621845262722383
89756,47,-0.4197002141327622
92402,0,-0.0759770429078983
92303,42,-0.0415094339622641
92308,0,0.0066815144766145
92319,0,-0.1746478873239435
92326,48,-0.1620553359683794
92354,42,-0.3005093378607809
92445,35,-0.0280898876404495
92454,29,0.1678141135972461
92428,42,-0.181163594470046
92429,13,-0.2187848383500558
92432,0,-0.049045301385249
92400,52,0.0055305910819218
92443,23,-0.010028653295129
92312,35,-0.2857142857142857
92395,0,-0.1105263157894737
92448,0,-0.0666666666666665
92460,16,-0.0496453900709221
92493,0,-0.1403921568627449
92464,4,-0.1022997620935765
92466,12,0.0238095238095237
92478,0,-0.122886866059818
92465,0,-0.4859813084112149
92497,0,0.0572329878323569
91136,7,-0.1313131313131312
92467,20,-0.0346820809248554
92469,0,-0.0371772805507746
92528,29,-0.0929705215419501
92523,28,-0.0186567164179104
92527,0,-0.0890393126789896
92555,0,0.0073710073710071
92558,13,-0.4502541757443719
91365,16,-0.0822335025380711
92614,41,-0.0008761682242991
92587,12,-0.1879432624113475
92611,14,-0.0632623190762725
92588,0,-0.075177304964539
10258,0,-0.0855263157894736
92602,0,-0.0558596804826276
92597,37,-0.1036294173829991
92621,0,-0.2100603621730383
79678,0,-0.0881553398058252
82526,0,-0.0338461538461538
87078,0,-0.024785939612438
91161,42,-0.1126408010012516
90183,4,-0.0847457627118644
91892,12,-0.1712328767123287
92596,0,-0.0341296928327643
92185,0,0.1044444444444443
91021,12,-0.0632911392405063
90272,52,-0.0769859431186662
90276,0,-0.1655907036797933
90178,0,-0.1009657594381036
90188,0,0.1925165962582982
90187,0,0.0663804491413473
90164,0,-0.1024453024453025
92457,13,0.0629742033383915
90233,16,-0.1316120906801008
90097,16,-0.1299270072992699
90200,52,-0.0653266331658291
90207,42,0.6497770571544388
91609,31,-0.0243111831442464
90399,0,0.1142857142857141
92155,35,-0.267857142857143
91412,12,-0.5076502732240438
