firms,clusters,mom1
10218,3,-0.03125
65832,23,-0.0485074626865671
66413,0,-0.2010869565217391
62500,27,0.28125
27991,6,0.0234042553191489
20482,17,0.0595238095238095
10656,18,0.0833333333333332
10123,9,-0.1212121212121212
11647,10,0.0163934426229508
63837,23,-0.0535714285714286
60038,21,0.0416666666666667
85084,9,-0.0789473684210526
10752,17,-0.0913461538461538
61487,3,0.018181818181818
61241,16,-0.103125
11042,0,0.0801687763713079
61081,0,0.0890410958904108
28222,0,0.045016077170418
11368,16,0.0555555555555555
51721,17,0.0947712418300654
11456,12,-0.0847507267757192
28804,5,0.0301507537688441
11587,22,0.1351351351351351
49584,20,-0.025
42083,18,-0.0217391304347825
48514,20,-0.1400862068965517
11691,28,-0.0368663594470045
77829,16,0.1296296296296295
10137,23,0.0215311004784688
44740,9,-0.1075268817204301
11851,0,0.0063492063492063
26331,0,0.0192307692307691
10145,5,0.0944625407166124
41443,26,0.0171102661596957
45911,9,0.1271186440677967
12205,18,-0.0977443609022556
24643,6,0.0237691001697792
64856,10,-0.0169491525423728
28484,26,0.0385514018691588
39482,15,-0.0532212885154061
10225,6,-0.2385204081632652
56119,28,-0.0761421319796954
24109,28,0.0323076923076923
57904,21,-0.0735294117647058
59643,5,0.1428571428571428
15667,24,0.006578947368421
65859,27,0.0372137404580152
66800,10,0.103416435826408
13304,27,0.0338164251207728
85404,22,0.1304347826086955
13470,26,0.2380952380952381
29049,26,-0.0331753554502369
13603,16,-0.0754716981132075
46527,17,0.0
58560,0,-0.0493827160493827
69200,3,0.1818181818181818
10401,2,-0.0459183673469387
11144,9,-0.0163934426229508
23544,4,-0.0058139534883721
14008,10,-0.1308411214953271
14059,3,-0.0058823529411764
27051,18,0.0182926829268292
19553,25,-0.0272727272727272
18075,25,0.1298076923076923
14219,17,-0.0758620689655172
14227,3,0.4133333333333333
87119,15,0.1
29073,7,0.0434782608695651
14323,22,0.0321100917431191
29102,3,0.1142061281337047
59184,30,-0.0218658892128279
29145,0,0.0974025974025973
39490,27,-0.0510948905109489
14593,2,-0.1428571428571429
52804,13,-0.0949999999999999
79760,27,0.0869565217391303
10516,18,0.175
77595,22,0.5698924731182795
17566,4,0.0166666666666666
19692,25,0.0790441176470588
15035,28,0.0149253731343284
60230,12,-0.0576923076923077
29209,25,-0.0700218818380744
15166,0,-0.0441176470588234
10364,0,-0.0160642570281124
24272,25,-0.031331592689295
15457,17,-0.0098039215686274
15502,4,-0.0294117647058823
85607,2,-0.0088691733079036
15553,4,0.0784313725490195
10604,27,-0.5154639175257731
15684,27,0.0956937799043062
15721,13,0.0
69542,29,0.3157894736842106
44644,9,-0.0432569974554707
15991,2,-0.180327868852459
44601,15,0.0664451827242524
27684,0,-0.0873015873015873
40416,9,0.1068627450980392
58376,4,0.1055555555555556
16193,9,0.0714285714285714
65496,5,0.0418250950570342
64717,20,-0.1428571428571429
53110,28,0.185
85754,4,-0.0606060606060605
62797,0,0.1228070175438595
52484,27,0.0
75034,5,0.0316666666666667
10318,5,0.1025641025641026
58755,6,0.0558035714285714
57568,28,0.0321888412017168
16460,10,0.0422077922077921
16468,0,0.0344827586206897
24221,18,0.0166666666666666
16564,25,0.0396039603960396
55781,18,0.0012594458438286
16791,7,0.0384615384615385
29532,13,0.0992366412213741
16890,28,-0.0225225225225225
46877,28,0.134765625
39693,23,0.1023255813953487
16978,0,-0.1063432835820895
16986,7,0.0126582278481013
85842,29,-0.2413793103448276
47423,11,0.043010752688172
26518,23,0.170807453416149
27887,5,-0.0082938388625591
29612,25,0.0249110320284697
39642,18,0.0279187817258883
17444,5,-0.0229357798165137
29639,28,-0.1610738255033557
65883,15,0.0220385674931129
65509,23,0.0811688311688312
43772,25,0.08125
11510,13,0.0434782608695651
42438,17,-0.2598684210526315
17807,13,0.125
10786,22,0.0437499999999999
17815,0,0.0352941176470589
47992,6,0.1504424778761062
17962,5,0.0426136363636364
17989,2,-0.1153846153846154
18033,13,-0.0689655172413793
18156,2,0.0
18308,22,0.0163934426229508
20220,27,0.0701438848920863
61946,6,-0.0086956521739129
38527,23,-0.0119047619047618
18455,28,-0.0140845070422535
62519,13,0.0576441102756892
19561,0,-0.49644128113879
42024,25,-0.0707236842105263
18650,0,0.1428571428571428
78851,24,0.153225806451613
25144,18,0.0292682926829268
66130,5,-0.0632911392405063
11901,12,0.2894736842105263
60898,0,0.0178571428571427
39757,0,0.4482758620689655
17961,28,-0.0314769975786924
86079,0,0.1363636363636364
19393,9,0.1039182282793866
42606,5,0.0614035087719297
53786,28,0.0
10874,5,0.0204081632653061
55597,25,-0.0147058823529411
19677,5,-0.0999999999999999
19722,24,0.0
19802,24,-0.0869565217391304
67176,0,0.0909090909090908
77465,23,0.0909090909090908
19880,13,0.1646153846153846
19888,3,0.0996015936254979
10890,0,0.1090909090909091
67432,0,0.0555555555555555
19992,27,-0.0766550522648084
20117,0,0.2058823529411764
20125,4,0.0256410256410255
45655,3,0.0325077399380804
48282,0,-0.0735294117647058
67838,0,0.0497925311203319
47626,9,0.0299145299145298
20299,11,0.127906976744186
10989,5,0.0734011627906976
62148,15,0.0471698113207548
28564,3,-0.0009057971014492
46690,4,0.1073170731707318
20504,15,-0.1724137931034483
20512,17,-0.1700680272108843
20547,17,0.0208333333333332
20571,23,0.1071428571428572
56602,30,0.0341880341880342
20723,4,0.1428571428571428
20750,25,-0.0301369863013698
51414,28,0.0817610062893081
21371,27,-0.0171673819742489
27334,23,0.1434426229508196
23114,11,0.0323741007194244
86423,20,0.0847457627118644
20618,18,0.0578034682080925
26374,28,0.0902255639097744
86431,12,0.2272727272727273
56952,23,0.0076923076923076
30402,25,0.0172413793103447
40707,27,0.0058823529411764
18542,0,0.0998719590268886
53831,5,0.0188087774294671
22016,13,-0.1187943262411347
22437,28,0.0678294573643409
64557,23,0.1138613861386139
63503,4,0.0056818181818181
58173,15,0.1341463414634145
60599,18,0.1136363636363635
22430,3,-0.02803738317757
22518,7,0.1395348837209302
22569,5,-0.0208333333333333
41419,22,-0.183673469387755
21397,6,0.1189873417721518
86546,12,-0.081081081081081
77854,0,0.0825688073394494
22913,9,0.1372549019607842
22921,30,0.1271929824561404
64194,28,0.0256849315068492
76483,27,0.0
23035,25,0.1666666666666667
21960,27,0.007462686567164
23182,28,0.0303030303030302
14541,27,0.0562499999999999
30509,17,-0.0213903743315507
30517,7,-0.0697674418604651
23297,30,0.0270270270270269
23318,4,0.1059602649006623
21282,26,0.128654970760234
30525,10,0.1727941176470588
23393,6,0.009433962264151
79026,15,0.1594202898550725
68320,7,-0.0270270270270269
47677,3,-0.4878048780487805
22680,28,0.1277173913043479
23537,3,-0.0895522388059701
23588,23,0.1176470588235294
23596,24,0.0
66878,18,-0.049586776859504
24046,9,0.1631205673758864
27422,28,-0.0355029585798816
24097,12,0.5789473684210527
46578,17,0.047029702970297
56741,9,0.0073529411764705
24193,20,0.0384615384615385
38893,5,0.0610972568578553
11995,10,0.0777777777777777
11308,0,-0.0072992700729926
24441,30,-0.0504587155963303
64901,13,0.0391061452513965
24476,17,0.0171428571428571
30648,3,-0.0909090909090909
18729,30,0.0524193548387097
24556,23,0.0294117647058822
52740,3,-0.2380952380952381
24679,23,0.0274390243902438
77473,26,-0.0063694267515923
11340,17,0.0135922330097086
24935,0,0.0649038461538462
61735,23,0.0615384615384615
11997,18,0.2302158273381294
25073,16,0.2641509433962263
41064,23,0.0583333333333333
25452,26,0.0178571428571427
25989,23,-0.0526315789473684
68347,3,-0.0797687861271676
25612,30,0.2040816326530612
25778,24,0.0171232876712328
25786,17,0.1999999999999999
25823,17,0.0446428571428572
25938,24,-0.1085714285714285
26009,13,0.1235955056179776
40125,25,-0.0678513731825525
26084,7,-0.3905930470347648
86925,0,0.1014492753623188
26252,13,-0.3856502242152466
26279,22,-0.0999999999999999
86941,12,0.7142857142857142
26332,15,0.1499999999999999
11404,23,0.0107296137339056
41929,5,0.0
21821,6,0.0129411764705882
26586,6,-0.0091743119266054
26607,0,0.0955882352941177
26650,15,-0.0075187969924812
23229,25,0.0483271375464684
26711,23,0.1181102362204724
30840,17,0.0113636363636364
38914,10,0.1496598639455781
21979,25,-0.0245098039215686
27430,28,-0.0167597765363128
59248,5,0.0923076923076922
27239,3,-0.0327868852459016
27474,26,0.0579710144927536
20204,25,0.0198170731707316
27618,28,-0.0151515151515151
38420,16,-0.0481283422459892
27722,28,0.0133333333333334
53575,23,0.146067415730337
31042,30,0.0934579439252336
17726,0,-0.0826180257510729
59256,23,0.0120481927710842
31069,0,0.0142857142857142
31077,28,0.1063829787234043
41080,5,0.1046966731898237
18091,25,0.0021505376344086
28063,3,0.463033197779676
28151,22,0.0
28178,24,0.0
30067,22,-0.1295843520782396
19828,29,-0.1092896174863388
11607,27,0.0519031141868511
49285,18,0.1588785046728971
66472,0,-0.2916666666666666
57592,17,0.2163742690058478
28629,10,-0.1458333333333333
28725,2,0.5714285714285714
28784,0,0.002408865612441
28840,6,0.0328947368421053
11183,22,0.0588235294117647
12005,15,0.0124999999999999
28952,13,0.2783505154639174
29050,0,0.0430622009569376
29058,9,-0.0986842105263158
22859,18,0.0314136125654449
60273,25,-0.2010869565217391
45110,24,0.1359026369168356
26112,5,-0.1186666666666667
77389,15,0.0117647058823529
61743,28,0.05
29437,12,0.0869565217391303
29560,17,0.0
11674,23,0.0375586854460094
76708,26,-0.0226244343891403
45874,28,0.0622406639004149
29736,24,-0.0265486725663717
29752,28,0.0564853556485356
65226,17,0.0426829268292683
29832,17,0.0634328358208955
29867,25,0.145945945945946
40440,23,0.0365448504983387
43916,9,-0.0121951219512195
44943,21,-0.0789473684210526
30147,5,-0.0330188679245283
10886,24,0.2424242424242424
30307,17,0.1117647058823529
64936,23,0.0577617328519854
38682,28,-0.0134680134680135
30577,20,0.0
25953,27,0.0740740740740741
20626,26,0.0419790104947526
58990,28,0.0337620578778135
30681,27,0.0625
46471,23,-0.0113636363636363
30761,10,-0.0674157303370787
30780,25,0.0748299319727892
31376,0,0.0493827160493827
11703,0,-0.4211737629459148
63132,13,0.1214285714285714
27959,18,0.0623268698060941
25072,15,0.0044444444444444
30892,4,-0.0129870129870129
30940,25,0.0353982300884956
87434,0,0.0370370370370369
31051,9,-0.1875
31070,0,-0.0684931506849315
31078,10,0.0520833333333332
31107,17,-0.0466666666666666
42200,28,0.1538461538461537
63159,27,0.2105263157894736
32281,28,-0.0716981132075471
31414,16,-0.0246913580246913
31457,7,-0.2711864406779661
31480,18,0.1372549019607842
26075,28,0.0054347826086955
11754,10,-0.0739064856711915
11762,0,0.0948275862068965
70578,5,0.1402985074626865
31552,10,0.1636363636363635
68398,4,-0.2075471698113207
31748,20,0.4313725490196078
77481,3,-0.0717299578059071
44185,0,-0.0044642857142856
32062,22,0.0
32110,0,-0.0967741935483871
87549,30,-0.0588235294117647
77376,0,-0.1875
22103,30,0.0196759259259258
11012,3,-0.1428571428571429
32417,9,0.140625
23042,23,-0.0035971223021582
61540,12,-0.0697674418604651
32540,17,-0.2375
11405,7,-0.0833333333333333
26470,0,0.0208333333333332
32636,0,-0.1639344262295081
32791,3,0.1200000000000001
32804,10,-0.0714285714285714
62834,23,-0.0317919075144508
32986,28,0.0378378378378378
33137,2,-0.0999999999999999
33153,17,0.2580645161290322
52476,10,0.1899999999999999
24328,23,-0.0421940928270042
33420,4,0.127659574468085
33508,15,0.046875
33532,16,0.0324675324675325
31691,9,0.0072992700729928
42550,23,-0.0133333333333333
33612,25,0.0619047619047619
87696,0,0.1700680272108843
66149,0,0.0758620689655171
87717,25,-0.0173160173160172
33823,13,0.0941176470588236
87725,18,0.0483870967741935
11850,4,0.0337552742616034
12395,28,0.0299145299145298
19166,6,0.1032986111111111
54439,0,0.1666666666666667
24205,6,-0.0067385444743934
24918,28,0.0
34367,30,0.0
21338,10,0.2017167381974249
34463,3,0.1325301204819278
21135,25,-0.0083612040133779
34578,11,0.0151515151515151
42745,22,0.0133333333333334
10016,6,0.1111111111111111
34818,15,0.0072463768115942
34981,30,-0.0256410256410256
36709,16,-0.1842105263157895
54244,24,-0.0555555555555555
47271,22,-0.0526315789473684
36768,28,0.010752688172043
22496,23,0.0659574468085106
37023,28,-0.0089552238805969
56784,25,0.2126865671641791
54543,0,0.0476190476190476
49031,18,-0.0559440559440559
37154,16,0.0561797752808987
37189,28,0.031390134529148
41726,23,0.2452830188679244
25785,24,0.0133333333333334
45241,23,-0.0192307692307692
37234,7,0.0491071428571427
37277,23,-0.010204081632653
37402,26,0.0606060606060605
18112,28,0.0451612903225806
37568,0,0.0364583333333332
37584,0,0.1206563706563705
62877,9,0.0221238938053096
58421,5,-0.0408163265306122
37832,23,-0.028169014084507
25961,9,0.1744186046511628
37955,5,0.1374045801526717
40425,9,0.0425531914893617
21004,26,-0.0056657223796033
32061,2,-0.1320754716981131
38085,24,-0.0892857142857143
38093,18,0.188976377952756
88269,13,0.0482758620689656
38157,26,0.1194029850746267
47941,5,0.0675675675675675
32096,28,0.0
38280,28,0.0053304904051172
38317,13,0.0740740740740741
38333,5,-0.0338983050847457
62607,4,-0.2083333333333333
12052,25,0.0016694490818029
12060,4,0.0766045548654243
46834,3,0.0
56629,0,-0.0124999999999999
77644,23,0.0412371134020619
38472,24,0.0212765957446807
12079,9,-0.028322440087146
12095,28,0.0356083086053411
38659,9,-0.0186335403726708
62260,3,0.2147651006711408
46674,23,0.0111940298507462
38827,16,0.0
23915,27,-0.0325779036827195
39029,9,0.0
39045,23,-0.0769230769230768
16424,0,0.0661040787623066
12024,30,-0.0123456790123457
57154,28,0.1428571428571428
55466,17,0.2525252525252526
45428,13,0.0361111111111112
60441,18,0.0575916230366491
39379,7,-0.0181445161290322
12140,18,0.007267441860465
16432,25,0.0845824411134903
53604,26,0.0140845070422535
39571,25,0.0758928571428572
60468,10,0.1848739495798319
52695,25,-0.0257009345794392
88400,29,-0.1515151515151515
32379,23,0.0716112531969308
63976,23,0.0026455026455025
67571,24,0.0106382978723404
40097,5,0.1301369863013699
19721,4,0.1079136690647482
40345,4,0.0555555555555555
54770,23,0.0605095541401274
67942,9,-0.0147058823529411
23819,17,0.0242326332794831
49349,16,0.0158730158730158
44468,0,0.0451127819548873
43238,23,0.2378378378378378
59301,25,0.0197132616487454
40970,13,0.4605263157894737
50905,18,-0.0027322404371584
41014,5,-0.0495495495495496
25582,5,-0.0521861777150917
25304,23,0.0384615384615385
52978,30,-0.021551724137931
41188,15,0.25
10294,15,0.1111111111111111
41187,23,0.1155234657039712
41241,25,0.0153846153846153
41292,27,0.0434782608695651
53620,12,0.0
50059,20,0.1162790697674418
32651,4,-0.0543478260869565
64434,7,-0.5416666666666667
41444,15,0.0288461538461537
41487,17,0.0
63992,7,0.1999999999999999
32707,17,0.0267260579064587
18016,4,0.0213333333333334
16600,0,-0.0144766146993318
61567,13,-0.0416666666666666
41823,20,-0.0555555555555555
41874,4,0.1379310344827586
23309,2,-0.0575221238938052
42140,9,0.0446428571428572
12319,23,-0.0585585585585585
42439,17,-0.0876288659793814
18374,5,0.0429553264604811
42455,3,0.0426136363636364
32897,12,0.2857142857142858
44986,0,0.1265822784810126
21792,4,0.0331325301204818
58886,10,0.1851851851851851
32934,23,-0.0059523809523809
48135,16,-0.05
44150,18,0.125
42877,23,-0.0245901639344262
88795,9,-0.1136363636363636
42981,12,0.1607142857142858
43028,26,-0.0379746835443037
38973,25,-0.005181347150259
64258,30,0.0641025641025641
78892,24,0.1649484536082475
43263,26,-0.0227272727272727
43290,12,0.4166666666666667
64004,11,0.01
75227,23,-0.0106382978723403
12570,4,0.0404040404040404
56573,0,0.0037688442211054
43610,13,0.1553784860557769
43634,4,-0.054054054054054
43749,13,-0.0999999999999999
43757,22,-0.1764705882352941
44090,29,0.0526315789473683
12431,0,0.1304347826086955
44194,26,-0.0583333333333333
44207,12,-0.0909090909090909
12458,9,0.0609137055837563
88990,3,0.0401785714285714
44274,4,0.0208333333333332
65293,10,-0.0792079207920791
46519,28,0.1515151515151516
46463,19,0.0045871559633028
44506,0,-0.2533333333333333
59328,3,-0.0639438943894389
44565,16,-0.02
44581,0,0.368421052631579
77855,5,0.24
44768,5,-0.0483870967741935
44776,20,0.4230769230769231
44792,4,0.2035398230088496
89093,5,0.1473214285714286
58608,18,0.0095238095238094
44928,13,0.1076923076923077
50075,16,0.0882352941176469
12490,9,0.0433526011560694
40272,30,0.1380281690140845
12511,18,0.0167224080267558
45277,26,0.0
45306,9,-0.1698113207547169
21573,15,0.0143603133159269
49736,12,-0.0204081632653061
27705,15,0.1287878787878789
45373,2,-0.0735294117647058
45437,4,-0.0036496350364964
68494,13,0.0517241379310344
45509,7,0.3829787234042554
23317,26,0.0015337423312884
45560,9,0.08203125
53065,5,0.0240083507306889
67993,3,0.205128205128205
45728,23,0.0872093023255813
45891,7,0.1438848920863309
57066,28,-0.0471204188481675
45955,12,-0.0149300779458964
46077,23,0.0110294117647058
47984,4,0.0285714285714284
46229,30,0.0849056603773585
52329,6,0.0
46245,13,0.108695652173913
61583,5,0.0496453900709219
46392,0,0.0580046403712297
22111,9,0.0729166666666667
42534,23,-0.0309734513274336
53268,30,-0.0727272727272727
46739,30,0.0941176470588236
42104,27,0.0862944162436547
89325,13,0.069767441860465
46870,28,0.0736842105263158
46886,16,0.0249671484888305
51596,25,0.0
46923,13,0.098360655737705
56557,16,-0.0615384615384615
46931,17,0.1111111111111111
46950,17,0.0542635658914729
47002,25,0.1232876712328767
42067,5,-0.0483870967741935
12650,25,0.1753986332574031
24053,28,-0.0057471264367816
68996,29,-0.6065573770491803
47205,0,0.0
47248,3,-0.0776053215077605
26825,9,0.1610169491525424
44134,25,0.0817610062893081
25769,6,-0.0212355212355211
47619,30,-0.1521739130434782
47707,5,0.1184210526315789
47715,25,0.018987341772152
17750,0,-0.0099502487562188
33398,9,0.0
59045,18,-0.0198675496688741
47969,28,0.0158730158730158
48960,23,0.1376811594202898
48072,16,0.0
59897,17,0.16289592760181
48144,3,-0.0379629629629629
48195,0,-0.1046511627906976
89456,0,-0.1147540983606557
49488,4,-0.0833333333333333
48267,0,-0.2380952380952381
47255,13,-0.0392156862745097
48371,10,0.0476190476190476
65656,25,-0.01010101010101
48486,0,0.0189003436426116
33603,6,0.0725806451612902
48523,25,0.0749999999999999
48531,6,-0.0316455696202531
48961,6,0.08
59053,23,0.0978260869565217
49083,12,-0.0416666666666666
60943,10,0.1390728476821192
65330,17,0.1666666666666667
49227,27,0.034965034965035
20415,30,0.0355648535564854
49286,7,0.0
18147,25,0.0893371757925072
47802,6,0.0251572327044025
89587,15,-0.0394736842105263
76966,20,0.1
49534,3,0.0921985815602837
50876,10,0.1754032258064515
49614,3,0.2198581560283687
49737,26,-0.0153846153846153
49745,10,0.0588235294117647
49817,26,0.0150375939849625
49905,17,0.0219178082191779
26710,15,0.0295629820051412
89675,3,0.2116402116402116
24360,0,-0.0054054054054053
68523,29,-0.0425531914893616
56223,4,0.0833333333333332
43721,6,0.1771929824561404
76489,25,0.0880829015544042
22373,4,-0.0414012738853503
62906,23,0.0731707317073171
50287,15,-0.0384615384615384
59774,23,-0.0765027322404371
33849,16,0.0498533724340175
50404,5,-0.002442996742671
23835,18,-0.0103092783505154
34067,6,0.0625
89755,5,0.04
50543,29,-0.0869565217391304
50623,27,0.1787439613526569
50666,10,0.0138121546961325
89790,29,-0.0641025641025641
33937,20,0.0370370370370369
51263,5,0.0446927374301675
90100,6,0.0384615384615385
43668,4,-0.0078740157480314
15069,5,-0.0334728033472803
51626,10,-0.03
46703,5,0.0106382978723404
45751,5,-0.4582542694497153
51693,9,0.0377358490566037
34032,25,0.0739549839228295
51800,0,-0.0670391061452514
51829,16,-0.0793650793650794
35705,9,0.1388888888888888
39538,6,0.1338912133891212
51933,15,0.1228070175438595
51992,5,-0.0677083333333333
52039,3,0.1016949152542372
13119,5,-0.0093457943925233
65357,3,0.1954397394136808
43449,9,-0.0385572139303482
89915,28,0.0933333333333332
17478,15,0.0742009132420091
52250,13,-0.4714285714285714
52282,4,-0.127659574468085
89931,0,0.1666666666666667
10507,17,0.0
52469,5,-0.0344827586206896
62914,5,0.1779661016949152
52581,2,-0.0909090909090909
75407,0,-0.0064724919093851
17005,27,0.0761154855643044
52792,5,0.1232227488151658
52813,4,0.2131147540983606
22752,3,0.1383866481223923
42796,30,0.1207729468599034
52919,3,-0.4375
53015,6,0.053763440860215
53074,17,0.0
53082,17,0.0085470085470085
55546,16,-0.1174496644295302
53480,5,0.0566037735849056
53576,0,-0.1489361702127659
53640,17,-0.0192307692307692
24010,0,0.042654028436019
54181,11,0.0202898550724637
90211,9,-0.086206896551724
54253,25,-0.0041152263374485
54341,13,-0.1304347826086956
22592,10,0.1129251700680271
24248,28,0.0474137931034481
15966,0,-0.5004468275245755
54675,5,0.0909090909090908
54704,28,0.017094017094017
54771,22,-0.0270270270270269
54798,20,-0.125
54819,29,0.1136363636363635
54827,25,-0.0641025641025641
22023,4,0.0
76591,15,-0.1333333333333333
18382,0,-0.0213068181818182
42614,0,0.224390243902439
67678,26,0.1333333333333333
55125,25,-0.0056818181818182
21290,3,-0.026086956521739
90310,20,0.2916666666666667
55328,15,0.0
22779,26,0.1468926553672316
55467,6,0.0938628158844765
13290,22,-0.1428571428571429
28345,18,0.0512129380053907
66640,0,0.2413793103448276
65365,18,-0.0357142857142857
13303,24,0.1372549019607842
41179,28,0.0404040404040404
90377,13,-0.0175438596491228
55993,0,-0.05
56040,10,0.1062499999999999
45487,4,-0.0645161290322581
78900,4,0.0816326530612245
25590,25,0.0135951661631419
17278,12,0.0555555555555555
53137,15,-0.1186440677966101
58501,16,0.0683760683760683
34497,30,0.0678807947019868
26753,4,-0.0714285714285714
56937,13,0.1914893617021276
56945,24,0.0740740740740741
38658,18,0.0365853658536585
57251,6,-0.0344827586206896
57286,17,-0.0965665236051501
64450,28,0.0080321285140563
34630,27,-0.0172413793103448
34649,4,-0.1085271317829457
24096,23,-0.0402298850574712
47466,5,0.0746268656716417
60986,10,0.0392156862745098
21207,15,-0.0031948881789137
34673,3,-0.3571428571428571
57534,0,-0.0625
61815,5,-0.0816023738872403
57780,27,-0.0408163265306122
64311,25,0.0373230373230373
49752,3,0.0376344086021505
28118,11,0.1093366093366092
57999,16,-0.0852272727272727
10062,20,0.2307692307692308
44206,20,0.0410958904109588
23931,28,0.0561224489795917
24766,5,0.0376661742983752
58334,4,0.0743589743589743
58406,4,0.0886075949367088
58481,0,-0.1349206349206348
58641,7,0.0
34817,27,-0.0423728813559322
77554,4,-0.0666666666666666
58772,25,-0.0064935064935064
58799,9,0.0147058823529411
34825,28,0.1515151515151516
58026,26,0.0105263157894737
34833,11,0.0779569892473117
58975,25,0.0882352941176469
66667,24,0.0
59089,0,0.0413793103448276
59110,0,-0.0083798882681563
56733,4,0.0534351145038167
23026,23,0.0235294117647058
59222,27,0.0296296296296296
24440,28,0.058139534883721
13610,30,-0.0472560975609755
64063,15,-0.0095541401273885
63714,9,0.0960698689956331
90705,13,0.0980392156862746
27385,23,0.0590551181102361
59871,22,0.0666666666666666
59898,13,0.0817307692307691
55036,22,0.1355932203389831
90721,27,0.288888888888889
60063,23,0.1259541984732823
34913,23,-0.0209790209790209
60098,23,0.0731707317073171
51457,23,0.0397350993377483
60186,22,0.1831683168316831
24811,28,0.032934131736527
77157,13,0.0040485829959513
44230,3,-0.1034482758620689
60354,20,0.8571428571428572
22509,6,0.0
42112,26,-0.0096153846153845
90820,5,0.0
60506,0,0.0262430939226518
60581,25,0.0263157894736842
13688,30,0.0486486486486485
16870,25,0.0267175572519084
60310,8,-0.0093457943925233
20917,23,0.087719298245614
42833,18,0.1069182389937106
75083,25,-0.0194805194805194
54463,17,-0.0140845070422535
61058,12,-0.0999999999999999
61111,0,-0.0103092783505154
61138,20,0.0476190476190476
61146,28,-0.0769230769230768
61218,16,0.095890410958904
41355,0,0.1532066508313538
61322,25,0.2553191489361701
67037,3,0.2823529411764707
61496,6,0.168141592920354
57509,4,0.0
68638,4,-0.226027397260274
61720,7,-0.0756302521008402
61787,18,0.048780487804878
44353,22,-0.180327868852459
62010,4,0.0328282828282828
22517,23,-0.003125
62034,28,0.0
35203,0,-0.0434782608695651
35211,9,0.3783783783783783
13856,15,0.022108843537415
50550,2,0.0350877192982457
27713,17,0.046875
62341,13,0.0062111801242235
77799,12,-0.2586206896551724
21936,5,0.1601941747572814
17806,0,0.0186846038863977
21776,4,0.1052631578947369
52898,18,0.02
13901,2,0.0056818181818181
13928,27,0.0294117647058822
62790,22,0.0
63088,18,-0.0845771144278606
63125,23,0.0909090909090908
10120,5,0.0445859872611464
24459,5,-0.0106761565836298
43588,23,0.0833333333333332
63240,0,0.0657894736842106
53815,0,0.0222222222222221
63395,24,0.0657439446366781
60695,0,-0.0328125
26438,25,0.0882352941176469
63483,6,-0.0105263157894737
56143,23,-0.0037878787878787
63300,7,0.3666666666666667
17902,18,0.0804597701149425
49744,18,0.055393586005831
23501,23,0.0109289617486338
63811,7,0.0496894409937889
63830,17,-0.046
64195,24,0.1009174311926606
18163,3,0.0244786944696282
55511,28,0.0141843971631205
64646,6,0.0165562913907284
23712,4,0.0101010101010101
25443,18,0.0653266331658291
65032,20,-0.2115384615384615
64929,18,0.0610687022900764
24539,15,0.0878787878787878
20183,28,0.0166666666666666
64961,29,-0.1129032258064516
64996,24,0.2173913043478261
65008,22,-0.04
65024,13,-0.477491961414791
65083,9,0.2268907563025211
27756,6,0.0286624203821657
65091,0,0.1525423728813559
65155,0,0.1153846153846154
65163,4,0.032258064516129
69649,5,-0.0045454545454545
66683,5,0.0825688073394494
46893,28,0.0818181818181817
52097,4,0.0053191489361701
65700,0,0.1967213114754098
64346,5,0.0033726812816188
18286,0,0.0714285714285714
24942,23,0.0680628272251309
46228,3,0.0541871921182266
14154,9,-0.0109890109890109
65964,4,0.0245098039215685
91380,25,0.1448170731707316
58771,5,-0.0164319248826291
76711,0,0.0988372093023255
66369,13,0.0247933884297519
66393,28,-0.16
91409,5,-0.1666666666666666
66422,27,-0.1023622047244094
57146,5,0.2196969696969697
76282,7,0.0311688311688311
66545,25,0.2166666666666665
66617,17,0.1235955056179776
66799,30,-0.3262032085561497
76597,0,0.0193050193050192
18921,27,0.0497237569060773
66836,22,0.0882352941176469
35916,0,0.125
59432,22,0.1640625
46762,3,0.0303030303030302
67300,9,0.0
67345,29,0.021505376344086
26737,4,0.0850340136054421
35991,27,0.0681818181818181
23990,0,0.0442028985507245
36003,23,0.0320512820512821
45495,3,0.2189189189189189
67847,29,-0.0555555555555555
26884,11,0.0672645739910313
54818,28,0.0909090909090908
66050,5,0.0572289156626506
47490,28,-0.0326530612244897
68049,25,-0.0616438356164383
27633,25,-0.0037735849056603
68161,3,-0.0192307692307692
68196,6,0.0722222222222221
54199,0,-0.0232558139534884
27780,17,-0.0374149659863946
68313,21,0.0
68340,25,0.3265895953757225
46340,9,0.1782407407407407
65066,18,0.08
68495,7,-0.1624999999999999
76149,0,0.0249999999999999
24467,4,0.0234375
68591,18,0.1512915129151291
52943,2,-0.1428571428571429
91687,12,0.4705882352941177
68743,12,0.0
22840,0,0.0183486238532109
67715,0,-0.0512820512820513
69033,16,-0.0697674418604651
23085,4,-0.0074999999999999
77075,6,-0.0166666666666667
25013,17,-0.4724517906336088
12253,10,0.0364963503649635
69244,2,0.1200000000000001
45671,27,0.2068965517241379
36257,3,0.0360576923076922
69447,7,0.0
69471,22,-0.05
36281,0,-0.0503597122302158
69607,0,-0.1323076923076923
62690,0,-0.0277777777777777
61049,5,0.0354223433242506
14322,26,0.0941475826972009
91804,0,0.0235690235690235
41574,5,-0.2346153846153846
70018,4,-0.176
51625,26,-0.0673758865248227
70077,22,-0.0769230769230768
77873,5,-0.0084033613445377
70229,0,0.0188679245283018
54412,23,-0.15
70280,6,0.0480769230769231
36468,30,0.0291666666666665
56434,26,-0.1170886075949366
67723,27,0.0040160642570281
49138,13,-0.0172413793103448
70536,4,0.1448979591836734
70616,5,-0.1015625
70632,0,0.1018276762402088
70659,3,0.1
70675,20,-0.0303030303030302
70790,18,0.0429447852760735
19852,10,-0.0604026845637584
45794,13,0.1599045346062053
60206,28,-0.012539184952978
21514,5,-0.1065217391304348
71176,6,0.0450643776824033
26614,18,-0.0055865921787709
49437,17,0.0804953560371517
71395,23,-0.0140845070422535
15720,10,0.0641711229946524
71475,28,0.053763440860215
18411,4,0.0355029585798816
71555,13,0.0526315789473683
55204,26,-0.0032051282051281
76091,18,-0.0317460317460317
77015,15,-0.0854700854700855
58683,27,0.0048543689320388
71782,25,-0.0576923076923077
63765,23,-0.0188679245283018
71942,26,0.0
71985,23,0.0333333333333334
17523,0,0.3571428571428572
72072,3,0.0469798657718121
55060,24,-0.0227272727272727
11760,2,0.0377358490566037
72232,3,0.0
44062,25,0.0419753086419754
72304,5,-0.0576923076923077
16715,24,0.0296296296296296
39220,4,0.0
36775,28,0.015075376884422
72494,5,-0.1218637992831541
36783,6,-0.0291262135922329
43481,18,0.1009174311926606
72523,15,-0.0783582089552238
71124,28,0.047808764940239
43350,26,-0.024390243902439
92057,7,-0.1499840000000001
18438,25,0.0714285714285714
53399,9,0.1187499999999999
92073,23,0.0178571428571427
36898,18,0.2547770700636942
45882,26,0.0625
65074,22,-0.0601503759398496
72980,11,0.0509554140127388
18198,25,-0.0043731778425656
36978,23,0.040909090909091
58464,5,0.1073619631901841
73075,17,0.092896174863388
73139,0,0.0
73219,30,0.0397350993377483
73294,4,-0.0357142857142857
72733,5,0.1564102564102565
14656,28,0.0376569037656904
37022,2,-0.0666666666666666
26454,27,0.085427135678392
20693,12,-0.1538461538461538
73614,4,0.1747572815533979
52396,18,0.0392156862745098
47861,18,0.0217391304347827
73681,16,-0.2457627118644068
44345,22,0.04
66739,3,-0.1074766355140186
73940,26,0.0717131474103585
43334,23,0.1370967741935485
73956,24,0.0153846153846153
58625,28,0.1506849315068492
52038,27,0.0465949820788531
74086,0,0.1145833333333332
37161,28,0.0276381909547738
62420,9,0.0444444444444445
30728,28,0.0539772727272727
74393,7,0.2368421052631579
74406,20,0.1034482758620689
18681,4,0.0619158878504673
74481,15,0.0704225352112675
74580,13,-0.1833333333333333
39466,10,0.0588235294117647
15560,25,0.0370370370370369
58704,4,-0.05
42219,27,0.0852713178294573
37196,25,0.0470588235294118
74836,9,0.0070422535211267
44513,10,0.0949999999999999
74895,9,0.02
74908,25,0.0963855421686747
92399,0,0.03125
74932,28,0.0537383177570094
57007,28,0.1176470588235294
92401,12,-0.0833333333333333
57736,0,-0.0555555555555555
43123,10,0.0485436893203883
44329,0,-0.4929006085192697
63773,23,-0.0225442834138486
60142,17,0.2321428571428572
75257,16,0.1119402985074626
75273,10,-0.0286677908937605
66114,6,-0.1074380165289256
75388,16,-0.0555555555555555
75460,28,0.1083333333333333
43617,15,-0.1666666666666666
51369,16,-0.0365853658536585
75548,13,-0.183673469387755
37284,0,0.1285714285714285
14736,5,-0.0034364261168384
75759,0,0.1666666666666667
15579,16,-0.0633704735376045
24563,4,0.0054744525547445
23579,17,-0.439873417721519
62092,30,-0.0036231884057971
75986,15,-0.0634328358208955
38578,9,0.0331695331695331
45129,5,0.0222222222222221
11947,4,-0.1999999999999999
75270,9,-0.0206185567010309
50606,0,0.0414201183431952
76268,9,0.1428571428571428
40483,0,0.0376344086021505
14795,17,-0.4817850637522769
76340,15,-0.1111111111111111
48696,0,0.0625
37399,4,-0.0571428571428571
14816,9,-0.077720207253886
62308,5,0.0815939278937381
61663,15,-0.0823754789272031
76639,26,0.029100529100529
78100,17,-0.0098522167487684
76807,3,0.0638297872340425
37460,0,0.0729166666666667
76946,3,0.471698113207547
76962,10,0.0454545454545454
45647,20,-0.0181818181818181
65787,4,0.1112716763005781
77332,2,-0.04
55001,23,0.0627615062761506
77367,18,0.0
77463,25,0.0053475935828877
92591,12,-0.2096774193548387
48389,7,-0.0169491525423728
62463,28,-0.0392156862745097
59600,28,0.1979166666666667
45356,16,0.0954724409448819
76185,0,0.1
77730,23,-0.0670731707317072
19596,22,-0.0839999999999999
17929,18,-0.0220994475138122
22664,30,0.1
79244,25,0.0465949820788531
77973,0,0.0235294117647058
78044,25,0.1589147286821706
78116,9,-0.0888888888888889
14883,28,-0.0476190476190476
15659,0,0.0066844919786095
44433,5,0.160220994475138
24985,23,0.0290102389078499
48725,26,0.0304428044280442
63781,3,-0.0290697674418605
14955,28,-0.1056910569105691
78749,16,0.3600000000000001
92655,10,-0.079646017699115
41371,5,0.0833333333333332
28847,13,0.0071942446043165
79250,25,0.1037037037037036
15077,22,-0.0197368421052631
79303,0,0.1676300578034681
17830,26,0.0326594090202176
39087,0,0.0690537084398976
79330,10,0.1123595505617978
67360,23,0.01875
59619,28,0.0627177700348431
16555,5,-0.127147766323024
79573,12,0.0
79629,4,-0.1884057971014492
76472,12,-0.3125
79637,17,-0.0493827160493827
14891,5,-0.0850439882697947
79776,30,0.0327868852459016
79784,13,-0.1388888888888888
26606,18,0.0787037037037037
43553,0,0.0847999999999999
79848,17,-0.0282776349614395
79864,22,0.0
79944,4,0.0555555555555555
80128,17,-0.5476190476190477
63044,13,0.1727272727272726
27043,6,0.0235849056603774
80515,7,-0.1092715231788079
77006,7,0.5766129032258065
37815,29,0.0128205128205127
61700,3,0.2307692307692308
80785,12,-0.125
57808,9,-0.0106837606837606
14306,15,0.1038961038961039
92903,22,-0.0625
81219,4,-0.15625
15202,0,0.0753424657534247
45137,6,0.3617021276595744
56063,9,0.096774193548387
81382,18,0.0124999999999999
81510,12,0.0769230769230768
24678,21,0.2301980198019801
93009,3,-0.1443298969072165
21231,23,0.0203045685279188
53225,25,0.0424635332252836
57381,18,0.00390625
81700,17,0.0
46420,0,-0.0276679841897232
46068,17,-0.1150442477876105
81737,23,0.0
81753,29,0.1515151515151516
23034,12,-0.1999999999999999
61233,17,0.136531365313653
39562,15,0.0655737704918033
42059,28,-0.0170212765957447
46076,30,-0.1238938053097344
63829,26,0.1475409836065573
79066,7,0.2297297297297298
65445,24,0.0472972972972973
66384,13,-0.4157043879907621
82326,3,-0.0981308411214952
15368,27,0.1419753086419752
38033,5,0.3756613756613756
39917,28,0.0426065162907267
45399,23,-0.0387096774193548
82801,20,0.1333333333333333
82959,25,-0.0604026845637584
47108,17,0.0136986301369863
38156,0,-0.0084985835694051
64135,23,0.2078313253012047
38172,23,-0.0116279069767442
83142,5,0.1101694915254236
24803,15,-0.0261437908496732
66747,30,-0.0303030303030302
23536,23,0.0310880829015545
58819,23,0.01131221719457
25099,23,0.0046948356807512
83345,26,0.1799999999999999
38375,28,0.0253378378378379
83396,15,0.0051546391752577
42286,28,0.1739130434782609
83433,25,0.0785714285714285
44337,12,-0.108695652173913
15472,10,0.130801687763713
51254,28,0.1464646464646464
75153,7,-0.125
27983,22,0.1642066420664207
41072,23,0.0247813411078716
63079,13,0.0795454545454545
83863,16,-0.1296296296296296
59483,24,0.1699346405228758
38295,16,0.161764705882353
43537,0,0.1413043478260869
84102,15,0.006993006993007
45970,26,0.0849056603773585
84153,12,-0.28
84241,13,-0.1559139784946236
88832,16,0.0853658536585366
90756,24,0.0363636363636363
90676,4,0.1999999999999999
93316,29,-0.0749999999999999
72996,26,0.5079365079365079
78760,2,0.1333333333333333
60090,22,-0.0061728395061728
87426,24,0.0148514851485148
91492,22,0.2727272727272727
86642,15,0.0769230769230768
88664,0,0.0837988826815643
86167,30,-0.0492957746478873
68304,5,0.0519230769230769
87856,5,0.1386138613861385
89763,5,-0.0172413793103448
85586,26,-0.054054054054054
90916,15,-0.0799999999999999
10019,0,0.171875
87223,26,0.1016949152542372
70332,27,-0.0476190476190476
90537,3,0.0344827586206897
55985,24,0.0263157894736842
90289,5,-0.1428571428571429
10080,22,-0.1851851851851852
10039,22,0.6000000000000001
10035,0,-0.0625
85869,4,-0.0714285714285714
85017,24,0.1990291262135921
88939,4,0.05
87127,23,0.0051282051282051
75193,11,0.0403726708074534
75216,0,-0.1111111111111111
89499,0,-0.01
10147,17,-0.0219435736677116
10100,12,0.1
38149,22,0.0256410256410255
88592,22,0.08
86626,9,-0.0847457627118644
87637,12,-0.125
10028,24,0.0769230769230768
77576,22,0.2860360360360361
50657,12,-0.0434782608695651
77712,10,-0.194006309148265
10140,23,0.0
10078,24,0.1540697674418605
10138,17,0.0482233502538071
10042,10,-0.2307692307692307
10107,16,0.0191532258064515
10108,6,0.0941176470588236
10214,0,0.0470588235294118
10192,26,0.1964285714285714
10200,12,-0.05
10235,22,0.0212765957446807
10163,9,0.0201342281879195
92100,12,0.4545454545454546
68451,27,0.0453514739229024
10281,7,0.3448275862068966
10272,13,0.0107142857142856
10307,17,0.0
10302,11,0.0175438596491228
10299,16,0.0324189526184539
12217,9,0.0
75072,24,0.1288461538461538
10303,7,-0.3103448275862068
10363,20,-0.0842105263157895
10333,29,-0.0609756097560976
11040,13,0.0172413793103447
10353,16,-0.0544217687074829
10382,9,0.0364583333333332
69526,7,-0.1466666666666666
10397,18,-0.0064102564102563
10406,13,0.0874999999999999
10404,12,0.1851851851851851
10257,22,0.0344827586206897
10043,26,0.0969827586206897
12282,20,-0.1875
10407,0,0.0208333333333332
10412,3,0.0918367346938775
10398,12,0.1428571428571428
76565,10,-0.0256410256410256
69585,15,0.0047169811320755
10423,0,0.4166666666666667
10446,15,0.0972222222222223
10418,22,-0.1052631578947368
69809,12,0.4166666666666667
10410,13,0.3240418118466899
70033,25,0.0682451253481895
10371,17,-0.1203703703703703
10421,9,0.0330578512396693
10422,29,0.3
10513,13,-0.6495098039215687
68945,11,0.0275590551181101
10527,17,0.0940170940170941
10439,25,0.0145985401459853
10530,15,-0.0147058823529411
10531,13,0.6597222222222223
10606,28,-0.0351758793969849
10550,4,0.3571428571428572
10142,10,0.09375
75070,25,0.0869565217391303
10597,0,-0.037037037037037
10624,3,-0.0428571428571428
75099,28,0.04
10547,24,0.0454545454545454
10564,2,0.2391304347826086
10178,15,0.098901098901099
85965,23,-0.03125
10586,3,0.0357142857142858
10571,30,-0.125
76123,5,0.0182370820668693
10572,25,0.1626016260162601
10456,23,-0.0833333333333333
10611,23,0.1229508196721311
75469,17,-0.1111111111111111
70252,18,0.0156950672645739
10661,7,-0.2547169811320755
45225,27,-0.0151515151515151
10685,12,0.1666666666666667
75596,16,-0.05
10738,3,-0.0674157303370787
10693,9,0.1022099447513811
10713,25,0.0277777777777776
10244,22,-0.125
10649,0,0.1166666666666667
10628,15,-0.14
86319,13,-0.1363636363636363
10749,9,0.0
75517,22,0.0612244897959184
10716,16,0.106896551724138
75071,10,0.0363636363636363
10696,5,0.0851063829787233
10837,20,-0.1351351351351351
10680,20,0.1999999999999999
10745,23,0.0185185185185186
10772,17,0.2409638554216868
10750,0,-0.0575539568345323
10785,0,-0.1136363636363636
10791,22,-0.2052980132450331
10775,12,0.3500000000000001
54245,16,0.0490196078431373
10644,13,0.0337078651685394
10806,2,0.1
19749,26,0.1052631578947369
86917,30,-0.0649350649350649
10818,21,0.108910891089109
10194,22,0.0614035087719297
70500,15,0.0887573964497041
10828,25,-0.0067114093959731
11159,9,0.0841121495327101
70965,5,-0.055
75224,6,0.0089820359281436
48806,2,1.0
10881,3,0.1
71191,27,0.0714285714285714
10484,20,0.0212765957446807
10876,2,0.0963855421686747
10026,25,0.0789473684210526
10929,6,0.0899742930591258
10994,12,0.0857142857142856
11122,12,-0.0624799999999999
10812,15,0.0804597701149425
10908,22,-0.024390243902439
10909,22,0.0769230769230768
62296,7,-0.1282051282051282
88779,12,-0.0344827586206896
10924,13,-0.1631205673758865
10942,3,0.1366120218579234
75222,15,0.0520361990950226
10935,5,-0.04
10933,13,0.032258064516129
10860,12,-0.0999999999999999
10443,0,0.0443349753694581
10032,13,0.4784768211920529
85570,24,-0.0666666666666666
11701,25,0.1341991341991342
71538,12,0.0454545454545454
10001,23,-0.0434782608695651
10455,12,-0.25
11038,10,0.0434782608695651
11072,9,0.1705069124423963
10657,15,0.1711711711711712
70674,0,-0.0476190476190476
71001,22,-0.018348623853211
75215,5,0.0769230769230768
65315,22,0.148936170212766
11127,22,0.2903225806451612
11036,30,-0.0333333333333333
11048,29,0.0909090909090908
75035,22,0.5555555555555556
10999,2,-0.0166666666666667
77453,3,0.1696428571428572
71984,27,-0.1111111111111111
11141,25,-0.0863309352517985
71909,9,0.3106796116504855
77081,28,-0.0515463917525773
11082,2,0.1999999999999999
11119,0,0.0
11137,12,-0.159090909090909
10838,7,-0.0625
10362,17,0.1302083333333332
10545,6,-0.1094890510948904
11138,30,-0.2051282051282051
77150,26,0.3103448275862068
75523,10,-0.0899999999999999
11194,9,-0.0526315789473684
11214,24,-0.0555555555555555
11292,15,0.1891891891891892
11162,20,0.0749999999999999
11265,22,-0.1291653333333333
72100,20,0.9583333333333331
11277,13,0.1085271317829457
11246,24,0.0434782608695651
11192,7,0.0093603744149766
29621,0,-0.097560975609756
11283,27,0.2481481481481482
11357,7,0.5
11291,0,0.303964757709251
11347,3,-0.032258064516129
75545,13,-0.1304347826086956
11358,25,-0.1206896551724138
64390,17,0.0995260663507109
65294,10,0.1431372549019607
79062,24,0.2570093457943925
11415,28,0.6448598130841121
11365,24,-0.4329004329004329
11385,0,0.3421052631578947
11000,17,0.1096774193548386
12173,24,0.1636363636363635
85527,9,0.0619469026548673
11346,2,-0.0973451327433628
11371,17,0.0607594936708861
11378,6,-0.0089285714285713
11384,4,-0.027972027972028
11416,5,0.0
11401,12,-0.1071428571428571
11409,22,-0.0714285714285714
75103,4,0.2021276595744681
11403,16,0.0075187969924812
10889,2,-0.0714285714285714
11170,17,-0.0787878787878787
11055,7,-0.0416666666666666
10863,9,-0.0212765957446808
11465,4,-0.0208333333333333
11411,7,0.0428571428571429
11481,0,-0.1956521739130434
10857,12,-0.2258064516129032
11483,5,0.0124999999999999
11459,20,0.0810810810810811
11531,22,-0.1278195488721805
11496,7,0.15625
75101,13,0.1002132196162046
75111,15,-0.0754716981132075
11571,12,-0.1428571428571429
75470,3,-0.0749999999999999
11545,7,-0.0737704918032786
11215,5,0.0
11552,0,0.063063063063063
11522,7,-0.1382113821138211
91003,2,-0.2475247524752475
11373,26,-0.1511627906976744
75107,9,0.3837209302325581
11547,9,-0.0933333333333333
11554,12,0.2307692307692308
87514,13,0.1886792452830188
75554,0,-0.03125
77085,13,0.28125
75375,12,0.1578947368421053
11600,25,-0.0248756218905472
75558,6,0.0633802816901407
75104,4,-0.0228215767634855
11043,3,0.0
11492,12,0.0625
11315,13,-0.05
11654,23,0.1090909090909091
11651,12,-0.1666666666666666
11638,24,0.0588235294117647
11636,26,0.1034482758620689
11641,9,-0.1333333333333333
11394,13,-0.160377358490566
11622,15,0.0256410256410255
10386,16,0.203125
75526,16,0.3265306122448979
11662,3,-0.0386100386100386
11533,0,0.1281645569620253
11656,9,0.0357142857142858
11707,6,0.0968858131487888
11630,30,0.0
11681,7,-0.037037037037037
11591,7,0.1034482758620689
75196,3,0.0
11723,17,0.0714285714285714
11775,4,0.03
11561,7,-0.0799999999999999
11761,3,0.0129449838187702
75233,29,-0.3
11678,26,0.1796875
75186,0,-0.003076923076923
77080,25,-0.0267175572519083
11534,26,0.0428571428571429
11671,29,-0.1621621621621621
11590,12,-0.2631578947368421
75244,12,-0.1724137931034483
11809,12,0.1739130434782609
51190,28,0.0
19289,5,0.0576923076923077
11731,28,-0.0109890109890109
11825,16,-0.0597014925373133
11803,0,0.1111111111111111
17559,13,0.003125
75106,23,0.0283783783783784
11910,13,-0.1407035175879397
75560,30,0.1481481481481481
11338,24,0.0862068965517242
75261,6,0.053811659192825
37217,27,0.0192307692307691
75272,23,0.1413043478260869
11599,6,-0.0136054421768707
11726,12,0.2727272727272727
10822,23,0.1363636363636364
75262,13,0.6964285714285714
11618,17,0.0481283422459892
11958,4,0.0380952380952381
11896,0,0.058139534883721
11197,7,0.018181818181818
75902,2,-0.0431034482758621
11490,17,-0.2168674698795181
11861,4,0.0204081632653061
10574,29,0.0178571428571427
75266,3,0.0444444444444445
10180,23,-0.0675675675675675
11884,4,0.0638297872340425
75182,9,0.0991561181434599
75577,0,-0.0471698113207547
10360,17,0.1052631578947369
11853,10,0.0571428571428571
11934,12,1.823529411764706
62084,22,0.0
75320,23,0.0772727272727273
75285,17,-0.0055865921787709
11057,0,0.1408450704225352
11796,4,0.1111111111111111
75308,27,0.0633333333333332
11927,10,0.0432098765432098
75569,2,0.0
10901,5,0.05
75316,28,0.0887096774193547
11891,27,-0.023102310231023
11868,7,0.6666666666666667
75228,4,0.0406976744186047
75286,2,0.0689655172413792
11994,13,-0.4776386404293381
75288,9,-0.0147058823529411
11964,0,-0.16
11849,13,-0.1191222570532914
11509,28,0.1525423728813559
11955,13,0.0655172413793103
11899,10,0.1967213114754098
75328,30,0.0769230769230768
11819,24,-0.1111111111111111
11752,13,0.0769230769230768
11970,16,-0.1827956989247311
11468,22,0.3809523809523809
75294,6,0.0540540540540539
75295,9,-0.0610687022900763
12149,13,-0.141025641025641
75579,16,-0.0124999999999999
12067,3,0.0564885496183205
75573,30,0.1268115942028984
11917,17,-0.063063063063063
11887,3,-0.5105105105105106
11306,2,0.1111111111111111
12252,16,0.0555555555555555
11976,24,0.0230946882217089
29496,12,0.6363636363636365
11541,22,-0.3673469387755101
75326,18,0.0654205607476634
11998,22,-0.0476190476190476
12195,2,0.0434782608695651
75581,16,0.0144927536231884
17743,27,0.1349397590361445
75880,23,-0.1220095693779904
12022,3,0.0144927536231884
12126,0,0.0980392156862746
12113,13,-0.2058823529411765
12226,4,0.1157894736842104
12260,12,0.1428571428571428
12265,16,-0.1949152542372881
12074,13,0.0786516853932584
12236,20,-0.0952380952380952
12199,17,0.0657894736842106
12155,24,0.0
75390,0,-0.0067567567567567
12214,12,-0.1351351351351351
12062,12,-0.0652173913043477
12230,2,0.0540540540540539
12190,9,-0.1111111111111111
12257,0,0.55
75333,26,-0.0510752688172042
12209,17,0.1785714285714286
75462,4,0.1355932203389831
75432,17,0.1722222222222222
75383,0,0.0348525469168901
75444,15,0.0
75445,15,-0.0325581395348837
77579,25,0.1038062283737024
75675,12,-0.1724137931034483
12174,22,-0.217391304347826
75448,22,-0.1904761904761904
75684,29,-0.25
75672,24,0.0217391304347827
75473,9,-0.1626666666666666
10278,4,0.1990291262135921
64071,10,0.1210526315789473
75449,25,-0.0088105726872246
12169,17,0.2083333333333332
75591,23,0.123404255319149
75734,0,-0.032258064516129
77142,15,0.0597014925373133
75747,12,0.3333333333333332
75483,26,0.1363636363636364
12215,7,0.0
75482,0,0.0704225352112675
75477,16,-0.0714285714285714
75480,12,-0.0714285714285714
75447,24,0.125
76573,25,0.0971786833855798
75730,13,0.0266272189349112
75721,22,-0.0277777777777777
75776,29,0.0
75731,4,0.0
48048,0,0.0833333333333332
75694,17,0.0950226244343892
63467,25,0.2333333333333334
75647,4,-0.063953488372093
75704,0,-0.15
75957,16,0.0
75488,9,0.0263157894736842
75649,3,0.0160183066361556
75758,12,-0.0833333333333333
75878,30,0.0185185185185186
75740,24,-0.0681818181818182
76133,17,0.0902255639097744
75646,18,0.0738396624472574
75597,2,0.0
75875,12,-0.0588235294117647
75781,15,-0.1612903225806451
75490,2,0.1743589743589744
75609,10,0.1842105263157893
78988,13,-0.0138888888888888
75739,29,0.0454545454545454
75606,15,-0.0208333333333333
75607,16,0.022950819672131
75654,16,0.0167865707434051
75795,22,0.0
75815,22,0.0789473684210526
75603,2,-0.125
75818,0,-0.0298507462686566
75808,17,0.1838842975206611
75801,6,0.2222222222222223
75608,16,-0.0482315112540192
75825,4,-0.1520467836257309
75853,4,-0.1071428571428571
76011,12,0.84375
75945,27,0.091324200913242
75854,3,-0.0258620689655172
76025,0,0.2156862745098038
13152,9,0.01
78717,27,0.0753768844221105
75831,2,0.125
11748,5,0.0
75828,10,0.05078125
75834,28,-0.0929203539823009
22198,4,0.1910112359550562
23799,23,-0.024
75835,12,-0.1034482758620689
75503,7,-0.1071428571428571
10290,0,0.0376712328767123
11713,17,0.1187214611872147
52936,17,-0.0068259385665528
55336,13,-0.0973451327433628
76027,7,-0.2727272727272727
75551,0,-0.0545454545454545
69906,7,0.0862068965517242
75833,22,-0.0869565217391304
75861,3,0.072
75822,0,0.0731707317073171
75819,25,0.0368098159509202
75706,17,0.4098360655737705
75873,9,-0.1136363636363636
75849,29,-0.0833333333333333
75866,16,-0.1372549019607842
76016,22,0.3548387096774192
75714,22,0.1428571428571428
75710,12,0.2167832167832168
75912,24,-0.0515320334261838
75913,13,0.2355072463768115
75888,26,-0.0126582278481012
76969,12,0.3846153846153846
92161,15,0.09375
75881,25,0.0905172413793102
77236,3,-0.2569444444444444
75899,22,0.1578947368421053
91265,29,-0.024390243902439
77247,30,-0.1428571428571429
75755,17,-0.0689655172413793
76403,12,0.125
76013,18,-0.0374999999999999
76041,9,-0.086206896551724
78948,5,0.044502617801047
75900,26,0.0089285714285713
76023,12,-0.0833333333333333
33647,0,0.1081081081081081
77446,23,-0.0051282051282051
76063,2,0.1304347826086955
76177,4,0.2087378640776698
77300,0,-0.0085470085470085
75929,20,-0.0959595959595959
75930,0,-0.3125
76371,16,-0.0597014925373133
76090,23,-0.0335570469798657
76082,0,-0.0472972972972972
76085,4,0.1616161616161615
76236,12,0.0
76079,30,0.0526315789473683
76080,2,-0.2307692307692307
76095,13,0.109375
76098,22,0.0
76998,7,-0.2954545454545454
76101,3,0.2230769230769231
76368,13,0.3863636363636364
76104,22,0.0066225165562914
79148,12,-0.3333333333333333
76116,12,0.0749999999999999
76391,7,0.4562043795620438
76111,22,-0.2156862745098039
76363,7,-0.0263157894736841
76963,12,0.6136363636363635
76131,5,0.0468085106382978
76127,17,-0.0256410256410256
76128,9,0.139240506329114
76110,2,-0.1142857142857143
76298,7,0.1282051282051282
76336,11,0.0
76135,18,-0.0124999999999999
76289,2,-0.0909090909090909
78981,6,0.0465116279069768
76146,10,-0.0106382978723403
76139,28,-0.0451127819548872
76415,13,0.3636363636363635
77688,4,-0.072463768115942
76302,9,-0.0555555555555555
76290,12,-0.0517241379310344
76165,22,-0.011111111111111
76868,24,0.1754385964912281
76931,7,0.03125
76169,12,0.25
76306,0,0.0769230769230768
76425,29,0.5
76448,30,-0.0084033613445377
76392,6,-0.1016949152542372
76372,0,0.1592920353982301
78103,12,-0.3538493348955821
76887,13,0.1779661016949152
76544,4,0.0
76199,16,-0.0353982300884956
76195,0,0.1999999999999999
76424,13,-0.0681818181818182
76194,4,-0.0405405405405405
76150,12,0.0909090909090908
76171,30,0.0807560137457044
76200,2,0.3571428571428572
76367,22,-0.1815863475508152
76201,0,-0.085081585081585
78957,4,-0.0434782608695651
76510,12,4.2631578947368425
76207,18,-0.0119047619047618
84911,4,0.162162162162162
76267,22,0.0740740740740741
76214,17,-0.0852713178294574
76222,4,0.3823529411764705
79101,12,0.3076923076923077
76238,3,-0.0601719197707736
76447,24,-0.0666666666666666
77486,15,0.3249999999999999
76453,24,0.1129032258064515
76240,3,-0.0294117647058823
76230,10,0.1544715447154472
76461,12,0.6774193548387097
76231,13,-0.1363636363636363
76223,27,0.1929824561403508
76542,7,-0.0347826086956521
76366,16,-0.0405405405405405
76405,22,0.2222222222222223
76272,5,-0.0955882352941176
76408,5,0.0535714285714286
11644,13,0.0182926829268292
76259,15,0.1717171717171717
76257,24,0.0874999999999999
76354,2,0.0
76263,6,-0.032871972318339
78106,0,-0.1100814423799981
76281,12,-0.0999999999999999
76264,28,-0.0229885057471264
76224,5,0.1571428571428572
76265,9,-0.1163522012578616
76385,22,0.1571428571428572
76308,9,-0.0303030303030302
76407,27,0.1052631578947369
76430,4,-0.0416666666666666
77625,2,-0.086206896551724
76232,17,0.1333333333333333
76477,27,0.1428571428571428
76475,30,-0.0714285714285714
79037,17,0.0909090909090908
78952,22,-0.2083333333333333
76520,15,0.120253164556962
78071,13,-0.1194029850746268
76515,30,0.1052631578947369
76548,12,-0.1176470588235294
76549,22,0.3888888888888888
76547,12,-0.1363636363636363
76543,3,0.2063492063492062
76875,26,0.0273972602739727
76505,25,0.148936170212766
76507,0,-0.0144230769230768
76553,10,0.0133333333333334
76906,12,0.25
76910,16,0.0454545454545454
76879,12,0.1
76566,30,-0.1460674157303371
77363,22,0.0749999999999999
76556,12,0.125
76582,28,0.0666666666666666
76584,9,-0.026086956521739
76586,0,0.0588235294117647
76598,13,0.2396694214876034
76587,9,0.2602739726027396
76632,12,0.1
76614,0,-0.0470588235294118
76979,7,-0.0488888888888888
76619,22,0.0386266094420599
76620,9,-0.086206896551724
76978,12,0.125
76622,20,-0.04
76624,13,0.0880829015544042
76900,9,-0.0793650793650794
76916,2,-0.054054054054054
76627,22,0.0508474576271187
76964,12,-0.081081081081081
76951,13,-0.0454545454545454
76644,28,0.0852713178294573
76653,30,-0.0243055555555555
76888,16,-0.0397196261682243
76656,16,0.1935483870967742
76657,12,0.0952380952380953
76837,23,0.1167883211678832
77010,5,0.0526315789473683
76638,0,0.0186666666666666
76660,3,-0.0054347826086956
76666,24,-0.0434782608695651
76664,4,0.0311418685121107
76683,12,-0.2624999999999999
76686,22,0.1864406779661016
76947,20,0.76
76691,27,0.0
76855,12,-0.0769263228964469
76695,4,0.0588235294117647
76698,7,-0.0581395348837209
76801,0,0.625
76699,2,0.1842105263157893
19968,30,0.1085271317829457
76701,7,-0.1134020618556701
76702,0,0.0403225806451612
76703,25,0.0266159695817489
76859,12,0.0416666666666667
76704,17,0.278169014084507
76706,0,-0.0288461538461538
76705,20,0.0740740740740741
76707,12,0.7333333333333334
76709,12,-0.1194690265486725
76710,0,0.1830985915492957
76934,16,-0.1372549019607842
76676,5,0.0321100917431191
76712,13,-0.0139372822299651
76713,0,0.0625
76714,3,0.0724637681159421
76716,2,0.1888111888111887
76717,5,0.1538461538461537
76721,27,0.0648148148148148
76718,30,0.1354166666666667
76732,6,0.1071428571428572
76758,26,0.0652173913043479
76759,12,0.0
76980,29,0.0555555555555555
76737,22,0.0888888888888888
76740,22,-0.1923076923076923
88031,22,0.0555555555555555
76762,15,0.1666666666666667
76768,24,-0.1363636363636363
76746,0,0.1162790697674418
76750,6,-0.0921052631578946
76755,17,0.013157894736842
76764,6,0.1461988304093566
76754,22,0.0710659898477157
76799,22,0.0874316939890711
76945,13,0.3770491803278688
76779,16,0.0177304964539006
76780,0,0.2017543859649122
76776,3,0.1014492753623188
76785,27,0.0149253731343284
76977,13,0.2330827067669172
76790,12,0.3
76793,9,-0.0679611650485436
76795,0,-0.0934959349593496
76796,18,-0.0754716981132075
76798,26,0.25
76999,13,0.3538461538461539
76943,20,0.375
76840,15,0.0
76841,7,0.0777777777777777
76829,10,0.1195121951219513
76845,13,0.0535714285714286
76848,12,-0.0769230769230768
77204,3,0.11864406779661
76842,12,-0.05
76843,2,0.0526315789473683
76844,20,0.0
77018,10,0.0342465753424656
77035,22,-0.2352941176470588
77038,12,0.1708333333333334
77248,22,0.1034482758620689
77032,20,0.2677165354330708
77020,2,0.0208333333333332
77074,7,0.0833333333333332
77063,24,-0.014760147601476
77039,24,0.0
77235,29,0.028735632183908
77030,9,0.2430555555555555
77021,11,0.0666666666666666
77064,4,0.1326530612244898
77029,0,0.1162790697674418
77202,12,0.0
77099,26,0.0566037735849056
77098,9,0.2820512820512821
77087,16,0.3255813953488371
77095,20,0.1891891891891892
77088,15,0.0082644628099173
77112,0,0.1739130434782609
77218,22,0.2758620689655173
77214,22,0.0769230769230768
77219,0,-0.2142857142857143
77103,7,0.0
77106,4,0.2258064516129032
77323,7,0.2993421052631579
77090,11,0.0
77119,0,0.1162790697674418
77230,15,-0.0178571428571429
77101,24,0.3
77117,15,0.2598870056497175
77114,2,0.0408163265306122
77091,22,0.0192307692307691
77162,0,0.4368932038834952
77210,3,0.2075471698113207
77217,10,-0.0230769230769231
77223,22,-0.1612903225806451
77165,2,0.1458333333333332
77237,16,0.1076923076923077
77169,0,-0.0919540229885057
77170,15,0.0
77179,24,-0.0752688172043011
77180,7,-0.25
77182,18,0.0416666666666667
77191,0,0.20625
77183,12,0.140625
77184,27,-0.0116279069767442
77185,24,-0.025
77238,29,-0.1538461538461538
77178,16,0.0544041450777201
77173,7,-0.0888501742160279
77159,0,-0.0897435897435897
77189,18,0.0874999999999999
77257,13,0.25
77259,20,0.0612244897959184
77261,0,-0.0120481927710843
77262,3,0.0470588235294118
77263,13,0.2988505747126437
77264,0,0.0576923076923077
77265,12,-0.0161290322580645
77266,0,0.1055573333333332
77267,22,0.0
77271,22,0.3421052631578947
77275,22,0.0666666666666666
77276,9,0.2030567685589519
77278,3,0.0606060606060605
77284,30,0.2838983050847457
77293,22,-0.0625
77294,16,0.077720207253886
77297,29,-0.1144578313253011
77279,20,-0.0869565217391304
77282,13,0.0245901639344261
77281,3,0.0557768924302788
77321,22,-0.024390243902439
77327,2,-0.05
77330,12,-0.1999999999999999
77340,20,0.1999999999999999
77312,0,0.0360655737704918
77347,25,0.0609756097560976
77348,12,-0.05
77352,13,0.1136363636363635
77334,30,0.1179245283018868
77368,4,0.0298507462686568
77356,22,-0.0352112676056337
77372,30,-0.0389610389610389
77357,9,-0.0167224080267558
77366,16,0.0965250965250965
77361,4,0.078125
77362,13,-0.0784313725490196
77387,9,-0.0224719101123596
77384,22,-0.1181102362204724
77388,23,0.053191489361702
77390,12,0.0
77392,9,0.4583333333333332
77398,22,0.1702127659574468
77456,2,-0.0357142857142857
77401,5,0.2036199095022624
77461,3,-0.1351351351351351
77405,0,0.1304347826086955
77409,7,0.2424242424242424
77475,10,0.096774193548387
77411,30,-0.05
77413,2,-0.2545454545454545
77417,4,0.125
77483,29,0.203125
77418,0,0.0090702947845804
77421,5,0.1025641025641026
77425,23,0.0975609756097561
77434,22,0.0491803278688525
78147,22,0.2285714285714286
77426,5,0.0950819672131146
77427,22,-0.1455696202531645
77441,9,0.1666666666666667
77443,24,0.2272727272727273
77442,5,-0.026086956521739
77437,20,-0.0227272727272727
77438,16,0.0
77440,30,0.1999999999999999
77472,30,0.3050847457627119
77447,22,-0.1408450704225352
77448,10,-0.2142857142857143
77450,10,0.0985915492957747
77451,9,-0.1413163697721269
77494,12,-0.15
77495,12,0.4375
77768,17,0.0641330166270783
77502,17,0.076086956521739
78029,7,0.1999999999999999
77511,9,-0.05
78753,2,0.0
77508,30,0.2621359223300972
77509,24,0.1118881118881118
77515,9,0.1160714285714286
77517,5,-0.1326530612244898
77520,27,0.1274509803921568
77523,0,0.1878787878787879
77530,17,-0.0082644628099173
79147,2,0.3214285714285714
77541,10,0.0638297872340425
77542,13,0.0746887966804978
77572,12,-0.2093023255813954
77575,13,0.1796116504854368
77580,13,0.0434782608695651
77581,2,-0.1363636363636363
77587,12,0.015625
77588,5,0.046875
77593,20,0.09375
77597,30,0.0444444444444445
77603,30,-0.0158730158730159
77619,10,-0.0714285714285714
77608,24,0.0635593220338983
77624,9,-0.2664092664092664
77649,16,0.0274914089347078
77632,2,-0.0392156862745097
77629,26,0.0266666666666666
77652,4,0.0535714285714286
77653,25,0.1954887218045113
77660,2,-0.0884955752212389
77662,10,0.0576923076923077
77663,13,-0.0792079207920791
77668,5,-0.084931506849315
77673,29,0.0219780219780219
77670,3,0.0508474576271187
77671,15,0.015625
77678,15,0.0306122448979591
77713,18,0.1396648044692736
77681,7,0.2037037037037037
77683,3,0.0
77705,15,-0.1367521367521367
77701,16,-0.0212765957446808
77702,10,0.2361111111111111
77710,0,-0.089108910891089
77757,15,-0.0099009900990099
78949,30,0.0344827586206897
77763,13,-0.0632911392405063
77767,13,-0.0431034482758621
77773,7,-0.088235294117647
77774,2,0.1727272727272726
77975,7,-0.0252100840336134
79028,9,0.1129032258064515
77785,3,0.196078431372549
77787,4,-0.1549295774647887
77831,7,-0.0833333333333333
77837,12,0.1999999999999999
77844,9,0.0217391304347827
77839,12,-0.1875
77845,13,0.1384615384615384
77859,22,-0.0263157894736841
77851,29,0.3775510204081633
77867,7,-0.1111111111111111
77868,0,-0.0398230088495574
77865,7,-0.1025641025641025
77915,12,-0.1578947368421053
77872,22,-0.0793650793650794
77883,13,0.1891891891891892
77892,12,0.1052631578947369
77902,15,0.05
77919,12,0.1076923076923077
77917,3,0.022950819672131
77929,10,-0.0930232558139535
77932,2,0.0
77964,30,0.2783505154639174
77969,12,0.0
77971,0,0.1849529780564263
77967,5,0.199134199134199
77968,2,0.0864154610747216
77976,13,-0.0408357075023742
77979,13,-0.15
77982,2,0.069767441860465
77984,4,0.0
77992,4,-0.1999999999999999
77985,20,0.1372549019607842
77993,0,-0.1203703703703703
78001,10,-0.0197044334975369
78018,0,0.0659340659340659
78008,22,0.1448275862068966
78023,12,-0.1111111111111111
78022,30,0.3600000000000001
78015,6,-0.0506329113924051
78033,15,0.0215311004784688
78032,13,0.0106951871657754
78043,20,-0.0588235294117647
78042,2,0.1764705882352941
78054,12,0.1363636363636364
78074,30,0.1719745222929936
78077,23,-0.0628571428571428
78068,17,0.3405797101449275
78073,22,0.0259740259740259
78081,9,0.0842105263157895
78083,16,0.0193236714975846
78082,22,0.0434782608695651
78101,9,-0.0263157894736841
78102,22,-0.0258620689655172
78112,27,0.1111111111111111
78786,13,0.2166666666666665
78145,7,0.2244897959183673
78179,13,0.1919191919191918
78189,22,0.0606060606060605
78198,12,0.0526315789473683
78155,4,-0.0285714285714285
78788,0,0.0765661252900231
78197,25,-0.0377358490566037
78113,16,-0.0078125
78150,2,0.0
78139,0,0.0296495956873314
78172,17,0.1418439716312056
78208,16,-0.217391304347826
78146,10,0.0774647887323942
78137,3,0.0108695652173913
78791,6,0.1228070175438595
78161,24,0.1379310344827586
78193,7,-0.2692307692307693
78213,22,-0.0606060606060605
78157,20,-0.0277777777777777
78840,13,0.0204081632653061
78924,2,-0.0689655172413793
78826,4,0.0
78838,24,0.0236966824644548
78822,29,-0.5789473684210527
78860,22,0.058139534883721
78836,0,-0.0638297872340425
78894,20,0.0928942637914513
78908,17,0.1999999999999999
78891,2,0.2142857142857142
78905,12,0.0526315789473683
78877,7,-0.2964601769911504
78895,3,-0.0344827586206896
79033,18,0.0068027210884353
78872,13,0.1071428571428572
78879,29,0.4765625
78875,24,-0.02
78881,29,0.24
78897,12,-0.2982456140350877
78889,24,0.06179
78876,24,0.0268817204301075
78868,0,-0.152166956521739
78915,4,0.1999999999999999
78867,12,0.04
78916,0,0.0798722044728434
78911,12,-0.0666666666666666
78869,22,0.2233009708737863
79000,0,0.1379310344827586
79002,0,0.1538461538461537
79003,12,-0.1999999999999999
79009,22,-0.1020408163265306
79065,13,-0.037037037037037
78974,0,-0.3043478260869565
79006,2,-0.1929824561403509
48653,25,0.0164835164835164
79010,3,0.0245398773006135
78955,24,0.1223404255319149
79008,30,-0.1797752808988764
78954,0,-0.1078431372549019
78990,7,-0.09375
79024,24,0.0549999999999999
79053,17,0.0263157894736842
78950,27,0.0741935483870968
78987,10,-0.1619718309859155
79016,12,0.8181818181818181
78977,27,0.140625
79017,15,0.0
79025,13,0.1217948717948718
78980,16,0.0082644628099173
78998,7,0.0447761194029849
78959,12,0.21875
78978,2,-0.1964285714285714
79023,2,0.1451612903225807
79084,12,0.3333333333333332
79078,12,-0.1176470588235294
79089,0,0.0518518518518518
79097,26,0.2260061919504643
79130,4,-0.0270270270270269
79075,17,0.0491803278688525
79107,12,-0.0784313725490196
79108,17,0.0960086299892124
79085,5,-0.0120481927710843
79077,12,-0.0588235294117647
79096,24,0.0666666666666666
79133,0,0.0197183098591549
79091,12,0.0
79103,25,0.0620689655172412
79069,13,0.0077922077922076
79093,0,0.0
79144,23,-0.0689655172413793
79086,7,0.146341463414634
78910,30,0.2124999999999999
79150,3,0.1914893617021276
79209,4,0.0535714285714286
79197,7,-0.2222222222222222
79207,27,0.0782828282828282
79149,15,-0.0571428571428571
79152,24,-0.072289156626506
79205,11,-0.131578947368421
79176,4,-0.0967741935483871
79183,12,-0.1529411764705882
79160,2,0.0169491525423728
79162,10,0.2096774193548387
79167,22,-0.0606060606060605
79198,23,0.1557377049180328
79159,0,-0.1574074074074074
79164,22,-0.2696629213483146
79192,2,-0.0563380281690141
79201,9,0.0126582278481013
79157,0,0.0829081632653061
79190,2,-0.2083333333333333
79171,20,-0.1272727272727273
79172,12,0.1499999999999999
79193,27,-0.1525423728813559
79237,13,0.0525362318840578
28353,0,-0.0359237536656891
76697,27,0.0146443514644352
75318,12,-0.0714285714285714
65525,15,-0.0384615384615384
66122,15,0.0325342465753424
54594,0,0.0423387096774192
11624,3,0.314516129032258
11790,18,-0.0063291139240506
12117,7,0.1395348837209302
12320,25,0.0204081632653061
13056,25,0.083941605839416
50091,0,0.0202702702702701
14286,9,0.1707317073170731
14526,0,0.162162162162162
11581,0,0.1732954545454545
15203,9,0.2916666666666667
15748,13,0.0615384615384615
15828,15,0.0666666666666666
17137,23,0.1346271990728216
85885,9,0.0454545454545454
85914,7,0.0871559633027523
38471,22,0.1333333333333333
55044,16,0.0946745562130177
18092,5,-0.0033444816053511
18244,10,-0.1666666666666666
20336,30,0.0677966101694915
20670,20,0.125
64899,10,-0.0171232876712328
22905,17,0.2705882352941176
23115,26,0.1200000000000001
47175,5,-0.0996835443037974
23660,5,0.1088709677419355
23975,28,0.053191489361702
24548,0,0.1129032258064515
30680,28,0.0801687763713079
25583,7,-0.1339285714285714
56274,17,0.0631469979296066
48637,9,0.0754716981132075
64565,24,0.1604651162790697
27642,24,0.1923076923076923
28215,16,0.0
87207,12,-0.1956521739130434
63554,5,0.0657894736842106
31318,15,0.0
31536,28,0.0786516853932584
31668,0,-0.1134020618556701
54391,5,0.1515151515151516
32046,10,0.076086956521739
32054,3,0.1019736842105263
47511,30,-0.0253164556962025
33188,13,-0.0469798657718121
48143,28,0.0
34041,27,0.0666666666666666
23552,9,-0.1078431372549019
60628,23,0.1050119331742243
57330,9,0.1367521367521367
37875,5,-0.004524886877828
20765,0,0.0946745562130177
66923,0,-0.0181818181818181
17144,9,0.0296442687747036
32205,6,-0.0094876660341556
39328,11,-0.0338983050847457
26657,26,-0.0158371040723982
40540,9,0.0222222222222221
22250,16,-0.1645569620253164
76927,12,0.25
64979,30,0.1893939393939394
41452,5,-0.042056074766355
52716,5,0.0079575596816976
42586,9,0.0
62287,6,0.0
44821,18,-0.2276785714285714
45103,25,0.032258064516129
53129,0,-0.1106194690265486
89181,30,-0.1647727272727273
46843,15,0.015625
47141,16,0.0792079207920792
89392,9,-0.0697674418604651
48697,21,0.0357142857142858
61145,17,0.0307692307692306
50462,0,0.0555555555555555
49585,0,-0.0416666666666666
64020,23,0.0290322580645161
51423,18,0.0459183673469387
45022,25,0.0240549828178693
67002,23,0.1026785714285714
52090,6,-0.0334928229665071
53613,16,-0.0532544378698225
54114,25,0.006993006993007
55160,9,0.0714285714285714
55213,6,0.0436046511627907
55862,3,-0.0196078431372549
65373,12,0.0416666666666667
56363,17,-0.0128205128205127
52337,0,0.0727272727272727
51377,5,0.0888888888888888
22066,0,0.1096866096866095
57665,15,0.0152173913043478
67010,26,-0.0642857142857142
25232,25,0.0640495867768595
34948,25,0.1761658031088082
35107,28,0.0472636815920397
58675,17,0.1558441558441559
61621,22,0.0340136054421769
45823,9,-0.021978021978022
63096,17,0.1490125673249551
65058,30,0.0108695652173913
65307,6,-0.0328947368421053
66852,6,0.0075757575757575
67193,5,-0.0545454545454545
67679,24,-0.0129870129870129
67732,10,-0.0476190476190476
68233,17,-0.0133333333333333
77354,4,0.1764705882352941
69199,23,0.1067415730337077
69682,0,0.0511363636363635
70288,5,-0.0178571428571429
38850,27,0.0
71002,22,-0.2549019607843137
72128,25,0.1311475409836064
72486,0,-0.0138888888888888
72603,15,-0.1020408163265306
72710,9,0.125
27764,24,-0.1557377049180327
73198,16,-0.1428571428571429
44951,26,0.0337078651685394
76022,10,0.074468085106383
74500,13,-0.1887374257425742
60353,25,0.0463576158940397
74561,12,-0.1875
74740,5,-0.0476190476190476
65752,22,0.3999999999999999
74975,30,-0.144578313253012
40061,5,0.0457516339869281
75417,4,0.0869565217391303
75433,2,0.1746031746031746
40694,4,0.1067708333333332
37640,0,0.0694444444444444
76129,24,-0.0721649484536082
48709,9,0.1518987341772151
92524,12,0.0
47183,0,0.1914893617021276
65306,6,0.019108280254777
37612,24,0.0571428571428571
65103,30,-0.0416666666666666
80013,25,0.0
92874,5,0.296875
81294,10,0.0572687224669603
19502,0,0.1470588235294117
81614,9,0.5185185185185186
81702,23,0.0066666666666665
82449,3,0.09
51086,23,0.0454545454545454
53671,30,-0.0222222222222222
83601,15,-0.010135135135135
83687,3,0.1868131868131868
83919,9,0.0081300813008129
88381,26,0.1029411764705883
88445,6,0.0660377358490567
10012,22,0.162162162162162
88867,28,0.1126760563380282
21785,9,0.0
65067,7,-0.0508474576271186
10044,20,0.0
69032,24,-0.365561694290976
10104,0,0.0804289544235925
10250,7,-0.1399935999999999
39416,9,0.0178571428571427
10434,12,-0.1153846153846154
75510,0,-0.2142857142857143
10800,20,0.0526315789473683
89659,5,0.2365591397849462
10972,15,0.1785714285714286
11124,0,0.0763358778625953
10847,7,0.25
11136,13,0.0357142857142858
11353,4,0.098360655737705
75033,9,0.0952380952380953
11450,17,-0.1648936170212765
75094,5,0.3636363636363635
11596,16,0.2857142857142858
75174,28,0.0714285714285714
75557,24,0.0347229629629628
11694,0,0.0
11614,22,0.2403846153846154
11757,22,0.1754385964912281
75110,0,-0.3584905660377359
11956,17,-0.1999999999999999
10011,24,0.0337078651685394
10114,12,0.0
12099,23,0.0504201680672269
75335,0,-0.0041666666666666
11106,9,0.1388888888888888
11794,24,0.1538461538461537
12138,12,-0.1052631578947368
12006,17,0.1212653778558874
12122,12,-0.0677966101694915
12211,28,-0.0902777777777777
75434,9,0.1428571428571428
75625,22,-0.3565340909090909
75657,22,0.0638297872340425
75976,24,0.0892857142857141
75857,17,0.121
75993,13,0.1728395061728396
77488,3,-0.044776119402985
78842,4,-0.1568627450980392
76526,16,0.1153846153846154
76096,22,-0.1896551724137931
76138,3,0.3041237113402062
76410,13,-0.0638297872340425
76858,12,0.3333333333333332
76568,15,0.2571428571428571
77802,12,-0.1999999999999999
76605,22,0.0
76613,22,0.0211267605633802
76623,20,0.3611111111111111
76988,24,0.1111111111111111
76738,12,-0.015625
76739,6,0.0434782608695651
76752,30,-0.0857142857142857
76772,7,0.08
76774,10,0.15625
76797,17,0.2099999999999999
76846,13,0.089655172413793
77047,0,0.1558441558441559
77077,17,0.0793650793650793
77094,22,-0.017412935323383
77163,30,0.1339285714285714
77187,7,-0.0454545454545454
77382,24,0.0
77478,13,0.0149253731343284
77613,7,-0.0555555555555555
77637,26,0.0546875
77667,6,-0.0930232558139535
77669,17,0.1818181818181818
77676,3,0.0
77989,0,-0.1091954022988506
78194,12,0.0588235294117647
79094,7,0.4322305229455709
87055,17,-0.0259259259259259
50906,9,-0.0255474452554744
10568,16,0.1999999999999999
11157,7,0.0
50032,9,0.0895522388059701
68814,17,0.2066666666666667
47730,18,-0.0032258064516128
12627,0,-0.081081081081081
13232,10,0.1219512195121952
13777,5,0.0366386206896551
44652,5,0.085164835164835
38746,2,0.1999999999999999
60871,0,0.0023584905660376
14198,5,0.0421455938697317
45583,23,-0.0277777777777777
14702,3,0.0852490421455938
15537,11,-0.06
68830,2,-0.0121951219512195
85631,0,-0.0144694533762057
16185,9,-0.0909090909090909
49373,15,-0.0227272727272727
18570,23,0.1991150442477876
18973,26,0.0175438596491228
19271,6,-0.0405405405405405
29938,27,-0.035
10866,11,0.0381944444444444
20240,12,-0.2368421052631578
20248,6,0.1200000000000001
25320,30,0.0869565217391303
21726,28,0.1444444444444443
21742,6,0.0765625
11267,30,0.0874999999999999
22753,15,-0.0059523809523809
22825,15,0.0476190476190476
26841,9,0.2446808510638298
65533,4,-0.0483091787439613
24572,3,-0.0212765957446808
24951,3,-0.019108280254777
25217,4,0.0721153846153845
69307,0,-0.0416666666666666
65541,7,0.1204819277108433
27562,25,-0.086206896551724
31026,7,0.1504424778761062
27800,30,-0.1758793969849246
27909,0,0.0431654676258992
28207,7,-0.0666666666666666
28311,0,-0.0416666666666666
28522,26,0.0073529411764705
59707,22,0.2272727272727273
63546,17,-0.0617283950617284
49154,15,0.1051948051948052
19350,9,0.0733496332518337
76769,7,0.0843373493975903
49429,6,0.0259259259259259
61313,25,0.0375426621160408
19254,25,0.0875912408759123
12008,3,0.0
31500,30,0.1294416243654823
87581,3,0.4563106796116505
33209,26,0.0541666666666666
50788,17,0.1825726141078838
33690,12,0.2285714285714286
34121,6,-0.0486725663716813
34287,10,-0.0068965517241379
77462,0,-0.0608108108108108
46295,25,0.1041666666666667
37058,28,0.1818181818181818
46164,0,0.1879699248120301
26382,11,0.0437352245862883
31974,18,0.0821529745042493
62228,3,0.0858585858585858
40838,6,0.0052770448548813
19174,22,0.1458333333333332
21055,13,0.0318181818181817
38608,11,-0.0154798761609906
59547,5,0.23046875
47888,25,0.0463576158940397
62367,6,0.0522388059701492
39670,25,0.1777777777777778
40628,26,0.2153846153846152
39765,15,-0.0377358490566037
23077,26,0.072674418604651
27828,30,0.0873786407766989
32803,26,-0.0074999999999999
66181,5,0.0930693069306931
32870,28,0.0643564356435644
66587,0,0.0457516339869281
12503,16,0.037593984962406
45744,10,0.1458333333333332
46149,22,-0.1065573770491803
46237,15,0.0410958904109588
47133,17,0.3246073298429319
57437,0,0.0571428571428571
47571,17,0.1568627450980393
53495,0,-0.0256410256410256
50374,30,-0.0128205128205127
48291,0,0.0612244897959184
48347,6,0.0472727272727273
64282,28,0.0062111801242235
26294,28,0.0676795580110496
53612,4,0.1026315789473684
61399,27,-0.0571428571428571
50519,12,0.1333333333333333
66253,15,0.0609756097560976
50965,20,0.1634615384615385
51960,16,0.0246913580246914
13100,28,0.0026525198938991
51984,15,0.1224489795918366
27617,26,0.1714285714285714
64637,10,0.0606060606060605
60097,10,0.1148648648648649
22891,25,0.1709302325581394
60548,28,0.0254237288135592
53189,9,0.196969696969697
55191,6,-0.0847457627118644
68582,0,0.1041666666666667
47773,28,-0.0403071017274472
56339,0,0.0544554455445545
56777,17,0.3709677419354837
34665,11,0.0428571428571429
57745,25,-0.04
57809,23,0.1898148148148148
57817,0,0.0221354166666667
57884,15,0.1206896551724137
58473,24,0.1627906976744186
53639,25,0.0463576158940397
59185,23,0.0447154471544715
45313,0,0.1178010471204189
59767,25,0.2705882352941176
60055,2,0.2837837837837837
60346,0,0.1111111111111111
35051,28,-0.0158730158730159
90924,29,-0.1129032258064516
79105,13,-0.0359712230215827
75310,12,0.0677966101694915
18403,26,0.0133495145631068
35238,26,0.09
62368,0,0.0
13936,11,0.0714285714285714
64338,2,-0.217391304347826
49971,28,0.0538461538461538
63686,16,0.0975609756097561
63715,17,0.0338983050847456
64697,18,0.0151515151515151
42307,25,0.1261467889908256
65270,7,0.1643835616438356
62033,25,0.0157894736842105
67177,27,0.0347490347490346
91556,17,0.1622222222222222
68065,27,0.0352941176470589
39773,27,-0.1018518518518518
50948,13,0.1633466135458168
70376,20,0.0555555555555555
70923,3,0.1207289293849658
42585,18,0.1225806451612903
72005,17,0.0297029702970297
72961,23,-0.02803738317757
74230,25,0.1148148148148149
58800,4,0.1111111111111111
76081,6,0.0418848167539267
60580,25,0.01
63036,2,0.0833333333333332
61065,26,0.1244979919678714
76743,4,-0.1372549019607842
50278,17,0.1931818181818181
78079,18,-0.081081081081081
79338,12,0.0555555555555555
46260,3,0.0151133501259446
79840,22,0.0
37807,4,0.0580357142857141
80179,28,0.1849315068493151
80347,10,0.0643564356435644
80654,4,0.0434782608695651
80857,24,-0.0277777777777777
59627,3,0.2395209580838322
81190,5,0.1642651296829971
55976,0,0.1317991631799162
51932,23,0.0736607142857141
44783,4,-0.011111111111111
82924,23,0.0669291338582678
83011,17,0.159322033898305
15456,5,-0.005181347150259
40539,3,-0.4505208333333333
89245,4,0.1290322580645162
91572,0,0.1888888888888888
87143,10,-0.0444444444444444
34228,16,-0.0222222222222222
91994,12,0.1041733333333334
10025,13,-0.1666666666666666
86511,10,0.3254437869822486
90609,20,-0.119047619047619
10155,7,0.2916666666666667
69411,22,0.4666666666666665
67467,17,-0.1032258064516129
10089,4,0.08
10182,17,0.0611814345991561
10247,24,-0.0833333333333333
10259,22,-0.2333333333333332
75500,17,0.2119565217391303
10501,13,-0.0601503759398496
10185,17,0.1149425287356322
77420,17,0.1214953271028036
10514,7,0.1596638655462186
10515,2,-0.0526315789473684
10622,10,0.1818181818181818
10637,2,-0.2666666666666667
10667,11,0.0666666666666666
10658,22,0.0
10645,24,0.2982456140350877
75232,0,-0.016597510373444
10761,15,0.2307692307692308
10706,9,0.048780487804878
11747,16,0.4857142857142857
76563,17,0.1267029972752043
10199,6,0.0254777070063694
10870,9,-0.1322314049586777
10905,17,-0.0384615384615384
75527,0,0.1689497716894976
75528,15,-0.0506329113924051
10984,21,-0.1875
70375,12,-0.5416666666666667
32563,25,-0.0292397660818714
11132,30,-0.175
11103,0,-0.1756756756756756
71837,4,0.046875
11154,17,0.0700280112044817
10325,22,-0.0454545454545454
11343,28,0.1864406779661016
71685,17,0.1111111111111111
11342,22,-0.1079136690647482
11381,7,-0.1652892561983471
11382,0,0.1003134796238245
11379,20,0.1641791044776119
11426,13,0.0408163265306122
11278,30,-0.0344827586206896
75055,0,-0.0508474576271186
11475,12,0.0465116279069768
11484,17,0.0137931034482758
75066,25,0.1275510204081633
10790,25,0.1234567901234569
75100,0,-0.0040431266846361
11665,16,-0.054054054054054
75172,0,0.0833333333333332
86677,10,-0.1711947826086957
75563,26,-0.0338983050847457
75179,5,-0.0140845070422535
11539,7,0.2061855670103092
11477,24,-0.0645161290322581
11805,24,0.2250000000000001
11928,27,0.1243243243243243
10878,7,0.5151515151515151
11081,13,0.0438888888888888
75700,3,0.0282608695652173
75728,12,-0.1428571428571429
75621,5,0.059670781893004
75659,13,-0.0588235294117647
79410,26,0.148936170212766
75614,2,-0.1142857142857143
75489,26,0.0568181818181818
75655,2,0.1290322580645162
76959,3,0.0701754385964912
76052,25,0.2063492063492062
76362,30,-0.1041666666666666
76215,13,-0.0838709677419354
76075,26,0.1982758620689655
76076,3,-0.0092250922509224
76106,5,0.1
76462,22,0.0434782608695651
76322,0,0.1338028169014085
76937,13,0.2972972972972973
76671,10,-0.1612903225806451
79115,3,-0.1194029850746268
77990,13,0.323943661971831
76217,13,0.074468085106383
76450,16,-0.1025641025641025
76286,22,0.1739130434782609
76498,12,-0.119047619047619
56354,12,0.2368421052631579
76860,30,0.2323232323232322
76609,23,0.0288461538461537
77222,0,0.4358974358974359
76651,24,0.06
76856,0,-0.0364583333333333
76673,30,-0.0441176470588234
77007,22,0.0161290322580645
76747,12,-0.1176470588235294
76781,5,-0.1486486486486486
76839,24,-0.081967213114754
76847,15,0.2427184466019416
77203,0,0.2602739726027396
77045,28,0.2444444444444444
77025,22,0.125
77061,5,0.0194552529182878
77108,0,-0.0434782608695651
77096,2,0.29
77161,5,0.0588235294117647
77082,12,-0.1111111111111111
77208,22,0.0032992704430148
77268,0,-0.0129870129870129
77335,0,-0.0178571428571429
77338,5,0.0559796437659032
77403,12,-0.0909090909090909
77501,5,0.111587982832618
77584,0,0.0823529411764705
77897,12,-0.0666666666666666
77657,7,0.196078431372549
77675,12,0.263157894736842
77677,12,-0.25
77699,23,-0.0759493670886075
77784,3,-0.0493506493506493
77830,30,-0.1344271376502162
77874,6,0.1081081081081081
77862,3,0.0114285714285713
77899,20,-0.1285714285714285
78216,30,-0.0588235294117647
77978,12,0.3043478260869565
77987,22,-0.0410958904109589
78034,0,-0.0054347826086956
78050,4,-0.073170731707317
78200,22,-0.0223880597014924
78156,20,-0.1888888888888888
78209,24,-0.0999999999999999
78818,27,-0.006578947368421
78816,0,-0.0217391304347825
78937,22,-0.0545454545454545
79042,21,0.2617647058823529
78975,22,-0.1543778801843318
78999,13,-0.1224489795918367
79007,16,0.2698412698412697
78963,22,0.4655172413793103
78956,26,-0.0215827338129496
78953,17,0.1228070175438595
78972,9,-0.04
79121,13,0.125
79156,12,-0.032258064516129
79168,2,-0.0666666666666666
79181,12,0.04
79195,0,-0.0153846153846153
