firms,clusters,mom1
54594,6,-0.0148148148148148
10154,3,0.0384615384615385
11790,0,0.0140845070422535
12117,0,-0.1710484210526315
12320,0,0.0133333333333334
13056,8,0.0165289256198346
13283,0,0.0260869565217392
50091,8,0.0140350877192982
14286,7,-0.1666666666666666
11581,5,0.1324786324786324
15203,2,-0.0833333333333333
15828,5,0.0789473684210526
16126,0,0.0
17137,4,-0.01
85885,7,-0.0714285714285714
85914,7,0.0384615384615385
38471,0,-0.0232558139534884
55044,9,0.0
18092,10,0.0573770491803278
18244,10,0.1111111111111111
55108,0,-0.0404040404040404
20336,0,-0.0277777777777777
20670,3,0.1599999999999999
20897,7,-0.0865384615384615
64899,0,0.0852272727272727
22905,2,0.0
47175,5,-0.0675675675675675
23660,0,0.0066666666666665
23975,0,-0.0054054054054053
24548,3,0.3932584269662922
30680,0,-0.0044052863436123
53401,8,-0.0784313725490196
25583,7,0.0757575757575756
56274,6,0.0066225165562914
48637,0,-0.1521739130434782
36150,6,-0.0515463917525773
64565,0,-0.0112359550561798
63554,8,-0.0619469026548672
55589,0,-0.0422535211267606
31318,0,0.2916666666666667
31536,5,-0.1153846153846154
54391,9,-0.0051020408163264
31983,2,-0.1333333333333333
32046,5,-0.3300492610837439
32054,3,-0.0878378378378378
47511,0,0.0196078431372548
33188,4,-0.0208333333333333
48143,0,-0.0080321285140562
34041,0,-0.0806451612903226
53866,10,0.0
23552,10,0.0
60628,6,0.0629629629629628
63597,0,-0.12
57330,0,0.0135135135135135
37875,8,-0.0283687943262411
20765,0,0.021505376344086
66923,8,-0.0075187969924812
17144,2,-0.0119617224880382
88357,0,0.1890243902439023
38907,10,0.175
32205,6,0.0204918032786884
39328,8,0.0169491525423728
26657,9,0.0179372197309417
40540,7,0.2105263157894736
22250,8,0.0612244897959184
64979,0,-0.1330049261083743
41452,6,-0.0119047619047618
50382,10,0.0161290322580645
52716,4,-0.0042016806722688
42586,7,-0.1052631578947368
62287,8,-0.0267857142857143
44821,0,0.125
45103,6,0.0059523809523809
53129,9,-0.0163934426229508
76745,10,0.0263157894736842
89181,0,-0.0166666666666667
46843,0,0.0181159420289855
47141,4,0.0
47563,9,0.3157894736842106
89392,10,-0.0925373134328357
33478,0,0.0
61145,0,0.0535714285714286
50462,5,-0.0618556701030927
49585,0,-0.0761904761904761
64020,0,0.0063291139240506
11198,5,0.509433962264151
59926,6,0.0
51423,6,0.008
67328,6,-0.0481283422459892
45022,6,-0.0078125
67002,6,-0.12
52090,8,-0.0166666666666667
59942,0,-0.024793388429752
53613,3,0.2324649298597194
54114,9,0.09375
55213,0,-0.160427807486631
64442,2,-0.0588235294117647
55862,3,0.1290322580645162
65373,0,-0.141025641025641
56363,5,0.0098039215686274
52337,0,0.0491803278688525
51377,0,0.0462962962962962
22066,6,-0.0169491525423728
57665,5,0.0248962655601658
67010,3,-0.0555555555555555
25232,6,-0.0591397849462365
34948,0,-0.0068965517241379
35107,3,-0.5075593952483801
58675,0,0.0227272727272727
61621,10,0.1006711409395972
45823,0,0.0
51692,0,-0.0512820512820513
40571,0,-0.0303030303030302
65058,0,-0.0292207792207792
65307,9,-0.0303030303030302
79733,7,0.0
66852,9,0.0350877192982457
46922,0,-0.0132158590308369
67193,0,0.0022831050228311
67679,0,0.0352941176470589
67732,0,-0.0789473684210526
91679,3,0.0068965517241379
69199,0,-0.0619469026548672
69682,10,0.0161290322580645
70288,0,0.0769230769230768
38850,8,0.0522388059701492
71002,0,0.0256410256410255
25283,8,0.0212765957446807
72128,10,0.2608695652173913
72486,10,-0.0890410958904109
72603,2,0.1724137931034481
72710,5,0.1658986175115206
27764,4,0.0224719101123596
44951,0,-0.0365853658536585
76022,8,-0.0851063829787234
74500,3,-0.0833333333333333
60353,2,-0.0116279069767442
74561,0,-0.0689655172413793
65752,2,0.2352941176470588
74975,10,-0.0097087378640776
40061,5,-0.0519480519480519
75417,7,-0.1071428571428571
75433,10,0.1504424778761062
40694,5,0.1189801699716714
37640,4,-0.0914634146341463
76129,3,-0.4759493670886076
48709,4,-0.1290322580645161
92524,2,0.0909090909090908
47183,8,0.0175438596491228
65306,4,0.0277777777777776
37612,0,0.1333333333333333
65103,0,-0.081081081081081
47917,6,0.0
80013,6,0.0
61698,4,0.0117647058823529
92874,7,0.6296296296296295
81294,0,-0.0171428571428571
19502,0,-0.5265700483091788
81614,0,-0.0294117647058823
81702,4,0.0568181818181818
64506,2,-0.1818181818181817
82449,2,-0.0588235294117647
51086,9,-0.0294117647058823
53671,0,0.0
83601,8,-0.0419161676646706
83687,3,0.0248756218905472
83919,0,0.0909090909090908
88381,9,0.078125
62042,8,0.146067415730337
88445,10,0.0573248407643312
88867,0,0.3010752688172042
65067,0,-0.0689655172413793
10048,0,0.1126760563380282
10175,3,0.0
10281,0,0.04
10361,0,-0.1666666666666666
39416,3,-0.0425531914893616
10434,2,-0.125
70148,0,-0.1008403361344537
75510,3,-0.1740890688259109
10800,0,0.0256410256410255
10914,8,-0.0227272727272727
10972,0,0.0
11124,5,0.1506849315068492
11020,5,0.0136986301369863
10087,0,0.058139534883721
11136,7,0.2307692307692308
11353,4,-0.04
75033,7,0.0
75068,0,-0.0331491712707182
75094,3,-0.15
11596,0,0.3863709090909091
75174,0,-0.1283783783783784
75557,0,0.2244897959183673
11694,7,0.1162790697674418
11727,2,0.0
76270,5,0.0188679245283018
11757,3,-0.2647702407002188
75110,0,0.375
10114,3,0.063157894736842
12099,6,0.0470588235294118
75335,6,0.0222222222222221
11106,0,0.0129870129870128
12041,7,0.0388349514563106
12006,6,-0.0672514619883041
12122,7,0.0555555555555555
12211,9,0.0454545454545454
75434,3,0.2260869565217391
75625,7,0.0
75657,4,-0.03125
75857,0,-0.0240549828178694
76096,3,0.0783410138248847
76138,4,-0.1044776119402984
76420,2,-0.2903225806451612
76279,2,0.2857142857142858
76568,0,-0.3223140495867769
76605,0,0.0336538461538462
76613,3,-0.1077844311377245
76623,2,-0.0656934306569343
76715,2,-0.1071428571428571
76714,6,0.0256410256410255
76738,2,-0.0869565217391304
76739,2,0.411764705882353
76752,5,0.0355555555555555
10074,0,-0.0888888888888889
50906,10,0.0
10568,0,0.0
10998,3,0.2115384615384614
11181,0,-0.0252100840336134
50032,0,0.0759493670886075
69171,7,0.1999999999999999
68814,2,0.2236842105263157
47730,6,0.03
13232,10,0.0117647058823529
13777,0,0.2608695652173913
44652,0,0.0
38746,9,0.0727272727272727
60871,0,-0.0415224913494809
14198,6,0.0
14331,0,0.1076923076923077
45583,0,-0.0099009900990099
14702,3,0.0048309178743961
15537,0,-0.0681818181818182
85631,10,0.0193370165745856
16185,10,-0.0294117647058823
17057,10,0.1486486486486486
17903,6,0.0666666666666666
49373,8,0.04
18570,8,-0.0833333333333333
47642,0,-0.0136054421768707
18973,5,0.0227670753064799
19271,0,-0.0454545454545454
29938,4,0.081180811808118
10866,4,-0.2663316582914573
20002,7,-0.0357142857142857
20240,2,0.0298507462686568
20248,6,-0.0747126436781608
25320,9,-0.0213903743315507
21726,0,-0.0461538461538461
21742,6,0.0
11267,0,-0.0793650793650794
22825,10,0.5909090909090908
26841,8,-0.037037037037037
65533,0,0.1008403361344538
24572,0,-0.1578947368421053
24951,0,0.0253164556962024
25049,10,0.0071942446043165
25217,0,0.0592105263157893
25487,0,0.1327800829875518
69307,7,0.3
65541,7,0.1818181818181818
27562,0,-0.0297619047619047
31026,2,-0.03125
27800,2,-0.1136363636363636
27909,8,0.1944444444444444
28207,2,-0.3
28311,7,0.2272727272727273
28522,8,-0.0306122448979592
10731,3,0.0985915492957747
59707,2,0.25
63546,0,0.0593220338983051
29023,0,0.0186915887850467
49154,9,-0.0330578512396694
19350,5,-0.0472878998609179
76769,0,-0.1208791208791209
49429,0,-0.0040322580645161
61313,8,-0.0514018691588784
19254,6,0.0434782608695651
56960,4,-0.109375
12008,0,0.1568627450980393
31500,8,0.2338709677419355
87581,3,0.06
32839,4,0.0571428571428571
33209,3,0.0740740740740741
50788,3,0.1711229946524064
33690,0,0.1
34121,0,0.0
34287,0,-0.0285714285714285
44708,0,-0.0338983050847457
58405,9,0.0491803278688525
46295,0,-0.0484848484848484
37058,5,0.2307692307692308
46164,6,-0.0064516129032258
26382,6,0.0353982300884956
37103,6,-0.0179640718562874
31974,0,0.0128205128205127
62228,0,-0.0746268656716417
60935,5,-0.050314465408805
40838,6,-0.0749999999999999
19174,0,-0.0196078431372549
21055,7,-0.1142857142857143
38608,0,0.2105263157894736
59547,9,-0.1075268817204301
47888,6,-0.0283687943262411
62367,0,0.0638297872340425
39670,6,-0.003003003003003
49189,3,0.0357142857142858
40628,2,0.5490196078431373
40644,3,-0.0217391304347825
39765,4,-0.0843373493975904
23077,9,-0.0230547550432276
27828,0,0.0272873194221507
32803,4,0.0
66181,0,-0.0909090909090909
32870,0,-0.0203045685279187
42366,2,-0.2777777777777778
32926,4,-0.0424528301886792
66587,0,0.2196531791907514
42922,7,0.4137931034482758
43474,3,0.6590909090909092
44389,0,0.1578947368421053
12503,7,-0.1544715447154471
45560,3,-0.137546468401487
45744,3,0.0303030303030302
46149,3,0.0206896551724138
46237,4,-0.1034482758620689
33267,0,0.1111111111111111
47133,6,0.25
57437,4,0.0769230769230768
47571,2,0.3513513513513513
53495,0,0.0933333333333332
50374,10,-0.0104166666666666
48291,3,0.0224719101123596
48347,8,0.0506912442396312
64282,8,-0.0920245398773006
26294,4,0.0064935064935065
53612,0,0.0102389078498292
61399,10,-0.0983050847457627
50519,0,-0.0344827586206896
66253,0,0.1052631578947369
51960,4,0.078125
13100,8,-0.0230547550432276
51984,10,-0.0153846153846153
27617,0,-0.1333333333333333
60097,10,0.149390243902439
22891,6,-0.0160857908847185
53050,2,0.0769230769230768
60548,8,0.0370370370370369
53189,0,0.0444444444444445
55191,4,0.0588235294117647
68582,0,-0.089108910891089
47773,8,0.0088105726872247
56339,0,-0.029585798816568
56777,0,0.1724137931034481
34665,0,0.05
57809,9,0.0224215246636771
57817,0,0.0248447204968944
57884,5,0.02
58473,0,0.0238095238095237
53639,0,0.0
59185,4,0.0161290322580645
45313,0,0.0416666666666667
59767,5,0.1411764705882352
60055,5,0.3246753246753247
60346,0,-0.0892857142857143
60679,0,-0.079155672823219
35051,9,-0.0437158469945355
75310,2,-0.2756756756756756
18403,4,-0.0645994832041343
61460,7,0.3333333333333332
35238,9,-0.0222222222222222
62384,8,-0.079646017699115
13936,4,-0.0634920634920634
64338,0,0.125
49971,4,0.0251572327044025
63686,0,0.063063063063063
43748,0,0.0476190476190476
64697,0,0.0285714285714284
42307,0,-0.0304568527918781
62033,8,-0.0256410256410256
75793,2,-0.0686274509803921
67177,6,0.0517241379310344
25312,10,0.0508474576271187
91556,0,0.3128205128205128
62682,9,0.1165644171779141
68065,0,0.0428571428571429
41320,5,0.2173913043478261
39773,0,0.0476190476190476
50948,0,0.3333333333333332
70376,0,-0.03125
70421,2,-0.0625
70923,9,-0.0273224043715847
42585,4,-0.04
72961,0,-0.1639344262295081
73083,0,-0.0266666666666666
73796,0,0.2166666666666665
74230,6,0.0630252100840336
75345,7,0.3043478260869565
53751,2,0.0
62447,3,0.261111111111111
75951,3,0.5652173913043479
76081,8,-0.0397350993377483
48573,3,-0.0192307692307692
60580,0,0.0436681222707424
63036,0,0.6111111111111112
61065,4,-0.0669642857142857
76743,0,0.0232558139534884
50278,0,0.0666666666666666
79338,2,0.183673469387755
46260,3,0.0169491525423728
66368,2,-0.0309278350515463
79840,0,0.0065810526315788
37807,9,0.0094637223974762
80179,0,0.0
80347,0,0.0833333333333332
80654,4,-0.2063492063492064
80857,0,0.0178571428571427
59627,0,0.0857142857142856
81190,0,0.2350427350427351
55976,0,-0.07981220657277
51932,0,-0.0107066381156316
44783,0,-0.1521739130434782
82924,9,0.0342465753424656
83011,0,-0.0714285714285714
15456,0,-0.144
40539,0,-0.1452991452991453
89245,4,0.024390243902439
91572,3,-0.1196581196581196
91636,6,0.0593220338983051
34228,0,0.0689655172413792
91994,0,0.0
10025,0,0.0574712643678161
86511,3,0.0382978723404254
90609,7,-0.0068965517241379
69411,4,-0.0172413793103448
67467,0,-0.0112359550561798
10089,3,-0.0055555555555555
10136,0,-0.0379746835443037
10182,7,-0.1363636363636363
10222,2,-0.2307692307692307
10248,2,0.5
10247,0,0.2105263157894736
10256,0,0.4782608695652173
10259,0,-0.25
10282,2,-0.125
75500,0,0.0882352941176469
10501,10,-0.0909090909090909
10185,0,-0.0263157894736841
10514,2,-0.3333333333333333
10515,0,-0.0377358490566037
10531,0,0.15625
10178,4,0.0731707317073171
10622,5,-0.0526315789473684
10633,7,-0.0909090909090909
10645,0,-0.0555555555555555
10709,0,-0.0564118048626791
75232,0,0.1300813008130081
10761,0,0.0434782608695651
10706,0,0.3913043478260869
11747,0,-0.25
76563,4,-0.0303030303030302
10199,0,0.1194029850746267
10870,3,0.4166666666666667
75528,3,-0.2060301507537688
10984,5,-0.0799999999999999
11103,0,0.4185393258426966
71837,2,0.0298507462686568
11154,3,0.0067447482014388
10325,0,-0.0955414012738853
11343,4,0.010752688172043
71685,3,0.1804123711340206
11344,2,1.5
11382,3,-0.22992700729927
11379,0,-0.0675675675675675
11278,5,0.08
75055,2,-0.1333333333333333
11484,0,-0.1047619047619047
11480,2,0.4499999999999999
75066,0,0.024390243902439
10790,0,0.0285714285714284
75100,6,0.1176470588235294
11651,2,0.0212765957446807
75172,2,0.4750000000000001
75563,5,0.0
75179,0,-0.024390243902439
11959,0,0.0857142857142856
11928,0,0.0403225806451612
11081,3,0.1846153846153846
75700,3,-0.282051282051282
75621,9,0.1353383458646617
75659,2,0.032258064516129
75615,0,0.2297297297297298
79410,6,0.0104166666666667
75614,0,0.1770833333333332
75655,4,-0.2112676056338028
75905,2,0.8
76052,0,0.0416666666666667
76075,9,0.0420168067226891
76076,3,0.1771300448430492
76106,0,0.2592592592592593
76251,0,0.0566037735849056
76217,7,0.0238095238095237
76498,2,-0.06
56354,4,-0.0204081632653061
76607,2,-0.4311926605504587
76673,0,-0.1408450704225352
76747,10,-0.0099009900990099
65832,0,0.1351351351351351
66413,5,0.1016949152542372
21020,0,-0.06
85041,4,-0.1382113821138211
62500,5,0.1388888888888888
10496,2,-0.1666666666666666
27991,9,0.0205128205128204
10517,5,-0.0205479452054794
20482,10,-0.03125
10656,0,0.0695652173913043
10123,3,0.063063063063063
10057,3,-0.0660377358490565
63837,10,-0.043010752688172
60038,4,-0.0175438596491228
10752,3,-0.1401869158878504
61487,0,-0.1384615384615384
10875,0,0.1106557377049179
61241,5,0.0344827586206897
11042,0,0.1276150627615062
61081,6,-0.0945273631840796
28222,9,-0.0424107142857143
51721,0,-0.0467836257309941
28804,10,0.0129870129870128
11587,0,0.0496894409937889
49584,0,-0.0277777777777777
42083,6,-0.0578512396694215
48514,5,-0.010752688172043
63845,8,0.0054347826086955
11691,0,-0.0520833333333333
44740,5,-0.0809859154929577
11851,10,0.1585365853658535
26331,0,0.0058139534883721
10145,0,-0.0508021390374331
41443,0,0.0710900473933648
45911,3,0.0703125
12205,3,0.0
24643,0,0.0021929824561404
64856,0,-0.0821256038647343
28484,0,-0.0078534031413612
60046,0,-0.0817610062893081
39482,0,-0.0526315789473684
10225,8,0.0532915360501566
56119,4,-0.006578947368421
12758,2,-0.2653061224489795
24109,0,-0.0108695652173913
12811,7,0.0
12918,6,0.0
15667,10,-0.0253164556962025
65859,0,0.0594315245478036
13304,0,0.0149253731343284
29049,4,-0.0680100755667506
13603,0,0.0
46527,5,0.1702127659574468
65111,0,0.0444444444444445
58560,0,-0.1111111111111111
13769,2,0.1666666666666667
69200,0,0.0249999999999999
10401,9,0.0734597156398104
11144,0,0.1153846153846154
23544,8,-0.0204918032786884
10460,0,-0.0344827586206896
14008,0,-0.4375917767988252
14059,3,-0.1935483870967742
27051,4,-0.0579710144927536
19553,9,-0.0520446096654274
18075,6,0.05
64151,2,-0.2307692307692307
14219,5,0.1363636363636364
14227,3,0.4022988505747127
87119,0,0.1774193548387097
29073,7,-0.04
14323,5,-0.0189473684210526
29102,6,0.0206896551724138
59184,0,0.0269662921348314
29145,6,0.00625
39490,0,0.0639269406392695
14593,10,-0.0444444444444444
52804,7,0.3142857142857143
10516,0,0.0075757575757575
14868,0,0.0
29380,2,-0.2857142857142857
17566,8,-0.0566037735849056
19692,0,0.0384615384615385
15035,4,-0.0205479452054794
60230,0,0.0416666666666667
29209,0,-0.0375275938189845
15166,0,0.1320754716981131
21143,4,-0.0591397849462365
10364,0,0.0196850393700787
24272,0,-0.0472727272727272
15457,6,0.0638297872340425
15465,0,0.1538461538461537
15502,0,-0.1157894736842105
85607,9,0.0246913580246914
15553,8,0.0535714285714286
10604,8,-0.0531453362255965
15684,0,-0.0909090909090909
20458,2,0.0769230769230768
15721,5,0.1596286486486486
49701,0,-0.0736842105263158
15820,2,0.0
69542,0,-0.1607142857142857
44644,6,0.015625
16030,0,0.0
44601,6,0.0218068535825544
27684,5,-0.0096153846153845
40416,0,0.0386029411764705
58376,9,-0.0074074074074074
16193,0,-0.1034482758620689
65496,3,0.0068027210884353
64717,2,0.0
53110,6,0.0149253731343284
85754,0,0.0
62797,10,-0.0909090909090909
52484,2,-0.025
75034,8,0.0169491525423728
58755,6,0.0689655172413792
57568,0,-0.081081081081081
16460,0,0.0087719298245614
58480,0,-0.0582524271844659
16468,6,-0.1232876712328767
24221,0,0.0552763819095476
16564,8,-0.028169014084507
55781,8,-0.0345528455284552
29532,0,-0.074074074074074
16890,0,0.0827586206896551
46877,6,-0.0158730158730159
39693,6,-0.032258064516129
16978,7,-0.0391061452513966
85842,0,0.0333333333333334
47423,3,0.2448979591836735
26518,0,-0.0647058823529411
27887,0,0.0469798657718121
75330,0,-0.073170731707317
29612,6,0.0383141762452108
39642,9,-0.0424628450106157
17444,10,0.0194174757281553
65875,0,0.0393013100436681
65883,6,0.014760147601476
65509,4,0.1019607843137255
43772,0,0.0220264317180616
19377,0,0.0369393139841689
42438,0,-0.0346820809248554
10786,0,-0.0714285714285714
17815,0,-0.0720221606648199
47992,6,-0.0530973451327433
54164,6,0.0258064516129032
17962,0,-0.016
17989,0,-0.0163934426229508
18033,0,-0.03
18156,2,0.2708333333333332
18287,2,1.2307692307692308
20220,0,0.0237154150197629
61946,0,0.0104166666666667
38527,2,-0.0098039215686274
18455,8,0.0753424657534247
62519,7,0.125
19561,10,-0.044776119402985
42024,5,0.0238805970149253
51393,3,-0.1040268456375839
25144,4,0.0249999999999999
66130,0,-0.0052083333333333
60898,2,0.0615384615384615
39757,5,-0.1090909090909091
19159,0,0.175
17961,0,0.1348314606741574
19393,9,-0.0072202166064981
42606,10,0.1935483870967742
19546,0,0.0280373831775699
53786,0,-0.1294498381877022
10874,6,0.0
55597,6,-0.0734463276836158
19677,0,0.2173913043478261
19693,6,-0.05
19722,0,-0.0384615384615384
67176,4,-0.0490196078431373
50227,0,0.0
19888,3,0.0232558139534884
10890,0,-0.0845070422535211
67432,10,0.0
19992,10,0.0533980582524271
20117,0,0.096938775510204
20125,3,0.3913043478260869
45655,0,-0.0182926829268292
48282,0,-0.0338983050847457
20299,0,0.0816326530612245
10989,0,0.0182186234817813
62148,9,-0.0163934426229508
28564,0,-0.066420664206642
20459,5,0.0615384615384615
46690,10,-0.1463414634146341
20504,7,-0.0645161290322581
20512,0,0.076086956521739
20547,0,-0.125
20571,0,0.043010752688172
56602,0,0.0687022900763358
20678,2,-0.0294117647058823
20723,10,0.0096153846153845
20750,4,0.0247933884297519
51414,4,-0.0331125827814569
64880,7,-0.0588235294117647
30330,0,-0.010752688172043
21304,0,-0.097560975609756
21371,5,0.0541871921182266
27334,6,-0.0120845921450151
23114,4,0.008230452674897
20618,6,0.0338983050847456
26374,2,0.0618556701030927
86431,2,0.3333333333333332
56952,4,0.0
30402,0,0.1298701298701299
40707,9,0.0274509803921567
18542,0,-0.0461811722912965
53831,0,0.0446428571428572
22016,7,-0.0490196078431373
64557,4,0.0425531914893617
63503,4,0.0185185185185186
58173,8,-0.0363636363636363
60599,8,-0.0219298245614034
22569,8,0.0
41419,7,-0.0072992700729926
21397,5,0.0044345898004434
22585,2,-0.0625
22681,10,0.1764705882352941
22913,0,-0.0689655172413793
22921,0,-0.0985915492957746
64194,0,0.0444444444444445
23035,0,0.144927536231884
21960,6,0.1022727272727272
23182,0,0.0769230769230768
14541,4,-0.020253164556962
30509,6,-0.0333333333333333
23297,2,-0.0563380281690141
23318,0,0.1360759493670886
21282,10,0.0374639769452449
30525,4,-0.0285714285714285
11260,10,0.1025641025641026
23393,4,0.1024096385542168
68320,3,0.2142857142857142
24117,4,0.0287769784172662
47677,0,0.0234741784037557
22680,5,0.06
23537,5,-0.0192307692307692
23588,10,-0.0858895705521471
66878,9,0.1812499999999999
24046,3,0.1158878504672897
27422,6,0.0432276657060519
24097,0,-0.0465116279069767
46578,6,0.0304761904761905
56741,0,0.084033613445378
24193,10,0.1
38893,0,0.0522088353413654
11995,10,-0.0431654676258992
11308,10,-0.0209523809523809
24441,0,0.108695652173913
64901,7,0.1733333333333333
24476,3,-0.0596026490066224
30648,3,-0.125
18729,6,-0.0285714285714285
24556,0,0.0
24679,4,0.0
11340,0,0.0071428571428571
24935,0,-0.2406015037593984
11997,0,0.0555555555555555
11675,3,0.3642857142857143
25073,3,1.4324324324324325
61524,0,-0.0505836575875486
41064,0,0.0162162162162162
25452,6,-0.0076335877862595
25989,7,-0.1578947368421053
68347,5,-0.0567901234567901
25604,4,-0.0704225352112676
25612,0,-0.0139860139860139
25786,7,0.3888888888888888
25823,0,-0.0833333333333333
25938,5,-0.0117647058823529
26009,3,0.0333333333333334
40125,9,0.021186440677966
26084,5,-0.0598290598290598
26252,0,-0.0440251572327043
26279,3,0.095959595959596
26295,3,-0.0961538461538461
11404,0,-0.0258620689655172
41929,6,0.0837696335078534
21821,4,0.03
26586,6,0.0189473684210526
26607,5,-0.0088495575221239
71765,8,0.0890688259109311
26650,0,0.233644859813084
23229,9,-0.015
26965,0,-0.0034364261168384
38914,3,0.0574018126888218
21979,4,0.0167224080267558
27430,8,0.0097087378640776
27124,0,-0.0909090909090909
59248,0,-0.0144927536231883
27239,3,-0.1785714285714286
27255,0,0.0692041522491349
27407,0,-0.1111111111111111
27474,0,0.0526315789473683
20204,0,-0.0270270270270269
27618,4,0.0420168067226891
62164,0,-0.1014492753623188
38420,2,0.0
27722,0,0.129251700680272
53575,0,0.0079365079365079
31042,0,-0.0303030303030302
17726,0,-0.002770083102493
59256,4,0.07
41080,0,-0.0712166172106825
18091,6,-0.0140056022408963
62527,0,0.0249999999999999
28143,3,0.0932835820895523
28151,5,0.0648148148148148
28178,0,-0.0416666666666666
29744,0,0.0
28231,2,-0.0714285714285714
30067,3,-0.0232558139534884
11607,0,0.0127118644067796
49285,0,0.0982142857142858
66472,0,-0.125
57592,0,0.1142857142857143
28629,3,-0.125
28717,7,-0.2033898305084746
28725,0,0.0333333333333334
28784,0,-0.0428571428571428
28840,6,0.0769230769230768
11183,3,-0.2369942196531792
12005,5,0.150943396226415
28952,3,-0.196969696969697
29050,0,-0.0217391304347825
22859,8,0.0
60273,10,-0.0129870129870129
45110,4,-0.0303030303030302
29226,0,-0.1058823529411764
64215,3,0.0934579439252336
26112,5,-0.0615141955835961
29285,4,-0.0147058823529411
61743,8,-0.0272373540856031
29560,0,0.0576923076923077
29576,2,0.0258620689655173
11674,0,0.0423728813559323
76708,0,-0.0274725274725274
45874,8,0.0366492146596859
29736,7,0.2911392405063291
29752,0,-0.0581039755351682
65226,5,0.0909090909090908
45516,7,0.6304347826086956
29832,0,-0.0563380281690141
40440,0,0.008108108108108
43916,0,0.0879478827361563
44943,0,-0.1417910447761193
30147,5,0.0545454545454544
26403,10,-0.0405117270788912
10886,0,-0.0961538461538461
30307,0,-0.0307692307692307
64936,4,0.0140350877192982
38682,0,0.0167224080267558
41515,0,0.0446428571428572
30577,0,-0.05
30622,0,-0.0847457627118644
25953,5,0.0078988941548183
20626,0,-0.0016863406408094
58990,9,0.0316901408450704
30681,6,0.0393374741200827
46471,6,-0.0087719298245614
30780,0,0.0472972972972973
31376,2,0.0749999999999999
63132,3,-0.006578947368421
27959,8,-0.0210843373493976
48506,0,0.0288888888888889
25072,4,-0.0052083333333333
30892,0,-0.0270270270270269
30940,6,0.0
31464,0,-0.0257731958762886
31070,0,-0.0217391304347825
31078,2,0.1333333333333333
31107,0,-0.024390243902439
42200,8,0.0201342281879195
31211,0,-0.0196078431372549
63159,3,0.0616438356164383
32281,4,0.0046728971962617
31414,0,0.0
31480,8,-0.0288461538461538
26075,8,0.0123966942148761
11754,9,0.002169197396963
11762,9,-0.0334821428571429
70578,0,0.0186046511627906
31552,0,0.3870967741935485
68398,3,-0.0404040404040404
31748,0,0.3026315789473683
44185,10,0.0173410404624276
32062,0,-0.0357142857142857
32110,5,0.209090909090909
38543,0,-0.3287671232876712
22103,6,0.0088339222614841
32417,7,-0.0211267605633802
23042,4,0.0289855072463767
61540,10,0.0135135135135135
32540,3,-0.2037914691943128
87573,2,-0.0384615384615384
68910,7,-0.0769230769230768
26470,8,-0.0056818181818182
32636,3,-0.0758620689655172
32791,5,-0.0476190476190476
32804,0,-0.1351351351351351
62834,8,-0.0658436213991769
32986,0,-0.0062499999999999
25056,0,-0.0839160839160839
33137,7,-0.037037037037037
52476,5,0.013029315960912
24328,4,0.0045045045045044
33420,10,0.0
33508,10,-0.1099999999999999
33532,2,0.3125
33567,0,1.074074074074074
42550,4,0.0
33612,0,0.0869565217391303
62199,2,0.875
87696,5,0.0275862068965517
66149,8,0.0
87717,0,-0.0510204081632652
87725,4,0.0327868852459016
11850,9,-0.0517241379310344
19166,0,0.0694444444444444
24205,8,0.0163398692810456
24918,0,-0.1538461538461538
34367,0,0.0245901639344261
34404,0,0.1111111111111111
21338,9,0.0409356725146199
25371,0,0.060200668896321
34463,5,0.0104166666666667
47706,8,-0.0597826086956522
21135,8,-0.0608695652173912
34578,7,0.2090395480225988
42745,0,-0.0255102040816326
10016,0,0.271604938271605
34818,0,0.0161290322580645
34981,3,0.109375
58296,3,-0.0293040293040293
36709,2,-0.0344827586206896
47271,0,0.1042654028436018
36768,8,-0.0306122448979592
49875,9,-0.0326975476839237
27748,0,0.0425925925925925
22496,4,-0.0121951219512195
37023,0,-0.0608108108108108
56784,8,-0.0176991150442478
54543,3,-0.0576923076923077
49031,9,0.1224489795918366
37189,4,0.0
41726,4,0.0552147239263802
25785,0,0.0603448275862068
45241,9,0.0084507042253521
37234,0,-0.025
37277,9,-0.0510204081632652
37402,0,0.0285714285714284
18112,0,0.0573476702508961
37568,6,0.0141129032258064
37584,0,0.1027568922305763
58421,10,0.1269841269841269
37832,4,0.024390243902439
37859,3,0.0703517587939699
25961,10,0.1043478260869565
37955,6,-0.0290697674418605
40425,5,-0.0793650793650794
21004,0,0.0316901408450704
32061,10,0.232394366197183
38085,0,-0.0163934426229508
38093,6,-0.0232558139534884
88269,0,0.0655737704918033
38157,9,-0.1428571428571429
47941,0,-0.0228310502283105
32096,2,0.0373134328358208
38317,2,0.125
38333,9,0.1549295774647887
62607,0,-0.1376146788990825
12052,0,0.0794871794871794
12060,0,-0.0021186440677966
46834,3,0.1666666666666667
56629,0,-0.0582524271844659
38472,0,-0.0833333333333333
12079,0,-0.0333333333333333
66931,6,0.0568181818181818
38659,0,0.1329479768786128
62260,5,0.0153846153846153
46674,9,0.0430463576158941
38827,0,-0.0909090909090909
23915,6,0.0434782608695651
39029,10,-0.0317460317460317
39045,0,0.06
16424,2,-0.0457142857142857
12024,10,-0.0294117647058823
57154,0,0.0285714285714284
55466,5,0.2641509433962263
45428,5,0.1999999999999999
65920,0,0.0235294117647058
60441,0,0.1044176706827308
12140,0,0.096774193548387
16432,0,-0.0778097982708934
53604,0,0.0438596491228069
39483,8,-0.0227272727272727
25005,5,0.0767676767676768
39571,0,0.0560344827586207
39590,7,-0.0555555555555555
60468,0,0.0555555555555555
52695,0,0.0149253731343284
54340,7,0.1492537313432835
32379,0,0.0095419847328244
63976,4,0.0824742268041236
67571,5,0.0787037037037037
49197,4,-0.0329670329670329
40097,6,-0.03125
19721,0,0.0212765957446807
32459,6,-0.009009009009009
40345,3,0.1945701357466063
54770,6,-0.0867579908675799
40484,3,-0.004524886877828
67942,0,0.0980392156862746
23819,6,0.043076923076923
49349,0,-0.1063829787234043
44468,8,-0.078125
43238,0,0.0135746606334841
59301,9,-0.0511627906976743
40970,2,0.25
50905,8,0.0
40994,2,0.1904761904761904
41014,8,0.0510948905109489
25582,0,0.0065502183406114
52978,0,0.04
41188,0,0.119047619047619
10294,8,0.0425531914893617
41187,8,0.0034722222222223
41241,6,0.0085470085470085
41292,9,-0.043010752688172
88605,0,0.1041666666666667
41356,0,0.7613636363636365
32651,0,0.1499999999999999
60476,8,-0.0232558139534884
41444,0,-0.032258064516129
41487,3,0.0442307692307692
63992,7,0.1
32707,8,-0.0043478260869564
18016,4,0.0372960372960373
16600,6,0.0412147505422992
61567,7,0.1
41874,2,0.069767441860465
23309,6,-0.0921501706484642
42084,5,-0.1847826086956522
42140,0,-0.0178571428571429
12319,0,0.0076335877862594
42439,0,0.0825688073394494
18374,0,0.0204081632653061
42455,0,0.0344827586206897
32897,0,-0.1463414634146341
42578,0,0.0524017467248907
42607,0,0.0
44986,6,0.0
20124,0,0.069047619047619
21792,0,-0.0285714285714285
58886,0,0.1130434782608695
32934,8,0.0136674259681093
48135,0,0.0925925925925925
44150,4,-0.05
42877,4,-0.072463768115942
88795,3,-0.0218749999999999
42981,0,0.1034482758620689
43028,0,0.0277777777777776
62295,4,0.022099447513812
38973,6,0.0256410256410255
43263,0,0.0493827160493827
43327,7,-0.1794871794871795
75227,3,0.053475935828877
56573,0,0.0381355932203388
43610,2,0.1071428571428572
43618,0,0.3584905660377357
43634,0,-0.1639344262295081
43757,2,0.9310344827586208
43984,0,-0.0129870129870129
44090,3,0.1891891891891892
44135,10,-0.0289629268292682
12431,6,-0.092814371257485
44194,0,-0.0096153846153845
44207,7,-0.265625
12458,9,-0.0478260869565216
88990,3,0.2937062937062937
44274,9,0.1092436974789916
65293,3,-0.0094339622641509
46519,0,-0.04
46463,0,0.032258064516129
44506,3,-0.0798403193612774
59328,0,-0.0557692307692307
44565,7,0.0256410256410255
44637,3,-0.0567375886524822
44768,6,0.0714285714285714
44776,10,-0.0555555555555555
15747,0,-0.0909090909090909
89093,6,0.0853658536585366
58608,6,-0.0384615384615384
50075,2,0.0666666666666666
12490,5,-0.0505166475315729
40272,0,-0.0861244019138756
12511,0,-0.0290322580645161
45277,0,-0.0172413793103448
45306,7,0.2818181818181817
21573,6,-0.0310650887573964
49736,2,0.1034482758620689
27705,3,0.0093457943925232
45373,7,0.0338983050847456
68494,4,0.0833333333333332
67619,7,-0.0333333333333333
45509,2,-0.1999999999999999
23317,4,-0.0323741007194244
53065,0,0.040133779264214
67993,10,-0.0119047619047618
45728,5,-0.0170454545454545
45891,0,-0.1441441441441441
57066,4,0.0327868852459016
46077,5,-0.1117647058823529
46114,0,-0.1447368421052631
47984,2,-0.0253164556962025
46229,3,0.368421052631579
52329,8,0.0972972972972971
61583,5,0.0411985018726592
46392,5,-0.0124999999999999
22111,0,-0.0383275261324042
42534,6,0.0103734439834024
53268,0,-0.0649350649350649
42104,9,0.0549450549450549
46870,4,0.0295857988165679
46886,3,-0.0144092219020173
51596,4,0.0449999999999999
56557,7,-0.1463414634146341
46931,2,-0.0666666666666666
47002,0,-0.0103092783505154
42067,0,0.1111111111111111
24432,4,0.0170454545454545
12650,0,0.1851851851851851
24053,0,-0.0081967213114754
68996,7,-0.1290322580645161
45890,2,0.0555555555555555
47205,9,0.0892857142857141
47248,10,0.1111111111111111
26825,0,-0.0608695652173912
44134,0,0.0305084745762711
58616,0,-0.0895522388059701
25769,0,-0.0329670329670329
47619,0,-0.0722433460076045
60521,8,-0.0416666666666666
47715,0,0.0147783251231528
17750,9,0.0078895463510848
33398,0,-0.037037037037037
59045,8,0.0
33451,2,-0.06
47969,8,0.0534351145038167
48960,0,0.0
45866,5,-0.1428571428571429
48072,7,-0.0535714285714286
16678,5,0.0481927710843372
59897,4,0.0
48144,3,-0.0518292682926829
41136,5,-0.0947368421052631
48195,3,-0.037037037037037
89456,3,-0.3
48267,3,0.053475935828877
47255,3,-0.2238805970149253
58624,10,0.0666666666666666
48363,0,-0.1456310679611651
48371,10,-0.037037037037037
65656,0,0.0628930817610062
48486,3,-0.1172161172161172
33603,9,0.0377358490566037
48523,9,-0.0794701986754966
48531,4,0.0140845070422535
48961,0,0.0511627906976743
50286,0,0.0496688741721853
57373,2,0.0
60943,6,0.0431266846361186
65330,6,0.0216450216450216
17443,2,0.0666666666666666
10092,2,0.0
49227,8,0.0849056603773585
20415,6,-0.0596026490066224
18147,6,-0.0423452768729641
89587,10,0.0857142857142856
89608,0,-0.0333333333333333
49534,3,0.1558441558441559
50876,10,0.0463258785942493
49737,0,-0.1111111111111111
49745,10,0.0370370370370369
49817,0,-0.0517928286852589
49905,8,-0.0054644808743169
21178,0,-0.0318091451292246
59352,0,0.0185676392572944
26710,10,0.0913811007268952
59360,0,0.0833333333333332
89675,0,0.1029411764705883
24360,2,0.0625
33785,5,-0.0223214285714286
68523,0,-0.0303030303030302
33814,0,-0.0377358490566037
56223,4,-0.0355329949238578
43721,8,-0.1174377224199287
76489,0,0.0
22373,4,-0.043824701195219
62906,0,0.0493827160493827
59774,0,-0.0255102040816326
33849,3,0.5130023640661938
50404,0,0.0026041666666667
34067,0,0.1084905660377357
89755,10,0.0849056603773585
50623,6,0.0043859649122806
50666,5,0.0056179775280897
33937,4,0.028735632183908
51079,7,-0.0333333333333333
51263,0,-0.0309734513274336
90100,5,0.063063063063063
43668,0,-0.0161290322580645
15069,0,0.0248447204968944
51677,2,0.0
46703,0,0.0337078651685394
45751,0,0.0427215189873417
51693,0,0.1176470588235294
89886,0,-0.0833333333333333
34032,8,0.0769230769230768
51800,0,0.0192307692307691
51829,7,-0.015625
35705,0,0.0571428571428571
39538,6,0.0265486725663717
51933,5,-0.1374999999999999
89894,2,0.2794117647058822
51992,0,0.0823529411764705
52039,0,0.0
13119,8,-0.0534351145038167
52071,7,-0.0714285714285714
65357,6,-0.0145985401459853
43449,0,-0.0550161812297734
26729,9,-0.0287443267776096
52135,10,0.0555555555555555
89915,0,-0.0072992700729926
17478,6,0.024390243902439
52250,7,0.0410958904109588
50577,0,0.0701754385964912
52282,0,-0.1111111111111111
89931,0,-0.0288461538461538
52346,4,-0.196078431372549
10507,7,0.0740740740740741
52469,5,0.0
52581,0,-0.048780487804878
75407,6,0.0232558139534884
17005,0,-0.0729166666666666
52792,3,0.1127272727272727
52813,5,0.0405405405405405
22752,0,-0.0338983050847457
42796,8,0.3652173913043477
52919,10,0.0382882882882882
53015,0,-0.0561797752808989
53226,0,0.2666666666666666
55546,0,-0.044776119402985
53480,3,0.0748031496062993
53509,0,-0.0188679245283018
53576,3,-0.0388888888888888
53621,3,-0.0806916426512968
53640,3,0.0515463917525773
53859,4,-0.0149253731343284
48901,0,-0.0109890109890109
90211,2,0.04
54253,6,0.0291262135922329
22592,4,-0.0353200883002207
24248,4,-0.0227272727272727
15966,0,-0.0255754475703324
54675,10,-0.0476190476190476
54704,6,-0.032
54771,2,0.2545454545454546
54798,2,0.5
54827,6,0.0117647058823529
22023,0,0.1057692307692308
76591,10,0.146341463414634
42614,10,0.0689655172413792
67678,0,0.0957446808510638
55125,0,0.0214285714285713
55079,2,0.0
21290,0,0.0488721804511278
90310,10,-0.0857142857142857
55328,0,0.1
22779,10,-0.0245098039215686
12058,6,0.0029498525073745
13290,0,0.1014492753623188
28345,0,-0.0091743119266054
66640,9,0.1052631578947369
65365,0,-0.0413223140495867
69550,10,-0.2375
90342,3,0.0847457627118644
13303,0,-0.0671641791044775
41179,8,-0.0175438596491228
90377,0,0.0555555555555555
55993,2,0.25
56040,9,0.125
45487,4,0.0
47028,0,0.4186046511627908
25590,0,0.0044642857142858
17278,0,0.2189349112426035
53137,3,0.2380952380952381
56630,0,-0.1052631578947368
34497,0,-0.0860215053763441
56937,0,-0.1517857142857143
56945,5,0.2533333333333334
57067,0,0.1929824561403508
38658,4,0.0516129032258063
57251,8,-0.0196078431372549
57286,6,-0.087719298245614
64450,8,0.0105263157894737
34630,0,0.0561797752808987
34649,0,-0.029090909090909
24096,4,0.0320855614973261
60986,0,-0.0147783251231526
21207,0,0.0175438596491228
34673,0,0.0277777777777776
57534,0,-0.048780487804878
57577,6,-0.0555555555555555
48274,4,0.0098522167487684
61815,0,0.1049999999999999
57780,6,-0.048780487804878
66288,2,-0.1923076923076923
64311,0,-0.0274914089347079
49752,10,0.1384615384615384
28118,6,-0.0612244897959183
57999,2,0.0714285714285714
10062,0,0.0370370370370369
44206,4,0.0166666666666666
23931,0,-0.0367231638418079
24766,5,0.0679824561403508
58318,2,-0.0526315789473684
58334,0,-0.0158730158730159
58369,2,0.3333333333333332
34817,0,-0.0841121495327102
66018,0,0.0909090909090908
58756,0,0.0
58772,0,-0.0746268656716417
58799,7,0.1020408163265305
58836,0,0.0
34825,7,0.0871559633027523
58026,5,0.0578512396694215
34833,9,-0.0333333333333333
58975,4,0.2533333333333334
66667,2,-0.0476190476190476
59089,9,0.0476190476190476
59110,0,0.0222222222222221
56733,0,0.1384615384615384
23026,8,-0.0170454545454545
59222,5,-0.0256410256410256
13610,6,0.1166306695464363
64063,6,0.0357142857142858
63714,10,0.0685483870967742
27385,4,0.0233463035019454
59871,2,0.0833333333333332
59898,3,0.101123595505618
55036,0,-0.0508474576271186
90721,8,0.0441176470588235
60063,8,0.0153846153846153
60098,0,0.0152671755725191
20394,8,0.0822784810126582
51457,8,-0.0617977528089888
60186,0,0.0175438596491228
24811,9,0.0
44230,10,0.0277777777777776
69040,3,0.1578947368421053
22509,0,-0.0655737704918032
42112,0,-0.024390243902439
60506,9,-0.0660377358490565
16870,8,-0.005181347150259
60310,6,0.2967741935483872
66026,0,0.0044247787610618
42833,4,-0.0136054421768707
75083,5,-0.0576923076923077
61031,3,0.1129032258064515
22082,0,0.0307692307692306
61138,0,-0.0253164556962025
61146,0,-0.0273972602739726
61269,0,-0.05
41355,6,-0.0276073619631901
61322,0,0.0238095238095237
67037,4,0.1379310344827586
61496,5,-0.074074074074074
57509,2,0.125
68638,0,-0.0804597701149425
61640,0,0.0923076923076922
61787,0,0.0714285714285714
44353,0,0.2075471698113207
62010,0,-0.0039215686274509
22517,2,0.1363636363636364
62034,6,-0.0054644808743169
35203,3,0.5833333333333333
35211,4,-0.0613333333333333
13821,4,0.0380952380952381
13856,6,-0.0346666666666666
50550,0,-0.021505376344086
27713,0,0.0036764705882352
62341,0,-0.1052631578947368
21936,0,-0.0246913580246913
17806,6,-0.0097276264591439
21776,8,-0.0698689956331878
52898,0,0.0140845070422535
13901,0,0.0418848167539267
13928,9,-0.0706713780918727
62747,7,-0.0526315789473684
63088,9,-0.0086956521739129
63125,5,-0.0373831775700934
10120,0,-0.1407407407407407
24459,0,0.0124610591900311
43588,9,0.0252707581227435
63240,0,0.1780821917808219
53815,9,0.0869565217391303
63395,10,0.0142857142857142
35422,0,0.2195121951219512
60695,5,0.0734463276836159
26438,6,0.0174927113702623
63483,0,-0.0769230769230768
56143,4,-0.0234375
63300,2,-0.4324324324324324
17902,0,0.0210526315789474
49744,8,-0.0621301775147928
23501,4,0.0301204819277107
35529,0,-0.063157894736842
63811,3,0.2604166666666667
63830,0,-0.0491228070175439
64195,3,-0.0573770491803278
18163,9,0.0072595281306715
64291,9,-0.0256410256410256
55511,9,0.0608695652173914
64646,4,-0.008130081300813
22787,0,0.0714285714285714
25443,4,0.0058139534883721
65032,2,0.1052631578947369
64929,0,-0.0568181818181817
24539,0,0.0035971223021582
20183,9,-0.0697674418604651
64961,3,1.292682926829268
64996,0,0.06
65024,3,-0.0679611650485436
65083,3,-0.0283018867924528
27756,8,0.0608695652173914
65091,3,-0.1029411764705882
65155,7,-0.032258064516129
65163,0,0.1555555555555554
69649,0,0.0114942528735633
66683,9,-0.0746268656716417
46893,4,0.0481927710843372
52097,0,-0.0661764705882352
65700,5,-0.0491803278688525
65761,0,0.0
64346,8,0.1546052631578947
18286,7,0.1304347826086955
24942,6,-0.021180030257186
46228,0,0.2124999999999999
14154,2,0.0136986301369863
65964,0,-0.0481927710843373
91380,0,-0.0104529616724738
66078,0,0.1224489795918366
66086,10,0.1363636363636364
58771,0,-0.0853658536585365
76711,5,-0.0152439024390244
66369,3,0.2440944881889764
66393,9,0.2654867256637168
66422,10,0.0701754385964912
57146,0,0.0749999999999999
76282,0,-0.03954802259887
66545,10,0.1304347826086955
66553,3,0.1210526315789473
76482,0,-0.0923076923076923
66617,0,0.5932203389830508
66799,0,0.0158102766798418
76597,7,0.0316742081447964
18921,6,-0.044
66801,2,-0.38
66836,2,0.5161290322580645
59432,4,0.0891089108910891
46762,7,0.0740740740740741
67300,5,-0.0270270270270269
67345,3,0.0955882352941177
26737,0,0.0372093023255815
35991,10,-0.0843373493975904
23990,8,0.0279569892473119
64477,0,-0.0512820512820513
36003,0,-0.0103626943005181
39570,9,0.0
91564,6,0.0
45495,0,0.1206896551724137
67847,7,0.0303030303030302
26884,8,0.0042194092827003
54818,6,0.1505376344086022
66050,4,0.0
47490,0,-0.0265486725663717
68049,0,0.0714285714285714
27633,8,-0.0251256281407035
68102,10,0.0469798657718121
68161,0,0.1588785046728971
68196,0,0.0231213872832369
54199,4,0.028169014084507
27780,0,-0.0310559006211179
68313,0,0.0
68428,0,0.0119047619047618
46340,3,0.1899109792284865
65066,4,-0.136
76149,0,0.0260586319218241
68567,2,-0.0769230769230768
68591,5,0.0890410958904108
52943,0,0.2571428571428571
36177,5,-0.0049504950495049
91687,2,0.0232558139534884
68743,0,0.0909090909090908
76122,0,0.0133333333333334
22840,9,-0.0305676855895196
68938,4,0.0117647058823529
67715,4,-0.0663265306122449
69033,0,-0.05
23085,0,0.0693641618497109
69060,3,-0.0999999999999999
25013,2,0.0026881720430107
12253,5,0.1534653465346533
69244,0,-0.25
45671,0,-0.063953488372093
36257,0,0.0043859649122806
36281,10,-0.0157480314960629
69607,3,0.0
62690,4,0.1258741258741258
61049,0,0.0394088669950738
69885,0,0.1399999999999999
41574,0,0.0
70018,0,-0.2318181818181818
51625,0,0.0256410256410255
50243,9,-0.0999999999999999
54412,0,-0.1044776119402984
70280,6,0.0396039603960396
36468,6,-0.0171232876712328
56434,5,0.0635838150289016
67723,10,0.009433962264151
49138,0,-0.0270270270270269
70536,6,-0.044776119402985
70616,3,-0.0273224043715847
70632,3,-0.0777479892761394
70691,0,0.1428571428571428
70790,8,0.0681818181818181
19852,9,-0.085972850678733
45794,5,0.0294117647058822
60206,6,-0.0179640718562874
91871,2,0.54
21514,4,0.0583333333333333
71176,8,0.053921568627451
49437,0,-0.0129870129870129
15720,0,-0.0291970802919707
71475,4,-0.0136986301369863
18411,4,-0.0397727272727272
71555,0,-0.0588235294117647
55204,8,-0.0182481751824817
76091,0,0.0
58683,9,-0.0999999999999999
66093,8,0.0519480519480519
71942,4,-0.0263157894736841
71985,2,-0.1049382716049383
17523,4,-0.125
72072,4,0.0196078431372548
55060,7,-0.1666666666666666
11760,0,-0.05
72232,0,0.0909090909090908
44062,0,0.0987261146496816
72291,0,-0.0588235294117647
72304,3,0.0370370370370369
16715,2,-0.0306122448979592
39220,0,0.0063291139240506
36775,4,-0.1657754010695187
72494,6,-0.0058479532163743
36783,0,0.0566502463054188
43481,6,-0.0215827338129496
72523,0,0.1153846153846154
71124,8,-0.0350194552529182
43350,8,0.1167192429022081
92057,7,-0.2777777777777778
18438,8,0.0054644808743169
53399,5,0.0064102564102563
92073,2,-0.0059523809523809
36898,2,-0.0073529411764705
45882,3,0.1294964028776979
65074,0,0.0853658536585366
72980,0,-0.0384615384615384
18198,8,0.1887550200803212
36978,10,0.0057803468208093
58464,8,0.0682926829268293
73075,0,0.0769230769230768
73139,5,-0.0457142857142857
73219,0,0.0305343511450382
72733,4,0.0240384615384614
73438,0,-0.1851851851851852
14656,0,-0.0936170212765957
37022,0,-0.0625
26454,0,0.0186915887850467
20693,7,0.0769230769230768
73614,9,-0.0547945205479452
52396,9,-0.1530249110320284
47861,2,0.0759493670886075
73681,3,0.2753623188405796
44345,0,-0.2380952380952381
66739,4,0.0285714285714284
73940,5,-0.0885245901639344
43334,10,0.0
73956,7,0.3846153846153846
58625,4,0.0810810810810811
52038,0,-0.076305220883534
74086,3,-0.0046728971962616
37161,4,0.0058139534883721
61866,7,-0.1304347826086956
62420,3,0.0887096774193547
30728,0,0.0381679389312976
74406,4,0.032258064516129
18681,6,0.0452261306532664
74481,0,0.0476190476190476
39466,10,-0.0606060606060605
66333,0,-0.0477453580901856
74617,8,-0.0666666666666666
15560,5,0.0463157894736843
58704,2,-0.0983606557377049
42219,4,0.0686274509803921
37196,0,0.0887850467289719
74828,0,0.0434782608695651
74836,0,0.5172413793103448
44513,0,0.1239669421487603
74895,3,-0.1857142857142857
74908,0,0.1599999999999999
74932,8,-0.0309210526315789
57007,4,0.036697247706422
75030,0,-0.26
57736,0,0.1875
75089,2,0.125
43123,0,-0.0052356020942407
44329,6,-0.0212121212121212
63773,8,0.0580645161290322
60142,7,0.1538461538461537
75257,0,0.050561797752809
75273,5,-0.1157894736842105
66114,0,0.0
75388,2,0.0
75460,0,0.07
26542,9,-0.0226700251889169
43617,0,-0.1259842519685039
51369,3,-0.5374045801526717
37284,0,-0.0374999999999999
14736,8,-0.0244821092278719
15579,3,-0.5224
23579,10,0.0281425891181987
62092,0,0.0087719298245614
75986,5,-0.0374999999999999
38578,8,-0.0018484288354898
45129,6,-0.0283687943262411
11947,2,0.0
75270,0,0.0297029702970297
50606,6,-0.0246305418719211
76268,5,0.1923076923076923
14795,6,-0.0109589041095889
76340,7,-0.024390243902439
48696,3,-0.0512820512820513
37399,0,0.0652173913043479
14816,2,0.1076388888888888
61663,6,-0.0190839694656488
76639,0,0.1908396946564885
76807,0,0.2352941176470588
37460,0,0.0703125
76946,0,-0.0576923076923077
76962,3,0.0344827586206897
60003,7,-0.1724137931034483
45647,0,0.1999999999999999
65787,6,0.0489236790606653
77332,2,0.8421052631578947
55001,8,-0.0335820895522388
77367,0,0.1363636363636364
77463,0,-0.029940119760479
92591,0,0.0573770491803278
77527,5,0.05
48389,0,0.0416666666666667
62463,4,0.0652173913043479
75191,0,0.3764044943820224
59600,6,0.0207253886010363
45356,0,0.0749999999999999
76185,2,-0.0869565217391304
77730,9,0.0377833753148615
19596,10,0.0543933054393306
17929,4,0.0754716981132075
42569,0,-0.06
77973,0,0.0
78044,8,0.0
78095,0,0.0789473684210526
78116,7,0.1395348837209302
14883,0,0.011111111111111
15659,5,0.0215827338129497
44433,6,-0.047244094488189
24985,4,0.0035211267605634
14955,8,0.0769230769230768
78530,4,0.0163934426229508
78749,2,0.1333333333333333
92655,7,-0.0611111111111111
41371,0,-0.0714285714285714
28847,7,-0.1447368421052631
79119,0,0.0118577075098813
79250,0,0.0572916666666667
15077,0,0.0
79303,5,0.1012658227848102
17830,0,-0.0074404761904761
39087,0,0.0437956204379561
79330,3,0.1304347826086955
16117,0,-0.02803738317757
67360,4,0.0740740740740741
59619,8,-0.0039215686274509
16555,0,0.0465116279069768
79573,2,0.3125
79629,3,0.024390243902439
76472,7,-0.0338983050847457
79637,5,0.0826771653543307
14891,8,0.031111111111111
79776,0,0.0163934426229508
26606,4,-0.0136363636363636
43553,6,-0.009049773755656
79848,3,0.1139240506329113
79864,5,0.5
80128,6,-0.011111111111111
63044,5,0.1
27043,6,-0.0204081632653061
80566,9,-0.0333333333333333
37815,8,-0.0425531914893616
61700,0,-0.1333333333333333
80785,0,-0.1153846153846154
57808,0,-0.0121951219512195
14306,6,0.0167597765363127
92903,3,0.6774193548387097
81219,9,0.1764705882352941
15202,9,-0.0254629629629629
45137,0,-0.0254237288135593
56063,4,0.0344827586206897
81382,8,0.0280898876404493
81510,2,-0.1999999999999999
24678,0,0.0774962742175857
93009,10,0.05
21231,0,0.047945205479452
53225,0,0.0604243542435425
24969,4,0.0080645161290322
57381,8,-0.06
81700,5,0.5769230769230769
46420,3,-0.0147058823529411
46068,0,0.0446428571428572
81737,5,-0.0211267605633802
81753,2,0.1111111111111111
23034,2,0.0222222222222221
61233,5,0.0294117647058822
39562,10,-0.0802469135802469
45903,0,0.4210526315789473
42059,0,0.0089285714285713
46076,8,0.015625
63829,7,-0.108695652173913
66384,3,0.064516129032258
82326,0,0.3076923076923077
82502,0,0.124223602484472
39917,6,-0.016042780748663
45399,0,0.090566037735849
82959,0,0.1247443762781186
38156,0,-0.0067567567567567
64135,9,0.0224719101123596
38172,0,-0.0363636363636363
83142,0,-0.0606060606060605
24803,0,0.0415754923413567
66747,0,0.0749999999999999
23536,0,-0.0401785714285714
58819,4,0.0088495575221239
83345,4,0.0275229357798165
38375,8,0.0230769230769229
83396,4,-0.0408163265306122
42286,0,-0.025
83433,4,0.0660377358490567
44337,0,-0.0769230769230768
44476,3,-0.0527950310559006
51254,6,0.0384615384615385
75153,7,-0.2142857142857143
41072,0,-0.0354223433242506
63079,7,0.0740740740740741
83863,3,0.0943396226415094
59483,0,-0.0661157024793388
18067,9,-0.0285714285714285
43537,6,-0.0078740157480314
84102,0,0.0245901639344261
45970,4,0.0
84153,7,0.7142857142857142
84241,7,-0.0368098159509202
88832,3,0.28125
90756,0,0.08
90676,0,-0.0227272727272727
75368,0,-0.0333333333333333
93316,3,0.0833333333333332
60090,7,-0.1282051282051282
87426,0,0.0104166666666667
91492,7,1.1666666666666663
86642,0,0.0555555555555555
86167,0,-0.0707964601769911
68304,0,-0.0677966101694915
87856,9,0.0625
89763,3,-0.1224489795918367
85586,0,0.0810810810810811
90916,10,0.0
68452,9,0.1666666666666667
85893,0,0.3660714285714286
10019,6,0.1358024691358024
86765,2,-0.125
87223,0,0.0619469026548673
70332,0,0.1235294117647058
90537,10,0.2307692307692308
10116,2,0.0357142857142858
55985,2,-0.0909090909090909
90289,0,0.0
10080,0,-0.2380952380952381
10064,2,0.0
10035,10,-0.0471698113207547
85869,0,0.0394736842105263
85017,0,0.028169014084507
75894,7,-0.0291262135922329
75193,0,-0.037037037037037
75216,0,-0.1603053435114504
89499,10,0.0701754385964912
10147,0,-0.1038251366120218
10100,0,0.1612903225806452
38149,0,0.0476190476190476
88592,2,-0.25
86626,3,-0.1147540983606557
90852,0,-0.1785714285714286
50657,7,0.0
10140,4,-0.1999999999999999
10078,0,0.2025974025974026
10138,0,0.0795454545454545
10042,0,0.1081081081081081
10108,8,-0.0431034482758621
10214,10,-0.1111111111111111
10192,8,-0.0853658536585365
10143,0,0.7666666666666666
10200,2,0.2173913043478261
10235,10,0.1069182389937106
10163,7,0.0128205128205127
92100,0,-0.1020408163265306
68451,0,-0.0617647058823529
10272,3,-0.0158730158730159
10307,0,0.0909090909090908
10302,3,-0.1445497630331753
10299,3,0.0451612903225806
75072,5,-0.0091743119266054
10351,0,0.1538461538461537
10363,0,0.1885714285714286
11040,0,-0.024390243902439
10353,3,-0.0058479532163743
10071,0,0.2403100775193798
10382,0,0.0843373493975903
10394,2,0.1212121212121211
10383,0,0.0240963855421687
92260,7,0.25
10343,10,-0.0304054054054053
10043,8,0.0555555555555555
12282,0,-0.0535714285714286
10407,2,0.0526315789473683
10412,3,-0.0681818181818182
10442,0,-0.0652173913043477
76565,0,0.0428015564202335
10423,2,-0.125
10462,2,0.0370370370370369
10352,9,0.0757575757575756
10446,0,0.0476190476190476
10376,6,-0.0833333333333333
69809,7,-0.0909090909090909
10410,0,0.0353982300884956
70033,0,-0.0044843049327354
10371,7,-0.25
10421,10,0.117283950617284
10422,2,0.4545454545454546
10513,7,0.3837209302325581
68945,0,0.0727272727272727
10439,0,-0.0087719298245614
10530,0,0.2345679012345678
10606,4,0.064516129032258
10141,0,0.0588235294117647
75070,9,-0.1129032258064516
10597,3,-0.0476190476190476
75099,10,-0.0105263157894737
68857,0,-0.0455373406193078
85965,0,0.0384615384615385
10586,3,-0.1964285714285714
76123,6,-0.0040650406504064
10572,3,0.0288461538461537
10456,6,0.0285714285714284
10611,0,-0.0354609929078014
75469,4,0.1413043478260869
70252,6,-0.02803738317757
45225,10,0.0
10685,0,-0.0428571428571428
75596,4,-0.0194174757281553
10738,3,-0.0265486725663717
10693,0,0.2272727272727273
10713,6,0.0555555555555555
10649,0,0.2037037037037037
86597,7,0.1073825503355705
10704,0,-0.0408163265306122
86319,7,-0.0799999999999999
10749,6,0.0602409638554217
75517,10,-0.0389610389610389
10721,0,-0.037037037037037
10716,3,0.0942249240121579
75071,0,0.3333333333333332
10696,6,0.0088495575221239
10837,2,-0.0967741935483871
10765,2,-0.048780487804878
10745,0,0.0
10750,6,-0.0520231213872832
69489,0,0.1830985915492957
10791,5,0.0059523809523809
54245,7,-0.0909090909090909
93236,2,0.1764705882352941
10821,8,0.0612244897959184
10818,0,-0.0434782608695651
10194,10,0.1636363636363635
70500,6,0.0946745562130177
10828,0,0.0673076923076922
10830,3,-0.1956521739130434
11159,0,0.0109890109890109
70965,9,-0.0999999999999999
75224,0,0.1301587301587301
71191,0,0.2857142857142858
10484,2,-0.0128205128205127
10853,0,0.0795454545454545
10026,8,0.0425531914893617
10929,5,0.0157068062827225
10812,0,-0.024793388429752
10908,0,0.0909090909090908
75056,7,0.0882352941176469
10909,0,-0.4442190669371196
88779,10,-0.1715210355987054
10924,3,-0.1652173913043478
75222,0,-0.0148698884758364
10935,0,-0.0065359477124182
10933,5,0.1079429735234216
92866,0,0.0384615384615385
10443,0,0.0714285714285714
10032,10,0.0895522388059701
70375,7,-0.0833333333333333
11701,6,-0.0235294117647059
71538,9,0.127906976744186
10001,4,-0.0606060606060605
11014,0,-0.0476190476190476
10455,2,-0.2777777777777778
11038,3,0.2396694214876034
10657,0,0.0136054421768707
70674,0,0.0
71001,0,-0.0094562647754137
75215,0,-0.0677966101694915
65315,2,-0.0428571428571428
11037,9,-0.074074074074074
11127,2,0.205128205128205
11065,5,0.013157894736842
11036,3,-0.3913043478260869
75035,0,0.1578947368421053
10999,0,0.1384615384615384
71984,4,0.0162162162162162
11141,0,0.2272727272727273
75149,0,-0.125
11082,0,-0.2777777777777778
11923,2,0.0
10838,0,0.4705882352941177
10170,7,0.0434782608695651
10362,3,0.0573770491803278
10545,0,-0.023696682464455
11138,0,0.0925925925925925
10879,2,0.0
75523,0,0.046875
75084,10,-0.0625
11194,0,-0.0795454545454545
11217,0,-0.2580645161290322
11031,0,0.0
11265,7,0.0416666666666667
72100,0,0.0416666666666667
11277,3,0.3055555555555556
11246,0,0.078125
92508,7,-0.0087719298245614
11192,3,0.1181434599156117
29621,2,-0.0754716981132075
11283,5,0.0738636363636364
11291,9,0.0505050505050506
11347,10,-0.1650485436893204
75545,10,-0.375
11345,3,-0.0095238095238094
11314,0,0.2758620689655173
11372,0,0.0454545454545454
11342,0,0.1219512195121952
11415,10,-0.0591397849462365
11365,3,-0.0928961748633879
11385,3,0.5081967213114753
11339,3,-0.0332326283987914
11000,0,-0.0144927536231883
11346,7,0.1666666666666667
11371,5,0.1066176470588236
75058,4,0.1176470588235294
11378,4,-0.0319148936170212
11384,6,-0.0511627906976743
11416,0,0.1
11393,0,0.1403508771929824
11401,3,0.1
11409,0,0.2222222222222223
11425,0,0.0
75103,0,-0.0454545454545454
11403,3,-0.0397350993377483
11170,0,0.0915032679738561
11452,4,0.2586206896551724
11478,0,-0.048780487804878
10863,3,-0.2564102564102564
11465,0,-0.0791366906474819
10857,7,-0.0342857142857142
11483,10,0.0363636363636363
11531,3,0.0427350427350428
75101,7,0.0
75111,0,0.04
11571,2,0.0
11525,0,-0.0149253731343284
75470,3,0.08
75053,9,0.0240384615384614
11545,7,0.1282051282051282
11215,9,-0.0660377358490565
11552,0,0.3387096774193547
11522,0,-0.1477832512315271
91003,3,-0.0466101694915254
75107,0,-0.0425531914893616
75553,0,0.1714285714285714
11547,0,-0.0327868852459016
11554,3,0.0226244343891401
75554,5,0.3
75173,7,-0.048780487804878
75375,10,0.1140350877192981
11600,0,-0.0033444816053511
75002,4,-0.0117647058823529
75558,5,0.00625
75104,0,-0.0442260442260442
10451,10,-0.0571428571428571
11638,2,0.1111111111111111
11641,7,0.0
11622,8,0.0476190476190476
11662,0,-0.1071428571428571
11533,0,-0.0545454545454545
11630,0,-0.0789473684210526
11591,0,0.125
75196,0,-0.1333333333333333
11723,7,0.4499999999999999
11775,0,0.0210526315789474
11773,0,-0.0185185185185184
11761,5,0.0555555555555555
75233,7,0.0526315789473683
11678,5,-0.0212765957446808
75186,5,0.010840108401084
11534,0,-0.0909090909090909
11590,7,-0.3043478260869565
11184,5,-0.0201342281879194
75244,2,0.0
11809,2,-0.1935483870967742
51190,0,0.0377358490566037
19289,5,-0.0267857142857143
11731,0,-0.044334975369458
75106,9,0.0026041666666667
11873,0,0.0792079207920792
22074,0,0.0056179775280897
11338,7,0.0540540540540539
75261,8,0.0228571428571429
37217,0,-0.0135135135135134
75272,3,-0.5086206896551724
11599,6,-0.125
11726,2,0.0
11764,10,-0.2291666666666666
75262,2,0.0
11618,0,-0.0149253731343284
11958,0,0.0235849056603774
11896,3,0.2896405919661733
11913,0,-0.1165048543689319
75902,7,0.1200000000000001
11861,0,0.0128205128205127
10574,7,-0.1904761904761904
76633,2,-0.1428571428571429
75266,10,0.0769230769230768
75577,3,0.1195530726256983
11853,2,-0.0799999999999999
11908,3,0.044
75241,0,0.1032258064516129
75259,5,0.0497925311203319
62084,7,0.2272727272727273
75320,6,0.0408921933085502
10967,10,-0.0092592592592593
11796,3,-0.196078431372549
75308,4,0.0075187969924812
11927,0,-0.0273972602739726
10901,10,-0.0833333333333333
75316,8,0.0373831775700934
11891,0,0.0151515151515151
75228,0,0.0621761658031088
75286,0,-0.1698113207547169
11994,9,0.0298850574712643
75288,8,-0.0153846153846153
11964,10,-0.0857142857142857
11849,0,0.0714285714285714
11509,0,0.0816326530612245
11874,4,0.0142857142857142
11899,3,0.1212121212121211
75328,0,-0.13
11936,6,-0.007380073800738
11819,0,0.1666666666666667
11752,0,0.1244979919678714
11970,7,-0.1066666666666666
11468,2,-0.1739130434782608
12193,2,0.1666666666666667
75294,9,-0.1220657276995305
75295,3,0.032258064516129
12149,0,0.0692307692307692
75579,10,0.0
12067,3,-0.0760188087774295
75573,0,0.0595744680851064
11917,3,-0.0113636363636363
11887,0,-0.2162162162162162
11976,5,-0.4499999999999999
29496,2,0.0410958904109588
75359,5,-0.021978021978022
75326,8,0.0087336244541484
11998,0,0.1571428571428572
12284,2,0.03125
75880,9,0.0906249999999999
75348,0,-0.017391304347826
12048,0,-0.0727272727272727
75585,0,0.0270270270270269
12259,3,0.0684931506849315
75422,0,-0.0348837209302325
76635,6,-0.029891304347826
12226,0,-0.0277777777777777
12260,7,-0.0555555555555555
12265,0,-0.0324675324675324
12074,5,0.1451612903225807
12199,0,-0.0227272727272727
12214,0,-0.1739130434782608
11502,7,0.0052910052910053
12062,0,0.0373831775700934
12190,7,0.0833333333333332
75333,4,0.0514469453376205
75462,8,0.0124999999999999
75432,0,0.0265155555555556
75383,0,0.0269058295964126
75444,10,0.0
75445,3,0.0227272727272727
12174,3,0.1224489795918366
75448,3,0.0349264705882352
75702,0,-0.0080645161290322
12131,5,0.2708333333333332
75479,0,-0.0697674418604651
75672,10,0.375
10278,4,-0.0601503759398496
61671,0,-0.0161290322580645
64071,0,0.3931034482758619
75449,8,0.0426829268292683
12169,0,-0.0930232558139535
75591,5,-0.0826210826210825
75483,9,-0.0988372093023255
12215,2,0.09375
75482,5,-0.0066225165562914
75447,3,-0.0425531914893616
76573,0,0.0650602409638554
75730,3,-0.1653225806451612
10425,0,-0.0303030303030302
75604,0,-0.0112359550561798
63467,6,0.0418848167539267
75647,0,0.0833333333333332
75957,0,0.056338028169014
75488,10,0.0833333333333332
75485,7,-0.119047619047619
76667,8,-0.0592105263157894
75649,0,0.0606060606060605
75878,2,-0.0422535211267606
76133,0,0.0785714285714285
75593,3,0.0470588235294118
75646,6,0.0041322314049587
75602,0,-0.0258064516129031
75597,0,0.0
75875,0,0.0166666666666666
75490,3,-0.0040485829959514
75609,0,-0.0333333333333333
75627,0,0.0714285714285714
75606,0,0.0434782608695651
75607,3,0.0596330275229357
75654,3,-0.0074626865671642
75954,0,0.1333333333333333
75795,2,-0.053570612244898
75815,4,0.06
75603,0,0.1847826086956521
75818,3,0.0393258426966292
75808,0,0.0133928571428572
75801,9,0.0689655172413792
75651,7,-0.1739130434782608
75800,2,-0.0714285714285714
75608,7,-0.0578947368421052
76070,4,-0.0150375939849624
75825,0,0.0751445086705202
75853,2,-0.0517241379310344
75945,10,-0.020242914979757
75854,3,-0.203030303030303
85201,9,0.0495867768595041
13152,0,0.0270270270270269
76148,0,-0.03125
78717,5,0.0619469026548673
15580,0,0.0625
75831,5,0.1472081218274112
11748,0,0.078125
75828,0,0.0519031141868511
75834,0,-0.047244094488189
75835,0,0.2542372881355932
75503,0,0.5217391304347827
10669,0,0.4333333333333333
75660,7,0.3
10290,8,-0.0097087378640776
75850,10,0.0996563573883162
11713,0,0.08
75551,2,-0.0363636363636363
69906,2,-0.0909090909090909
75794,0,-0.2318840579710145
43837,0,0.0740740740740741
75833,2,-0.1249982608695653
75858,3,-0.0555555555555555
75861,0,-0.0394736842105263
75862,7,-0.2222222222222222
75822,2,0.0
75819,10,-0.084942084942085
75873,7,0.0786516853932584
75849,2,0.171875
75866,2,0.0689655172413792
75913,0,-0.0555555555555555
75888,0,0.0703125
75914,0,-0.1111111111111111
75881,0,0.2923076923076924
91265,7,0.1111111111111111
75900,0,-0.0124999999999999
75904,6,0.0909090909090908
63562,2,-0.0769230769230768
76177,7,-0.0448717948717948
75929,0,-0.0903426791277258
76090,2,0.186046511627907
76082,0,0.0357142857142858
76085,8,-0.0106951871657754
76236,7,-0.0326086956521739
76079,9,-0.0161290322580645
76080,7,-0.0909090909090909
76095,3,-0.0563380281690141
76098,3,-0.0999999999999999
76101,0,0.0833333333333332
76142,0,0.0225225225225225
76104,5,0.0212765957446807
76111,0,-0.09375
76131,8,-0.0445205479452054
76127,0,0.15625
76128,3,-0.0105263157894737
76110,0,0.5818181818181818
76162,5,-0.026615969581749
76271,0,-0.0172413793103448
76637,4,0.0555555555555555
76135,6,0.1366120218579234
76134,4,0.1052631578947369
76146,4,-0.0601503759398496
76139,9,-0.0283687943262411
76165,3,-0.0682926829268292
76169,7,0.3389830508474576
76392,0,-0.015625
76170,2,0.2307692307692308
76199,0,-0.0804597701149425
76195,0,0.0204081632653061
76194,2,0.125
76150,2,0.0714285714285714
76171,0,-0.0408163265306122
76200,2,0.0
76367,7,-0.0694444444444444
76201,3,-0.6423357664233577
76207,0,0.1720430107526882
84911,10,0.0472440944881888
76212,0,0.1529411764705881
76267,0,0.1666666666666667
76214,0,0.0193548387096773
76248,10,0.0072992700729928
76222,2,0.0476190476190476
76238,0,0.0366492146596859
76453,0,-0.1386861313868613
76240,6,0.0050251256281406
76228,7,-0.081081081081081
76230,3,-0.0551470588235294
76231,3,0.2297297297297298
76223,0,0.2201834862385321
76366,0,0.2777777777777777
76272,0,0.0596026490066226
11644,0,0.0135135135135135
76261,0,-0.0833333333333333
76259,0,0.0843373493975903
76257,3,0.0360360360360361
76258,2,-0.0666666666666666
76263,6,-0.0284810126582278
76281,7,-0.2435897435897436
76264,0,-0.0326086956521739
76224,5,-0.0625
76278,0,0.2121212121212121
76232,0,-0.025
76477,5,0.0532212885154061
76475,0,0.3529411764705883
76520,0,0.0666666666666666
75382,7,0.0268456375838925
76507,3,0.1165919282511209
76553,0,0.0909090909090908
76910,7,0.3153153153153154
76566,5,-0.0326086956521739
76578,0,-0.019108280254777
76556,0,0.0
76593,9,0.1228070175438595
76582,0,0.1384615384615384
76584,3,-0.5349264705882353
76586,2,0.3846153846153846
76587,0,0.1410256410256409
76632,0,0.1111111111111111
76596,0,-0.0335570469798657
76614,7,0.1770334928229664
76609,0,0.053191489361702
76617,9,0.0384615384615385
76618,0,0.0063291139240506
76619,0,0.2421875
76621,0,0.1009174311926606
76622,0,-0.3732394366197182
76624,3,0.1095505617977528
76625,3,0.0374331550802138
76627,0,0.08
76630,0,-0.3199999999999999
76653,10,-0.1423076923076923
76656,0,0.375
76657,2,0.0491803278688525
76837,9,-0.0282485875706214
76638,0,0.0072463768115942
76660,0,0.1927710843373493
76640,5,0.0085959885386819
76664,5,-0.0629921259842519
76683,0,0.0576923076923077
76686,0,0.1
76695,2,-0.1325301204819277
76698,0,0.1872340425531915
76699,0,0.5
19968,8,-0.0604026845637584
76702,10,-0.0752688172043011
76704,0,0.0988549930971927
76706,0,0.1627906976744186
76705,2,0.25
76707,0,0.0707964601769912
76709,10,0.1016260162601625
76710,9,0.3255813953488371
76676,9,-0.0273972602739726
76712,0,-0.0198675496688741
76713,0,-0.0476190476190476
76717,2,0.4838709677419355
76720,0,0.2209302325581394
76721,5,0.0
76678,2,-0.1724137931034483
76718,2,0.1372549019607842
76732,6,-0.108695652173913
76758,5,0.0775193798449611
76734,5,-0.0303030303030302
76759,2,0.0087719298245614
76737,0,0.21875
76740,3,-0.0338983050847457
76762,2,0.0
76741,0,-0.25
76749,0,0.1833333333333333
76768,3,-0.099290780141844
76746,2,-0.0619469026548672
76750,8,0.0338983050847456
76755,0,0.0
76764,9,-0.0071428571428571
76754,0,0.0584958217270195
66122,0,0.0145772594752187
